1500

1
1
4
2
27
0
2
10
268435456
1000
500
10
1
0
1
0
0
1

1
1
2
1
35
0
0
9
67108864
4000
500
1
0
1
0
0
1

1
1
2
1
54
0
0
9
134217728
4000
1000
1
0
1
0
0
1

1
1
8
1
64
0
2
10
67108864
1000
500
1000
1
0
1
0
0
1

1
1
4
2
86
0
1
11
67108864
4000
50
81
0
1
0
1
0
0
1
1
1
8
1
104
0
0
9
67108864
4000
50
1
0
1
0
0
1

1
1
1
1
122
0
0
9
134217728
1000
50
1
0
1
0
0
1

1
1
1
1
141
0
0
9
268435456
3000
500
1
0
1
0
0
1

1
1
4
2
143
0
1
12
268435456
2000
500
30
1
1
0
1
0
0
1
0
1
1
1
1
146
0
1
11
67108864
4000
1000
63
0
1
0
1
0
0
1
1
1
2
1
173
0
0
9
134217728
4000
50
1
0
1
0
0
1

1
1
1
1
180
0
1
11
67108864
3000
1000
40
0
1
0
1
0
0
1
1
1
4
2
181
0
1
11
268435456
2000
500
25
0
1
0
1
0
0
1
1
1
4
1
187
0
1
12
67108864
2000
50
3
1
1
0
1
0
0
1
0
1
1
4
4
188
0
0
9
268435456
3000
500
1
0
1
0
0
1

1
1
8
4
214
0
2
10
134217728
1000
1000
1000
1
0
1
0
0
1

1
1
1
1
244
0
0
9
67108864
4000
500
1
0
1
0
0
1

1
1
4
4
257
0
1
12
67108864
1000
500
46
1
1
0
1
0
0
1
0
1
1
2
1
260
0
1
12
268435456
1000
100
44
1
1
0
1
0
0
1
0
1
1
1
1
278
0
1
11
134217728
2000
1000
91
0
1
0
1
0
0
1
1
1
2
1
306
0
0
9
268435456
3000
500
1
0
1
0
0
1

1
1
4
4
318
0
2
10
67108864
3000
50
10
1
0
1
0
0
1

1
1
8
4
321
0
0
9
67108864
1000
500
1
0
1
0
0
1

1
1
4
4
344
0
1
11
268435456
2000
250
2
0
1
0
1
0
0
1
1
1
8
8
361
0
1
11
134217728
3000
100
87
0
1
0
1
0
0
1
1
1
8
4
372
0
1
12
134217728
2000
250
24
1
1
0
1
0
0
1
0
1
1
8
8
374
0
1
12
134217728
2000
500
84
1
1
0
1
0
0
1
0
1
1
4
2
399
0
1
11
268435456
1000
250
39
0
1
0
1
0
0
1
1
1
2
1
404
0
1
11
67108864
3000
50
52
0
1
0
1
0
0
1
1
1
4
2
431
0
0
9
268435456
3000
100
1
0
1
0
0
1

1
1
1
1
432
0
2
10
268435456
3000
250
1
1
0
1
0
0
1

1
1
1
1
442
0
0
9
268435456
3000
500
1
0
1
0
0
1

1
1
4
2
450
0
1
11
134217728
3000
250
67
0
1
0
1
0
0
1
1
1
2
1
474
0
2
10
268435456
3000
500
1
1
0
1
0
0
1

1
1
1
1
482
0
2
10
67108864
2000
100
1
1
0
1
0
0
1

1
1
2
2
488
0
1
11
67108864
4000
50
76
0
1
0
1
0
0
1
1
1
1
1
517
0
2
10
268435456
1000
100
5
1
0
1
0
0
1

1
1
2
1
534
0
0
9
67108864
4000
500
1
0
1
0
0
1

1
1
1
1
550
0
0
9
268435456
2000
500
1
0
1
0
0
1

1
1
1
1
553
0
2
10
134217728
4000
250
5
1
0
1
0
0
1

1
1
1
1
575
0
1
11
134217728
1000
50
84
0
1
0
1
0
0
1
1
1
2
1
599
0
0
9
67108864
1000
50
1
0
1
0
0
1

1
1
8
1
616
0
1
12
268435456
3000
500
60
1
1
0
1
0
0
1
0
1
1
4
2
638
0
2
10
268435456
2000
50
100
1
0
1
0
0
1

1
1
2
1
662
0
0
9
67108864
2000
1000
1
0
1
0
0
1

1
1
2
1
666
0
0
9
134217728
2000
100
1
0
1
0
0
1

1
1
2
1
685
0
2
10
268435456
1000
100
100
1
0
1
0
0
1

1
1
2
2
712
0
2
10
268435456
3000
500
5
1
0
1
0
0
1

1
1
8
8
740
0
1
11
67108864
2000
1000
50
0
1
0
1
0
0
1
1
1
2
1
753
0
2
10
268435456
3000
50
5
1
0
1
0
0
1

1
1
8
4
781
0
0
9
268435456
3000
500
1
0
1
0
0
1

1
1
1
1
811
0
0
9
67108864
4000
500
1
0
1
0
0
1

1
1
4
4
835
0
2
10
134217728
4000
50
1
1
0
1
0
0
1

1
1
1
1
855
0
0
9
268435456
1000
250
1
0
1
0
0
1

1
1
2
1
870
0
1
11
268435456
1000
500
23
0
1
0
1
0
0
1
1
1
4
4
871
0
2
10
134217728
1000
100
10
1
0
1
0
0
1

1
1
1
1
877
0
0
9
268435456
1000
500
1
0
1
0
0
1

1
1
2
1
902
0
0
9
134217728
1000
100
1
0
1
0
0
1

1
1
2
1
926
0
1
12
268435456
2000
250
97
1
1
0
1
0
0
1
0
1
1
2
1
950
0
2
10
268435456
1000
250
5
1
0
1
0
0
1

1
1
1
1
980
0
1
12
134217728
3000
500
49
1
1
0
1
0
0
1
0
1
1
1
1
996
0
2
10
268435456
3000
250
1
1
0
1
0
0
1

1
1
8
1
1022
0
1
11
67108864
3000
500
23
0
1
0
1
0
0
1
1
1
4
1
1023
0
1
11
268435456
3000
250
17
0
1
0
1
0
0
1
1
1
4
2
1031
0
2
10
67108864
1000
500
10
1
0
1
0
0
1

1
1
4
2
1048
0
1
11
67108864
4000
250
77
0
1
0
1
0
0
1
1
1
2
2
1067
0
2
10
268435456
1000
500
1
1
0
1
0
0
1

1
1
1
1
1088
0
2
10
134217728
1000
500
1000
1
0
1
0
0
1

1
1
8
8
1105
0
0
9
67108864
1000
1000
1
0
1
0
0
1

1
1
4
2
1132
0
1
12
268435456
2000
500
67
1
1
0
1
0
0
1
0
1
1
2
1
1139
0
0
9
67108864
1000
50
1
0
1
0
0
1

1
1
2
1
1160
0
2
10
268435456
3000
500
1
1
0
1
0
0
1

1
1
8
1
1162
0
1
11
134217728
4000
500
25
0
1
0
1
0
0
1
1
1
8
1
1170
0
2
10
134217728
3000
250
100
1
0
1
0
0
1

1
1
2
2
1179
0
2
10
134217728
4000
250
100
1
0
1
0
0
1

1
1
2
1
1206
0
0
9
268435456
1000
250
1
0
1
0
0
1

1
1
4
2
1220
0
0
9
134217728
3000
500
1
0
1
0
0
1

1
1
4
2
1248
0
0
9
67108864
2000
250
1
0
1
0
0
1

1
1
8
1
1266
0
2
10
134217728
4000
500
5
1
0
1
0
0
1

1
1
2
1
1270
0
2
10
67108864
1000
500
5
1
0
1
0
0
1

1
1
2
2
1274
0
2
10
268435456
2000
100
100
1
0
1
0
0
1

1
1
4
1
1302
0
0
9
67108864
1000
250
1
0
1
0
0
1

1
1
4
2
1327
0
1
12
67108864
2000
250
50
1
1
0
1
0
0
1
0
1
1
2
1
1343
0
2
10
67108864
1000
50
100
1
0
1
0
0
1

1
1
8
4
1352
0
1
12
268435456
3000
500
0
1
1
0
1
0
0
1
0
1
1
2
2
1374
0
2
10
134217728
4000
250
5
1
0
1
0
0
1

1
1
8
1
1377
0
2
10
134217728
4000
100
5
1
0
1
0
0
1

1
1
1
1
1381
0
0
9
134217728
1000
500
1
0
1
0
0
1

1
1
4
2
1393
0
1
12
134217728
3000
1000
86
1
1
0
1
0
0
1
0
1
1
2
1
1403
0
1
12
268435456
3000
50
57
1
1
0
1
0
0
1
0
1
1
1
1
1421
0
2
10
67108864
2000
250
1
1
0
1
0
0
1

1
1
4
2
1446
0
2
10
134217728
4000
100
1000
1
0
1
0
0
1

1
1
8
1
1459
0
0
9
67108864
2000
50
1
0
1
0
0
1

1
1
8
8
1471
0
1
12
134217728
4000
500
85
1
1
0
1
0
0
1
0
1
1
1
1
1495
0
0
9
134217728
1000
250
1
0
1
0
0
1

1
1
4
4
1523
0
1
11
67108864
2000
1000
48
0
1
0
1
0
0
1
1
1
4
2
1527
0
2
10
134217728
1000
50
100
1
0
1
0
0
1

1
1
2
1
1556
0
1
11
134217728
1000
1000
54
0
1
0
1
0
0
1
1
1
8
1
1563
0
1
12
134217728
2000
500
44
1
1
0
1
0
0
1
0
1
1
8
2
1592
0
2
10
67108864
4000
250
5
1
0
1
0
0
1

1
1
2
1
1619
0
1
11
268435456
3000
500
17
0
1
0
1
0
0
1
1
1
4
4
1626
0
1
11
134217728
4000
500
43
0
1
0
1
0
0
1
1
1
2
1
1651
0
0
9
67108864
3000
500
1
0
1
0
0
1

1
1
4
2
1657
0
2
10
134217728
1000
50
5
1
0
1
0
0
1

1
1
2
1
1674
0
0
9
67108864
1000
100
1
0
1
0
0
1

1
1
4
4
1702
0
0
9
67108864
1000
50
1
0
1
0
0
1

1
1
2
2
1721
0
0
9
268435456
3000
100
1
0
1
0
0
1

1
1
1
1
1737
0
0
9
268435456
2000
100
1
0
1
0
0
1

1
1
1
1
1748
0
1
12
134217728
4000
1000
53
1
1
0
1
0
0
1
0
1
1
8
1
1754
0
1
11
134217728
1000
1000
20
0
1
0
1
0
0
1
1
1
1
1
1783
0
2
10
134217728
1000
100
1
1
0
1
0
0
1

1
1
4
2
1813
0
1
12
134217728
2000
1000
16
1
1
0
1
0
0
1
0
1
1
4
1
1842
0
2
10
268435456
2000
50
5
1
0
1
0
0
1

1
1
1
1
1865
0
0
9
67108864
1000
500
1
0
1
0
0
1

1
1
2
2
1881
0
2
10
67108864
4000
1000
1000
1
0
1
0
0
1

1
1
8
1
1908
0
0
9
268435456
2000
500
1
0
1
0
0
1

1
1
1
1
1909
0
0
9
268435456
2000
100
1
0
1
0
0
1

1
1
8
1
1927
0
2
10
134217728
4000
500
5
1
0
1
0
0
1

1
1
8
4
1933
0
1
11
268435456
3000
500
53
0
1
0
1
0
0
1
1
1
1
1
1945
0
1
12
67108864
1000
1000
20
1
1
0
1
0
0
1
0
1
1
8
1
1970
0
0
9
67108864
4000
250
1
0
1
0
0
1

1
1
4
2
1974
0
2
10
268435456
1000
500
1
1
0
1
0
0
1

1
1
8
2
1989
0
0
9
67108864
4000
100
1
0
1
0
0
1

1
1
1
1
2004
0
1
12
134217728
4000
500
18
1
1
0
1
0
0
1
0
1
1
2
1
2028
0
0
9
67108864
4000
50
1
0
1
0
0
1

1
1
4
2
2030
0
2
10
268435456
2000
500
10
1
0
1
0
0
1

1
1
2
2
2050
0
2
10
268435456
2000
50
100
1
0
1
0
0
1

1
1
8
8
2078
0
0
9
268435456
3000
50
1
0
1
0
0
1

1
1
1
1
2097
0
1
11
134217728
3000
500
11
0
1
0
1
0
0
1
1
1
8
8
2106
0
1
11
67108864
4000
100
68
0
1
0
1
0
0
1
1
1
8
2
2135
0
2
10
268435456
3000
50
1000
1
0
1
0
0
1

1
1
2
2
2143
0
0
9
268435456
3000
50
1
0
1
0
0
1

1
1
8
2
2150
0
0
9
134217728
3000
50
1
0
1
0
0
1

1
1
2
1
2169
0
0
9
134217728
3000
250
1
0
1
0
0
1

1
1
1
1
2178
0
2
10
134217728
3000
50
1000
1
0
1
0
0
1

1
1
8
2
2207
0
2
10
134217728
3000
250
1
1
0
1
0
0
1

1
1
4
1
2221
0
2
10
67108864
1000
1000
100
1
0
1
0
0
1

1
1
2
1
2238
0
0
9
268435456
1000
50
1
0
1
0
0
1

1
1
1
1
2261
0
0
9
67108864
2000
250
1
0
1
0
0
1

1
1
1
1
2286
0
0
9
268435456
2000
50
1
0
1
0
0
1

1
1
8
8
2293
0
0
9
268435456
3000
500
1
0
1
0
0
1

1
1
2
2
2317
0
2
10
134217728
4000
100
1000
1
0
1
0
0
1

1
1
1
1
2326
0
1
11
67108864
3000
500
53
0
1
0
1
0
0
1
1
1
8
8
2331
0
1
12
268435456
1000
100
88
1
1
0
1
0
0
1
0
1
1
4
1
2333
0
2
10
134217728
3000
250
1000
1
0
1
0
0
1

1
1
4
2
2339
0
2
10
67108864
2000
50
10
1
0
1
0
0
1

1
1
4
2
2345
0
2
10
134217728
2000
50
100
1
0
1
0
0
1

1
1
4
4
2375
0
1
11
268435456
2000
100
98
0
1
0
1
0
0
1
1
1
2
2
2405
0
0
9
268435456
3000
500
1
0
1
0
0
1

1
1
8
1
2428
0
1
12
67108864
3000
100
39
1
1
0
1
0
0
1
0
1
1
1
1
2443
0
2
10
268435456
3000
100
100
1
0
1
0
0
1

1
1
4
1
2451
0
0
9
134217728
3000
500
1
0
1
0
0
1

1
1
1
1
2467
0
1
11
134217728
3000
500
16
0
1
0
1
0
0
1
1
1
4
2
2492
0
0
9
268435456
1000
500
1
0
1
0
0
1

1
1
2
1
2518
0
0
9
268435456
3000
500
1
0
1
0
0
1

1
1
1
1
2548
0
2
10
67108864
2000
250
1
1
0
1
0
0
1

1
1
8
4
2576
0
1
11
67108864
4000
250
19
0
1
0
1
0
0
1
1
1
4
2
2588
0
0
9
67108864
3000
1000
1
0
1
0
0
1

1
1
1
1
2611
0
0
9
67108864
2000
500
1
0
1
0
0
1

1
1
2
1
2641
0
2
10
67108864
2000
250
100
1
0
1
0
0
1

1
1
2
1
2644
0
0
9
67108864
4000
500
1
0
1
0
0
1

1
1
8
8
2650
0
1
11
134217728
3000
100
23
0
1
0
1
0
0
1
1
1
2
1
2671
0
1
12
268435456
3000
100
27
1
1
0
1
0
0
1
0
1
1
1
1
2687
0
1
12
67108864
1000
50
49
1
1
0
1
0
0
1
0
1
1
2
2
2699
0
0
9
67108864
2000
1000
1
0
1
0
0
1

1
1
4
2
2708
0
2
10
268435456
3000
250
1
1
0
1
0
0
1

1
1
8
1
2720
0
1
12
134217728
4000
1000
13
1
1
0
1
0
0
1
0
1
1
4
2
2725
0
2
10
67108864
3000
250
1
1
0
1
0
0
1

1
1
8
4
2727
0
2
10
67108864
2000
50
1
1
0
1
0
0
1

1
1
8
4
2738
0
0
9
67108864
2000
1000
1
0
1
0
0
1

1
1
1
1
2740
0
0
9
134217728
3000
50
1
0
1
0
0
1

1
1
8
8
2756
0
0
9
67108864
4000
250
1
0
1
0
0
1

1
1
2
1
2774
0
0
9
268435456
2000
50
1
0
1
0
0
1

1
1
8
4
2781
0
1
11
268435456
3000
100
47
0
1
0
1
0
0
1
1
1
8
4
2782
0
2
10
268435456
1000
100
10
1
0
1
0
0
1

1
1
8
1
2783
0
0
9
134217728
1000
1000
1
0
1
0
0
1

1
1
4
2
2810
0
0
9
134217728
2000
250
1
0
1
0
0
1

1
1
8
2
2834
0
2
10
268435456
3000
500
5
1
0
1
0
0
1

1
1
2
2
2837
0
2
10
67108864
2000
50
5
1
0
1
0
0
1

1
1
1
1
2848
0
0
9
67108864
1000
50
1
0
1
0
0
1

1
1
1
1
2876
0
2
10
268435456
2000
250
100
1
0
1
0
0
1

1
1
4
2
2890
0
0
9
134217728
2000
250
1
0
1
0
0
1

1
1
1
1
2892
0
0
9
268435456
2000
50
1
0
1
0
0
1

1
1
8
1
2903
0
1
11
67108864
3000
250
89
0
1
0
1
0
0
1
1
1
2
1
2922
0
0
9
134217728
2000
1000
1
0
1
0
0
1

1
1
1
1
2946
0
1
11
134217728
3000
1000
90
0
1
0
1
0
0
1
1
1
2
1
2950
0
0
9
134217728
3000
500
1
0
1
0
0
1

1
1
4
4
2957
0
1
11
67108864
2000
250
38
0
1
0
1
0
0
1
1
1
4
2
2967
0
1
12
134217728
2000
100
5
1
1
0
1
0
0
1
0
1
1
1
1
2971
0
0
9
268435456
3000
50
1
0
1
0
0
1

1
1
1
1
2980
0
2
10
67108864
1000
100
10
1
0
1
0
0
1

1
1
8
2
3006
0
2
10
134217728
3000
100
100
1
0
1
0
0
1

1
1
1
1
3020
0
1
11
134217728
2000
50
68
0
1
0
1
0
0
1
1
1
2
2
3030
0
0
9
67108864
3000
1000
1
0
1
0
0
1

1
1
8
1
3035
0
1
11
134217728
2000
500
20
0
1
0
1
0
0
1
1
1
1
1
3045
0
1
11
134217728
4000
500
32
0
1
0
1
0
0
1
1
1
8
2
3075
0
1
12
268435456
1000
100
3
1
1
0
1
0
0
1
0
1
1
1
1
3101
0
2
10
134217728
1000
100
100
1
0
1
0
0
1

1
1
4
2
3125
0
1
11
134217728
3000
1000
88
0
1
0
1
0
0
1
1
1
1
1
3155
0
1
12
134217728
1000
100
84
1
1
0
1
0
0
1
0
1
1
1
1
3185
0
2
10
268435456
3000
500
10
1
0
1
0
0
1

1
1
8
1
3197
0
0
9
268435456
3000
250
1
0
1
0
0
1

1
1
4
4
3206
0
1
11
268435456
1000
50
7
0
1
0
1
0
0
1
1
1
4
4
3231
0
0
9
134217728
1000
500
1
0
1
0
0
1

1
1
8
2
3246
0
1
12
268435456
2000
50
57
1
1
0
1
0
0
1
0
1
1
2
1
3274
0
1
11
268435456
1000
250
34
0
1
0
1
0
0
1
1
1
1
1
3282
0
0
9
67108864
3000
50
1
0
1
0
0
1

1
1
2
1
3311
0
2
10
268435456
1000
100
1000
1
0
1
0
0
1

1
1
2
1
3341
0
2
10
67108864
2000
250
1000
1
0
1
0
0
1

1
1
2
2
3361
0
0
9
67108864
3000
50
1
0
1
0
0
1

1
1
8
4
3381
0
0
9
268435456
2000
250
1
0
1
0
0
1

1
1
2
1
3395
0
2
10
268435456
2000
250
10
1
0
1
0
0
1

1
1
1
1
3397
0
1
12
268435456
3000
100
61
1
1
0
1
0
0
1
0
1
1
2
1
3427
0
1
11
134217728
2000
250
41
0
1
0
1
0
0
1
1
1
2
1
3441
0
2
10
134217728
1000
500
10
1
0
1
0
0
1

1
1
1
1
3469
0
1
12
134217728
3000
250
11
1
1
0
1
0
0
1
0
1
1
1
1
3481
0
0
9
268435456
3000
50
1
0
1
0
0
1

1
1
8
1
3500
0
2
10
134217728
4000
100
10
1
0
1
0
0
1

1
1
2
1
3511
0
2
10
134217728
4000
1000
10
1
0
1
0
0
1

1
1
8
2
3536
0
2
10
268435456
2000
50
1000
1
0
1
0
0
1

1
1
8
1
3542
0
0
9
134217728
1000
500
1
0
1
0
0
1

1
1
4
1
3567
0
0
9
134217728
1000
250
1
0
1
0
0
1

1
1
1
1
3590
0
0
9
268435456
3000
250
1
0
1
0
0
1

1
1
1
1
3593
0
0
9
134217728
1000
250
1
0
1
0
0
1

1
1
2
1
3599
0
2
10
268435456
1000
100
100
1
0
1
0
0
1

1
1
1
1
3625
0
1
11
134217728
1000
100
40
0
1
0
1
0
0
1
1
1
8
4
3647
0
0
9
268435456
3000
250
1
0
1
0
0
1

1
1
8
2
3677
0
2
10
134217728
2000
50
10
1
0
1
0
0
1

1
1
8
4
3692
0
0
9
67108864
1000
50
1
0
1
0
0
1

1
1
1
1
3711
0
0
9
134217728
4000
50
1
0
1
0
0
1

1
1
4
1
3717
0
1
12
134217728
2000
250
58
1
1
0
1
0
0
1
0
1
1
1
1
3727
0
2
10
268435456
1000
500
100
1
0
1
0
0
1

1
1
4
2
3736
0
2
10
67108864
2000
1000
5
1
0
1
0
0
1

1
1
1
1
3742
0
1
12
268435456
3000
250
20
1
1
0
1
0
0
1
0
1
1
1
1
3766
0
0
9
67108864
3000
1000
1
0
1
0
0
1

1
1
2
1
3791
0
1
12
134217728
3000
50
47
1
1
0
1
0
0
1
0
1
1
8
1
3808
0
1
12
67108864
2000
500
64
1
1
0
1
0
0
1
0
1
1
2
1
3818
0
1
12
67108864
1000
250
4
1
1
0
1
0
0
1
0
1
1
4
2
3845
0
0
9
67108864
1000
50
1
0
1
0
0
1

1
1
2
1
3856
0
2
10
268435456
2000
500
10
1
0
1
0
0
1

1
1
4
2
3878
0
1
12
134217728
2000
1000
30
1
1
0
1
0
0
1
0
1
1
8
4
3885
0
1
12
67108864
2000
250
16
1
1
0
1
0
0
1
0
1
1
8
2
3910
0
0
9
134217728
2000
500
1
0
1
0
0
1

1
1
8
8
3916
0
0
9
134217728
3000
250
1
0
1
0
0
1

1
1
2
1
3930
0
2
10
67108864
4000
1000
1000
1
0
1
0
0
1

1
1
1
1
3947
0
0
9
268435456
2000
250
1
0
1
0
0
1

1
1
4
2
3957
0
1
11
268435456
1000
100
3
0
1
0
1
0
0
1
1
1
2
1
3971
0
2
10
134217728
1000
100
1
1
0
1
0
0
1

1
1
1
1
3986
0
1
11
67108864
2000
50
69
0
1
0
1
0
0
1
1
1
2
2
3995
0
1
12
134217728
4000
1000
70
1
1
0
1
0
0
1
0
1
1
8
2
4024
0
2
10
134217728
2000
50
100
1
0
1
0
0
1

1
1
4
2
4053
0
2
10
67108864
4000
250
10
1
0
1
0
0
1

1
1
2
1
4059
0
2
10
134217728
1000
100
1000
1
0
1
0
0
1

1
1
8
2
4083
0
1
12
67108864
1000
1000
35
1
1
0
1
0
0
1
0
1
1
2
1
4103
0
2
10
67108864
2000
1000
1000
1
0
1
0
0
1

1
1
2
1
4114
0
1
12
67108864
2000
500
64
1
1
0
1
0
0
1
0
1
1
1
1
4139
0
1
12
67108864
3000
50
93
1
1
0
1
0
0
1
0
1
1
1
1
4154
0
1
12
268435456
3000
100
69
1
1
0
1
0
0
1
0
1
1
1
1
4180
0
2
10
67108864
4000
100
10
1
0
1
0
0
1

1
1
4
1
4189
0
0
9
67108864
2000
100
1
0
1
0
0
1

1
1
1
1
4202
0
1
12
268435456
1000
100
27
1
1
0
1
0
0
1
0
1
1
8
8
4203
0
1
12
134217728
4000
50
75
1
1
0
1
0
0
1
0
1
1
1
1
4228
0
2
10
67108864
2000
500
100
1
0
1
0
0
1

1
1
1
1
4237
0
0
9
268435456
1000
500
1
0
1
0
0
1

1
1
8
1
4247
0
1
12
67108864
2000
50
4
1
1
0
1
0
0
1
0
1
1
2
2
4266
0
1
12
134217728
2000
250
96
1
1
0
1
0
0
1
0
1
1
2
1
4284
0
1
11
268435456
3000
500
65
0
1
0
1
0
0
1
1
1
4
1
4297
0
1
12
134217728
1000
1000
90
1
1
0
1
0
0
1
0
1
1
8
4
4299
0
0
9
67108864
2000
50
1
0
1
0
0
1

1
1
1
1
4326
0
2
10
67108864
2000
50
5
1
0
1
0
0
1

1
1
1
1
4337
0
1
12
134217728
2000
50
50
1
1
0
1
0
0
1
0
1
1
8
8
4349
0
0
9
67108864
1000
100
1
0
1
0
0
1

1
1
2
1
4379
0
0
9
134217728
1000
50
1
0
1
0
0
1

1
1
2
1
4406
0
1
12
67108864
3000
250
27
1
1
0
1
0
0
1
0
1
1
1
1
4433
0
0
9
67108864
1000
100
1
0
1
0
0
1

1
1
4
2
4451
0
0
9
268435456
3000
500
1
0
1
0
0
1

1
1
2
1
4471
0
0
9
134217728
2000
250
1
0
1
0
0
1

1
1
1
1
4494
0
2
10
67108864
3000
250
1000
1
0
1
0
0
1

1
1
8
1
4516
0
1
12
67108864
2000
50
7
1
1
0
1
0
0
1
0
1
1
1
1
4535
0
2
10
134217728
2000
1000
1
1
0
1
0
0
1

1
1
1
1
4545
0
2
10
67108864
2000
1000
100
1
0
1
0
0
1

1
1
8
1
4560
0
0
9
268435456
3000
250
1
0
1
0
0
1

1
1
1
1
4576
0
2
10
134217728
3000
250
10
1
0
1
0
0
1

1
1
2
1
4577
0
0
9
268435456
3000
100
1
0
1
0
0
1

1
1
4
1
4588
0
2
10
67108864
2000
1000
5
1
0
1
0
0
1

1
1
4
4
4593
0
1
12
67108864
4000
1000
7
1
1
0
1
0
0
1
0
1
1
2
2
4603
0
0
9
67108864
3000
1000
1
0
1
0
0
1

1
1
4
4
4604
0
0
9
268435456
1000
50
1
0
1
0
0
1

1
1
2
1
4615
0
0
9
268435456
1000
100
1
0
1
0
0
1

1
1
1
1
4627
0
2
10
268435456
3000
100
100
1
0
1
0
0
1

1
1
2
2
4641
0
1
11
134217728
2000
50
78
0
1
0
1
0
0
1
1
1
4
2
4650
0
1
12
67108864
2000
250
60
1
1
0
1
0
0
1
0
1
1
1
1
4659
0
2
10
134217728
1000
100
100
1
0
1
0
0
1

1
1
4
1
4686
0
2
10
134217728
2000
100
1
1
0
1
0
0
1

1
1
8
8
4688
0
1
12
67108864
2000
500
56
1
1
0
1
0
0
1
0
1
1
8
4
4703
0
1
11
268435456
3000
100
23
0
1
0
1
0
0
1
1
1
1
1
4729
0
0
9
268435456
2000
100
1
0
1
0
0
1

1
1
1
1
4738
0
2
10
268435456
2000
50
1
1
0
1
0
0
1

1
1
4
4
4759
0
2
10
134217728
2000
500
10
1
0
1
0
0
1

1
1
4
2
4770
0
1
11
67108864
4000
1000
20
0
1
0
1
0
0
1
1
1
4
4
4776
0
0
9
134217728
1000
250
1
0
1
0
0
1

1
1
1
1
4787
0
0
9
268435456
3000
500
1
0
1
0
0
1

1
1
4
4
4808
0
1
12
134217728
1000
500
82
1
1
0
1
0
0
1
0
1
1
4
4
4821
0
0
9
268435456
1000
100
1
0
1
0
0
1

1
1
8
2
4829
0
2
10
134217728
3000
50
1000
1
0
1
0
0
1

1
1
8
8
4836
0
0
9
268435456
2000
500
1
0
1
0
0
1

1
1
1
1
4853
0
0
9
134217728
4000
100
1
0
1
0
0
1

1
1
4
1
4869
0
0
9
67108864
4000
1000
1
0
1
0
0
1

1
1
8
2
4872
0
0
9
268435456
3000
500
1
0
1
0
0
1

1
1
8
4
4889
0
1
11
134217728
2000
50
58
0
1
0
1
0
0
1
1
1
2
2
4912
0
2
10
134217728
4000
500
100
1
0
1
0
0
1

1
1
2
1
4926
0
0
9
268435456
1000
500
1
0
1
0
0
1

1
1
8
8
4947
0
2
10
134217728
1000
50
10
1
0
1
0
0
1

1
1
8
1
4969
0
0
9
268435456
2000
50
1
0
1
0
0
1

1
1
8
2
4981
0
2
10
67108864
2000
1000
5
1
0
1
0
0
1

1
1
2
1
4994
0
2
10
67108864
2000
250
100
1
0
1
0
0
1

1
1
4
4
5003
0
1
11
134217728
3000
250
27
0
1
0
1
0
0
1
1
1
8
8
5011
0
1
12
134217728
3000
250
53
1
1
0
1
0
0
1
0
1
1
2
1
5041
0
1
12
67108864
2000
50
74
1
1
0
1
0
0
1
0
1
1
1
1
5061
0
0
9
268435456
3000
500
1
0
1
0
0
1

1
1
1
1
5090
0
2
10
134217728
4000
1000
1
1
0
1
0
0
1

1
1
8
8
5111
0
2
10
268435456
3000
50
5
1
0
1
0
0
1

1
1
4
4
5132
0
1
12
67108864
4000
50
46
1
1
0
1
0
0
1
0
1
1
2
1
5161
0
1
12
268435456
3000
50
11
1
1
0
1
0
0
1
0
1
1
2
2
5165
0
0
9
134217728
3000
100
1
0
1
0
0
1

1
1
4
1
5177
0
2
10
268435456
1000
500
1
1
0
1
0
0
1

1
1
4
2
5180
0
1
12
268435456
3000
50
38
1
1
0
1
0
0
1
0
1
1
2
1
5205
0
2
10
134217728
3000
500
10
1
0
1
0
0
1

1
1
4
2
5235
0
2
10
67108864
3000
50
10
1
0
1
0
0
1

1
1
8
2
5255
0
1
12
67108864
2000
500
76
1
1
0
1
0
0
1
0
1
1
2
1
5257
0
1
11
134217728
2000
250
35
0
1
0
1
0
0
1
1
1
4
4
5287
0
1
12
268435456
1000
250
35
1
1
0
1
0
0
1
0
1
1
2
1
5317
0
1
12
134217728
1000
1000
64
1
1
0
1
0
0
1
0
1
1
4
2
5333
0
2
10
134217728
2000
50
1
1
0
1
0
0
1

1
1
8
2
5337
0
2
10
134217728
1000
100
1000
1
0
1
0
0
1

1
1
8
2
5363
0
2
10
268435456
3000
250
100
1
0
1
0
0
1

1
1
1
1
5367
0
2
10
67108864
3000
1000
10
1
0
1
0
0
1

1
1
2
1
5397
0
2
10
268435456
2000
50
1000
1
0
1
0
0
1

1
1
8
1
5426
0
2
10
67108864
1000
500
1000
1
0
1
0
0
1

1
1
4
1
5447
0
0
9
67108864
3000
250
1
0
1
0
0
1

1
1
4
2
5457
0
0
9
67108864
3000
100
1
0
1
0
0
1

1
1
4
4
5464
0
0
9
67108864
4000
1000
1
0
1
0
0
1

1
1
4
2
5483
0
2
10
134217728
4000
250
1
1
0
1
0
0
1

1
1
4
4
5507
0
1
12
268435456
2000
50
9
1
1
0
1
0
0
1
0
1
1
8
2
5530
0
0
9
268435456
3000
500
1
0
1
0
0
1

1
1
4
2
5536
0
2
10
268435456
3000
100
100
1
0
1
0
0
1

1
1
8
8
5553
0
0
9
67108864
4000
100
1
0
1
0
0
1

1
1
8
2
5571
0
0
9
134217728
3000
250
1
0
1
0
0
1

1
1
2
1
5600
0
2
10
67108864
3000
1000
10
1
0
1
0
0
1

1
1
4
1
5621
0
2
10
67108864
3000
500
1000
1
0
1
0
0
1

1
1
4
4
5631
0
1
11
134217728
2000
100
24
0
1
0
1
0
0
1
1
1
1
1
5642
0
1
12
268435456
3000
500
57
1
1
0
1
0
0
1
0
1
1
4
4
5661
0
1
12
134217728
2000
1000
42
1
1
0
1
0
0
1
0
1
1
1
1
5678
0
2
10
134217728
4000
1000
5
1
0
1
0
0
1

1
1
1
1
5688
0
0
9
134217728
4000
50
1
0
1
0
0
1

1
1
8
8
5714
0
1
12
268435456
3000
250
81
1
1
0
1
0
0
1
0
1
1
2
1
5723
0
2
10
134217728
4000
500
1
1
0
1
0
0
1

1
1
8
4
5733
0
2
10
268435456
2000
50
1
1
0
1
0
0
1

1
1
2
1
5742
0
1
11
134217728
2000
1000
40
0
1
0
1
0
0
1
1
1
8
2
5771
0
0
9
67108864
3000
1000
1
0
1
0
0
1

1
1
1
1
5781
0
0
9
67108864
4000
1000
1
0
1
0
0
1

1
1
8
2
5785
0
1
11
134217728
2000
500
51
0
1
0
1
0
0
1
1
1
1
1
5805
0
0
9
134217728
2000
250
1
0
1
0
0
1

1
1
2
1
5810
0
0
9
134217728
4000
500
1
0
1
0
0
1

1
1
2
1
5837
0
2
10
134217728
3000
500
100
1
0
1
0
0
1

1
1
2
1
5838
0
0
9
67108864
2000
500
1
0
1
0
0
1

1
1
1
1
5865
0
2
10
134217728
3000
500
5
1
0
1
0
0
1

1
1
2
1
5888
0
0
9
134217728
3000
50
1
0
1
0
0
1

1
1
8
8
5902
0
0
9
268435456
3000
500
1
0
1
0
0
1

1
1
4
4
5918
0
2
10
67108864
4000
250
10
1
0
1
0
0
1

1
1
8
4
5928
0
1
11
268435456
2000
250
34
0
1
0
1
0
0
1
1
1
8
8
5946
0
0
9
134217728
2000
250
1
0
1
0
0
1

1
1
2
1
5955
0
0
9
67108864
4000
250
1
0
1
0
0
1

1
1
1
1
5963
0
1
11
268435456
3000
500
54
0
1
0
1
0
0
1
1
1
4
4
5993
0
2
10
67108864
3000
250
10
1
0
1
0
0
1

1
1
2
1
6017
0
1
12
134217728
2000
250
1
1
1
0
1
0
0
1
0
1
1
1
1
6023
0
1
11
134217728
1000
50
65
0
1
0
1
0
0
1
1
1
4
2
6048
0
1
11
67108864
2000
1000
45
0
1
0
1
0
0
1
1
1
8
4
6066
0
0
9
67108864
2000
250
1
0
1
0
0
1

1
1
8
1
6076
0
1
11
67108864
1000
250
93
0
1
0
1
0
0
1
1
1
2
2
6087
0
0
9
67108864
4000
1000
1
0
1
0
0
1

1
1
2
1
6117
0
0
9
134217728
2000
100
1
0
1
0
0
1

1
1
2
2
6120
0
0
9
134217728
2000
50
1
0
1
0
0
1

1
1
8
8
6149
0
1
12
67108864
3000
500
61
1
1
0
1
0
0
1
0
1
1
8
4
6177
0
0
9
67108864
3000
1000
1
0
1
0
0
1

1
1
2
2
6191
0
1
11
67108864
3000
100
35
0
1
0
1
0
0
1
1
1
2
1
6220
0
2
10
268435456
1000
500
1
1
0
1
0
0
1

1
1
1
1
6241
0
0
9
134217728
2000
1000
1
0
1
0
0
1

1
1
2
1
6244
0
1
12
67108864
4000
50
36
1
1
0
1
0
0
1
0
1
1
8
1
6254
0
2
10
134217728
2000
250
5
1
0
1
0
0
1

1
1
2
1
6261
0
2
10
268435456
2000
500
1
1
0
1
0
0
1

1
1
4
2
6277
0
0
9
67108864
2000
250
1
0
1
0
0
1

1
1
2
1
6305
0
2
10
67108864
2000
50
10
1
0
1
0
0
1

1
1
4
2
6322
0
0
9
268435456
3000
500
1
0
1
0
0
1

1
1
4
2
6338
0
0
9
67108864
1000
500
1
0
1
0
0
1

1
1
4
2
6344
0
0
9
134217728
3000
500
1
0
1
0
0
1

1
1
4
4
6363
0
1
12
268435456
3000
500
11
1
1
0
1
0
0
1
0
1
1
1
1
6368
0
1
12
268435456
3000
250
26
1
1
0
1
0
0
1
0
1
1
1
1
6371
0
2
10
134217728
1000
500
1
1
0
1
0
0
1

1
1
8
2
6380
0
0
9
268435456
3000
500
1
0
1
0
0
1

1
1
8
1
6390
0
1
12
134217728
1000
250
77
1
1
0
1
0
0
1
0
1
1
2
1
6405
0
0
9
268435456
2000
100
1
0
1
0
0
1

1
1
2
2
6434
0
0
9
134217728
2000
1000
1
0
1
0
0
1

1
1
1
1
6441
0
1
12
134217728
4000
50
53
1
1
0
1
0
0
1
0
1
1
1
1
6468
0
0
9
134217728
4000
500
1
0
1
0
0
1

1
1
2
1
6491
0
0
9
67108864
4000
1000
1
0
1
0
0
1

1
1
1
1
6518
0
1
12
134217728
2000
250
53
1
1
0
1
0
0
1
0
1
1
4
4
6519
0
1
11
268435456
3000
500
41
0
1
0
1
0
0
1
1
1
4
1
6538
0
0
9
268435456
3000
500
1
0
1
0
0
1

1
1
4
2
6553
0
0
9
67108864
1000
100
1
0
1
0
0
1

1
1
8
8
6582
0
2
10
134217728
2000
100
1000
1
0
1
0
0
1

1
1
4
2
6586
0
2
10
67108864
4000
1000
10
1
0
1
0
0
1

1
1
2
2
6612
0
2
10
268435456
1000
500
5
1
0
1
0
0
1

1
1
4
1
6618
0
0
9
134217728
4000
250
1
0
1
0
0
1

1
1
2
1
6629
0
2
10
268435456
3000
100
1000
1
0
1
0
0
1

1
1
4
1
6638
0
2
10
134217728
4000
100
1000
1
0
1
0
0
1

1
1
8
4
6658
0
1
11
268435456
3000
500
12
0
1
0
1
0
0
1
1
1
8
8
6668
0
0
9
268435456
1000
50
1
0
1
0
0
1

1
1
2
1
6689
0
1
12
67108864
1000
50
23
1
1
0
1
0
0
1
0
1
1
4
1
6697
0
2
10
67108864
2000
1000
1000
1
0
1
0
0
1

1
1
8
2
6707
0
1
12
268435456
3000
50
76
1
1
0
1
0
0
1
0
1
1
4
1
6720
0
2
10
134217728
3000
500
100
1
0
1
0
0
1

1
1
1
1
6740
0
1
11
67108864
1000
50
77
0
1
0
1
0
0
1
1
1
2
2
6770
0
2
10
67108864
1000
100
1
1
0
1
0
0
1

1
1
8
2
6788
0
0
9
134217728
1000
500
1
0
1
0
0
1

1
1
1
1
6807
0
0
9
67108864
2000
100
1
0
1
0
0
1

1
1
8
8
6812
0
1
11
268435456
2000
250
45
0
1
0
1
0
0
1
1
1
8
2
6814
0
1
11
67108864
3000
250
7
0
1
0
1
0
0
1
1
1
8
4
6834
0
2
10
67108864
1000
100
1
1
0
1
0
0
1

1
1
4
2
6854
0
1
11
134217728
1000
100
67
0
1
0
1
0
0
1
1
1
4
4
6868
0
0
9
67108864
4000
50
1
0
1
0
0
1

1
1
2
1
6888
0
1
11
67108864
1000
50
62
0
1
0
1
0
0
1
1
1
1
1
6915
0
1
12
268435456
3000
100
91
1
1
0
1
0
0
1
0
1
1
8
2
6916
0
0
9
134217728
4000
50
1
0
1
0
0
1

1
1
1
1
6941
0
0
9
67108864
3000
250
1
0
1
0
0
1

1
1
4
2
6949
0
1
11
134217728
4000
1000
60
0
1
0
1
0
0
1
1
1
2
2
6954
0
0
9
134217728
1000
500
1
0
1
0
0
1

1
1
8
4
6976
0
1
11
268435456
3000
250
57
0
1
0
1
0
0
1
1
1
1
1
6984
0
0
9
268435456
2000
250
1
0
1
0
0
1

1
1
1
1
7000
0
2
10
134217728
1000
50
1
1
0
1
0
0
1

1
1
2
1
7019
0
1
11
67108864
2000
1000
89
0
1
0
1
0
0
1
1
1
8
8
7022
0
2
10
134217728
2000
500
10
1
0
1
0
0
1

1
1
2
1
7024
0
2
10
67108864
4000
500
10
1
0
1
0
0
1

1
1
8
1
7033
0
0
9
67108864
1000
1000
1
0
1
0
0
1

1
1
1
1
7059
0
1
11
67108864
1000
50
44
0
1
0
1
0
0
1
1
1
8
4
7089
0
1
12
67108864
3000
50
93
1
1
0
1
0
0
1
0
1
1
8
2
7109
0
1
12
268435456
3000
500
24
1
1
0
1
0
0
1
0
1
1
1
1
7119
0
2
10
268435456
3000
50
5
1
0
1
0
0
1

1
1
8
8
7126
0
2
10
67108864
2000
100
5
1
0
1
0
0
1

1
1
1
1
7155
0
2
10
134217728
2000
500
10
1
0
1
0
0
1

1
1
4
2
7176
0
2
10
67108864
1000
1000
1000
1
0
1
0
0
1

1
1
4
1
7187
0
0
9
67108864
3000
50
1
0
1
0
0
1

1
1
8
2
7193
0
1
12
268435456
1000
500
24
1
1
0
1
0
0
1
0
1
1
4
2
7211
0
0
9
268435456
3000
50
1
0
1
0
0
1

1
1
8
2
7233
0
2
10
268435456
2000
100
1
1
0
1
0
0
1

1
1
8
2
7254
0
2
10
268435456
2000
250
5
1
0
1
0
0
1

1
1
2
1
7259
0
1
12
134217728
2000
50
44
1
1
0
1
0
0
1
0
1
1
8
8
7288
0
2
10
67108864
1000
500
1000
1
0
1
0
0
1

1
1
1
1
7294
0
2
10
268435456
3000
50
10
1
0
1
0
0
1

1
1
8
1
7317
0
1
12
268435456
1000
50
68
1
1
0
1
0
0
1
0
1
1
1
1
7324
0
1
12
134217728
4000
250
36
1
1
0
1
0
0
1
0
1
1
8
2
7347
0
1
11
134217728
4000
1000
47
0
1
0
1
0
0
1
1
1
8
8
7377
0
2
10
67108864
3000
50
100
1
0
1
0
0
1

1
1
8
8
7378
0
2
10
134217728
3000
1000
100
1
0
1
0
0
1

1
1
4
1
7396
0
2
10
268435456
2000
500
100
1
0
1
0
0
1

1
1
2
1
7422
0
1
12
134217728
1000
1000
83
1
1
0
1
0
0
1
0
1
1
1
1
7441
0
0
9
268435456
2000
100
1
0
1
0
0
1

1
1
2
2
7444
0
2
10
134217728
1000
1000
10
1
0
1
0
0
1

1
1
8
8
7472
0
0
9
268435456
2000
500
1
0
1
0
0
1

1
1
2
1
7495
0
1
11
134217728
3000
250
61
0
1
0
1
0
0
1
1
1
1
1
7511
0
1
11
67108864
2000
50
88
0
1
0
1
0
0
1
1
1
8
8
7527
0
2
10
134217728
4000
50
5
1
0
1
0
0
1

1
1
2
1
7538
0
1
11
268435456
3000
250
29
0
1
0
1
0
0
1
1
1
1
1
7556
0
0
9
134217728
4000
50
1
0
1
0
0
1

1
1
2
2
7584
0
0
9
67108864
4000
1000
1
0
1
0
0
1

1
1
1
1
7594
0
2
10
67108864
4000
100
1000
1
0
1
0
0
1

1
1
2
2
7619
0
1
12
67108864
1000
1000
5
1
1
0
1
0
0
1
0
1
1
2
2
7637
0
2
10
67108864
2000
250
1000
1
0
1
0
0
1

1
1
2
1
7640
0
0
9
268435456
3000
250
1
0
1
0
0
1

1
1
8
8
7650
0
0
9
67108864
4000
50
1
0
1
0
0
1

1
1
8
8
7674
0
0
9
134217728
3000
50
1
0
1
0
0
1

1
1
1
1
7697
0
1
12
67108864
3000
100
63
1
1
0
1
0
0
1
0
1
1
2
2
7716
0
1
11
134217728
2000
500
13
0
1
0
1
0
0
1
1
1
4
1
7733
0
2
10
67108864
2000
100
10
1
0
1
0
0
1

1
1
8
1
7746
0
2
10
268435456
2000
500
1
1
0
1
0
0
1

1
1
2
1
7752
0
1
11
67108864
3000
50
87
0
1
0
1
0
0
1
1
1
8
4
7770
0
1
12
268435456
3000
500
10
1
1
0
1
0
0
1
0
1
1
4
2
7771
0
1
12
134217728
2000
100
93
1
1
0
1
0
0
1
0
1
1
2
2
7798
0
0
9
268435456
3000
100
1
0
1
0
0
1

1
1
1
1
7800
0
1
12
134217728
3000
500
51
1
1
0
1
0
0
1
0
1
1
8
4
7827
0
2
10
268435456
1000
100
100
1
0
1
0
0
1

1
1
2
1
7836
0
0
9
134217728
1000
1000
1
0
1
0
0
1

1
1
8
1
7842
0
0
9
67108864
3000
50
1
0
1
0
0
1

1
1
8
1
7860
0
1
11
67108864
2000
250
1
0
1
0
1
0
0
1
1
1
2
2
7878
0
0
9
134217728
3000
1000
1
0
1
0
0
1

1
1
1
1
7901
0
2
10
268435456
2000
100
5
1
0
1
0
0
1

1
1
2
1
7911
0
0
9
134217728
3000
250
1
0
1
0
0
1

1
1
4
1
7922
0
0
9
268435456
2000
100
1
0
1
0
0
1

1
1
8
4
7938
0
2
10
268435456
1000
250
1000
1
0
1
0
0
1

1
1
1
1
7952
0
2
10
67108864
3000
250
5
1
0
1
0
0
1

1
1
8
1
7956
0
1
11
268435456
2000
500
28
0
1
0
1
0
0
1
1
1
1
1
7980
0
1
11
268435456
3000
500
19
0
1
0
1
0
0
1
1
1
8
4
7984
0
0
9
67108864
4000
100
1
0
1
0
0
1

1
1
1
1
7996
0
0
9
134217728
2000
250
1
0
1
0
0
1

1
1
2
1
8008
0
1
12
268435456
3000
50
97
1
1
0
1
0
0
1
0
1
1
1
1
8023
0
1
12
67108864
2000
1000
37
1
1
0
1
0
0
1
0
1
1
4
2
8032
0
0
9
268435456
1000
50
1
0
1
0
0
1

1
1
8
4
8034
0
0
9
268435456
2000
500
1
0
1
0
0
1

1
1
8
4
8059
0
2
10
268435456
2000
500
5
1
0
1
0
0
1

1
1
8
2
8071
0
1
11
268435456
1000
500
26
0
1
0
1
0
0
1
1
1
8
2
8074
0
0
9
134217728
3000
50
1
0
1
0
0
1

1
1
8
8
8099
0
2
10
67108864
3000
50
1
1
0
1
0
0
1

1
1
4
1
8117
0
1
11
268435456
1000
100
7
0
1
0
1
0
0
1
1
1
1
1
8119
0
2
10
67108864
2000
250
1
1
0
1
0
0
1

1
1
1
1
8149
0
0
9
67108864
4000
1000
1
0
1
0
0
1

1
1
1
1
8162
0
1
11
134217728
3000
500
40
0
1
0
1
0
0
1
1
1
4
2
8181
0
0
9
67108864
3000
1000
1
0
1
0
0
1

1
1
1
1
8207
0
0
9
268435456
3000
500
1
0
1
0
0
1

1
1
2
1
8212
0
0
9
134217728
2000
500
1
0
1
0
0
1

1
1
2
2
8228
0
1
11
67108864
4000
100
88
0
1
0
1
0
0
1
1
1
1
1
8229
0
1
12
134217728
3000
500
92
1
1
0
1
0
0
1
0
1
1
4
2
8248
0
2
10
134217728
4000
250
10
1
0
1
0
0
1

1
1
1
1
8271
0
2
10
134217728
2000
250
10
1
0
1
0
0
1

1
1
8
4
8282
0
2
10
268435456
3000
500
1000
1
0
1
0
0
1

1
1
4
4
8307
0
0
9
67108864
2000
100
1
0
1
0
0
1

1
1
4
2
8314
0
2
10
134217728
1000
100
100
1
0
1
0
0
1

1
1
1
1
8329
0
1
12
67108864
2000
1000
16
1
1
0
1
0
0
1
0
1
1
4
2
8355
0
2
10
134217728
3000
500
5
1
0
1
0
0
1

1
1
2
2
8363
0
0
9
134217728
1000
100
1
0
1
0
0
1

1
1
8
1
8393
0
2
10
67108864
1000
500
5
1
0
1
0
0
1

1
1
1
1
8394
0
1
12
134217728
4000
1000
28
1
1
0
1
0
0
1
0
1
1
2
1
8410
0
2
10
268435456
2000
500
5
1
0
1
0
0
1

1
1
2
1
8427
0
1
11
268435456
2000
500
35
0
1
0
1
0
0
1
1
1
8
8
8434
0
2
10
67108864
1000
100
1
1
0
1
0
0
1

1
1
2
1
8464
0
0
9
268435456
2000
50
1
0
1
0
0
1

1
1
8
1
8477
0
1
12
268435456
1000
500
0
1
1
0
1
0
0
1
0
1
1
1
1
8483
0
0
9
67108864
1000
50
1
0
1
0
0
1

1
1
2
1
8486
0
0
9
67108864
3000
100
1
0
1
0
0
1

1
1
2
1
8499
0
1
11
134217728
1000
100
1
0
1
0
1
0
0
1
1
1
1
1
8529
0
1
11
67108864
2000
50
28
0
1
0
1
0
0
1
1
1
2
2
8538
0
0
9
67108864
1000
500
1
0
1
0
0
1

1
1
2
2
8565
0
0
9
134217728
1000
500
1
0
1
0
0
1

1
1
2
2
8570
0
0
9
134217728
1000
50
1
0
1
0
0
1

1
1
8
1
8595
0
2
10
268435456
3000
500
100
1
0
1
0
0
1

1
1
8
2
8600
0
0
9
67108864
4000
250
1
0
1
0
0
1

1
1
8
4
8609
0
2
10
268435456
3000
500
1
1
0
1
0
0
1

1
1
8
8
8629
0
2
10
67108864
4000
50
1
1
0
1
0
0
1

1
1
8
8
8636
0
2
10
67108864
2000
250
1000
1
0
1
0
0
1

1
1
4
4
8658
0
0
9
67108864
3000
1000
1
0
1
0
0
1

1
1
2
2
8687
0
1
11
268435456
3000
500
8
0
1
0
1
0
0
1
1
1
4
2
8702
0
2
10
134217728
4000
100
1000
1
0
1
0
0
1

1
1
1
1
8718
0
1
12
134217728
4000
50
30
1
1
0
1
0
0
1
0
1
1
1
1
8720
0
2
10
67108864
3000
1000
1000
1
0
1
0
0
1

1
1
4
2
8733
0
2
10
67108864
2000
100
1
1
0
1
0
0
1

1
1
2
1
8750
0
1
11
67108864
3000
50
57
0
1
0
1
0
0
1
1
1
4
2
8766
0
2
10
268435456
1000
50
1
1
0
1
0
0
1

1
1
4
2
8776
0
1
12
134217728
4000
1000
33
1
1
0
1
0
0
1
0
1
1
2
1
8792
0
1
11
67108864
3000
1000
16
0
1
0
1
0
0
1
1
1
4
1
8796
0
2
10
268435456
2000
50
1
1
0
1
0
0
1

1
1
2
2
8821
0
2
10
134217728
4000
250
1000
1
0
1
0
0
1

1
1
1
1
8839
0
0
9
134217728
3000
250
1
0
1
0
0
1

1
1
8
8
8858
0
0
9
67108864
4000
500
1
0
1
0
0
1

1
1
4
2
8864
0
0
9
268435456
1000
50
1
0
1
0
0
1

1
1
4
4
8875
0
1
12
67108864
3000
50
7
1
1
0
1
0
0
1
0
1
1
4
2
8888
0
0
9
268435456
2000
100
1
0
1
0
0
1

1
1
2
1
8897
0
0
9
67108864
1000
500
1
0
1
0
0
1

1
1
8
2
8906
0
1
12
134217728
4000
1000
5
1
1
0
1
0
0
1
0
1
1
2
1
8910
0
2
10
67108864
1000
1000
1000
1
0
1
0
0
1

1
1
4
2
8925
0
2
10
67108864
4000
250
5
1
0
1
0
0
1

1
1
8
8
8935
0
1
11
67108864
2000
100
83
0
1
0
1
0
0
1
1
1
2
1
8954
0
0
9
134217728
1000
500
1
0
1
0
0
1

1
1
1
1
8964
0
2
10
67108864
2000
250
1000
1
0
1
0
0
1

1
1
2
1
8968
0
0
9
268435456
2000
50
1
0
1
0
0
1

1
1
4
2
8974
0
2
10
268435456
3000
250
5
1
0
1
0
0
1

1
1
4
1
8979
0
2
10
268435456
2000
500
5
1
0
1
0
0
1

1
1
2
1
9002
0
0
9
134217728
4000
1000
1
0
1
0
0
1

1
1
1
1
9007
0
1
12
268435456
1000
100
46
1
1
0
1
0
0
1
0
1
1
1
1
9022
0
2
10
67108864
2000
1000
100
1
0
1
0
0
1

1
1
8
2
9035
0
2
10
268435456
3000
50
100
1
0
1
0
0
1

1
1
1
1
9059
0
2
10
134217728
4000
50
100
1
0
1
0
0
1

1
1
1
1
9087
0
0
9
67108864
3000
50
1
0
1
0
0
1

1
1
8
8
9095
0
1
11
268435456
3000
100
84
0
1
0
1
0
0
1
1
1
2
1
9123
0
1
11
268435456
3000
500
69
0
1
0
1
0
0
1
1
1
2
1
9126
0
1
12
134217728
4000
500
95
1
1
0
1
0
0
1
0
1
1
1
1
9144
0
0
9
134217728
1000
1000
1
0
1
0
0
1

1
1
1
1
9149
0
0
9
67108864
4000
500
1
0
1
0
0
1

1
1
4
4
9162
0
0
9
67108864
4000
1000
1
0
1
0
0
1

1
1
8
1
9181
0
1
12
268435456
2000
500
56
1
1
0
1
0
0
1
0
1
1
4
2
9201
0
0
9
268435456
3000
500
1
0
1
0
0
1

1
1
4
4
9202
0
0
9
67108864
2000
500
1
0
1
0
0
1

1
1
1
1
9208
0
1
11
67108864
3000
100
8
0
1
0
1
0
0
1
1
1
1
1
9226
0
0
9
67108864
2000
100
1
0
1
0
0
1

1
1
4
2
9231
0
0
9
268435456
3000
500
1
0
1
0
0
1

1
1
4
4
9258
0
1
12
67108864
3000
500
72
1
1
0
1
0
0
1
0
1
1
2
1
9278
0
2
10
67108864
4000
250
10
1
0
1
0
0
1

1
1
4
1
9279
0
0
9
67108864
3000
100
1
0
1
0
0
1

1
1
4
2
9288
0
2
10
268435456
3000
500
100
1
0
1
0
0
1

1
1
8
4
9307
0
1
12
268435456
2000
100
34
1
1
0
1
0
0
1
0
1
1
2
1
9326
0
1
12
134217728
4000
1000
85
1
1
0
1
0
0
1
0
1
1
1
1
9329
0
2
10
268435456
1000
500
100
1
0
1
0
0
1

1
1
4
1
9336
0
1
12
134217728
3000
50
4
1
1
0
1
0
0
1
0
1
1
2
2
9354
0
1
12
268435456
3000
50
69
1
1
0
1
0
0
1
0
1
1
1
1
9367
0
2
10
268435456
2000
500
5
1
0
1
0
0
1

1
1
4
4
9372
0
1
11
134217728
1000
1000
87
0
1
0
1
0
0
1
1
1
2
1
9375
0
2
10
134217728
3000
100
5
1
0
1
0
0
1

1
1
1
1
9389
0
1
12
268435456
3000
500
74
1
1
0
1
0
0
1
0
1
1
1
1
9390
0
1
11
67108864
2000
50
67
0
1
0
1
0
0
1
1
1
4
4
9412
0
2
10
268435456
3000
500
5
1
0
1
0
0
1

1
1
4
1
9417
0
2
10
67108864
2000
250
1000
1
0
1
0
0
1

1
1
4
2
9437
0
1
12
134217728
3000
1000
89
1
1
0
1
0
0
1
0
1
1
1
1
9441
0
1
11
134217728
2000
50
60
0
1
0
1
0
0
1
1
1
2
1
9456
0
2
10
268435456
3000
250
1000
1
0
1
0
0
1

1
1
4
4
9458
0
1
11
134217728
4000
1000
54
0
1
0
1
0
0
1
1
1
1
1
9471
0
2
10
67108864
2000
100
10
1
0
1
0
0
1

1
1
4
2
9494
0
0
9
67108864
2000
250
1
0
1
0
0
1

1
1
4
2
9524
0
2
10
67108864
4000
50
10
1
0
1
0
0
1

1
1
2
2
9526
0
0
9
268435456
1000
50
1
0
1
0
0
1

1
1
8
2
9554
0
2
10
67108864
4000
1000
10
1
0
1
0
0
1

1
1
1
1
9570
0
1
12
134217728
4000
1000
65
1
1
0
1
0
0
1
0
1
1
2
2
9590
0
0
9
268435456
1000
100
1
0
1
0
0
1

1
1
8
8
9613
0
0
9
268435456
2000
250
1
0
1
0
0
1

1
1
8
1
9633
0
0
9
67108864
1000
250
1
0
1
0
0
1

1
1
2
1
9657
0
1
12
268435456
3000
500
61
1
1
0
1
0
0
1
0
1
1
8
2
9660
0
2
10
67108864
3000
100
5
1
0
1
0
0
1

1
1
2
1
9670
0
1
12
268435456
2000
100
92
1
1
0
1
0
0
1
0
1
1
2
1
9678
0
1
11
67108864
2000
100
90
0
1
0
1
0
0
1
1
1
1
1
9686
0
2
10
134217728
2000
250
1
1
0
1
0
0
1

1
1
4
4
9700
0
0
9
134217728
3000
500
1
0
1
0
0
1

1
1
1
1
9704
0
2
10
268435456
2000
500
100
1
0
1
0
0
1

1
1
1
1
9709
0
2
10
268435456
1000
500
1000
1
0
1
0
0
1

1
1
4
4
9719
0
0
9
268435456
3000
500
1
0
1
0
0
1

1
1
4
1
9729
0
1
12
268435456
2000
500
37
1
1
0
1
0
0
1
0
1
1
8
1
9747
0
0
9
67108864
3000
250
1
0
1
0
0
1

1
1
2
1
9765
0
2
10
134217728
4000
250
100
1
0
1
0
0
1

1
1
1
1
9776
0
1
12
67108864
2000
500
66
1
1
0
1
0
0
1
0
1
1
8
2
9783
0
0
9
268435456
1000
500
1
0
1
0
0
1

1
1
1
1
9806
0
2
10
67108864
2000
250
1000
1
0
1
0
0
1

1
1
8
2
9815
0
0
9
268435456
2000
250
1
0
1
0
0
1

1
1
8
8
9845
0
2
10
134217728
1000
250
1000
1
0
1
0
0
1

1
1
1
1
9875
0
2
10
268435456
2000
500
1000
1
0
1
0
0
1

1
1
2
1
9890
0
1
12
268435456
3000
500
24
1
1
0
1
0
0
1
0
1
1
4
2
9907
0
0
9
268435456
2000
500
1
0
1
0
0
1

1
1
8
2
9910
0
2
10
268435456
2000
250
1000
1
0
1
0
0
1

1
1
2
1
9920
0
2
10
268435456
3000
500
100
1
0
1
0
0
1

1
1
1
1
9921
0
0
9
67108864
1000
500
1
0
1
0
0
1

1
1
8
1
9923
0
0
9
134217728
3000
500
1
0
1
0
0
1

1
1
4
4
9939
0
2
10
134217728
1000
500
100
1
0
1
0
0
1

1
1
4
2
9964
0
0
9
67108864
2000
100
1
0
1
0
0
1

1
1
2
1
9982
0
2
10
134217728
2000
250
1000
1
0
1
0
0
1

1
1
4
4
9989
0
0
9
268435456
3000
500
1
0
1
0
0
1

1
1
8
4
10017
0
2
10
134217728
1000
100
1
1
0
1
0
0
1

1
1
2
1
10019
0
1
11
67108864
4000
50
87
0
1
0
1
0
0
1
1
1
8
8
10045
0
1
12
268435456
1000
50
19
1
1
0
1
0
0
1
0
1
1
1
1
10049
0
2
10
67108864
4000
500
100
1
0
1
0
0
1

1
1
4
2
10069
0
2
10
268435456
1000
500
1
1
0
1
0
0
1

1
1
1
1
10071
0
2
10
134217728
2000
100
10
1
0
1
0
0
1

1
1
1
1
10075
0
1
12
67108864
1000
100
4
1
1
0
1
0
0
1
0
1
1
1
1
10096
0
2
10
67108864
1000
50
1000
1
0
1
0
0
1

1
1
4
2
10126
0
1
11
134217728
4000
1000
20
0
1
0
1
0
0
1
1
1
8
8
10128
0
1
12
67108864
3000
1000
48
1
1
0
1
0
0
1
0
1
1
1
1
10153
0
2
10
268435456
3000
100
5
1
0
1
0
0
1

1
1
2
1
10164
0
1
11
134217728
4000
250
77
0
1
0
1
0
0
1
1
1
4
2
10183
0
0
9
134217728
1000
100
1
0
1
0
0
1

1
1
8
8
10195
0
1
12
67108864
2000
1000
92
1
1
0
1
0
0
1
0
1
1
1
1
10212
0
0
9
67108864
1000
100
1
0
1
0
0
1

1
1
2
2
10222
0
2
10
134217728
2000
1000
10
1
0
1
0
0
1

1
1
4
4
10238
0
2
10
134217728
2000
1000
10
1
0
1
0
0
1

1
1
2
1
10243
0
1
12
268435456
3000
50
27
1
1
0
1
0
0
1
0
1
1
8
2
10269
0
0
9
67108864
1000
1000
1
0
1
0
0
1

1
1
2
1
10270
0
0
9
268435456
3000
500
1
0
1
0
0
1

1
1
2
1
10294
0
2
10
134217728
2000
50
100
1
0
1
0
0
1

1
1
2
1
10302
0
1
11
67108864
3000
50
28
0
1
0
1
0
0
1
1
1
2
1
10307
0
2
10
268435456
1000
250
1
1
0
1
0
0
1

1
1
4
2
10320
0
0
9
67108864
1000
500
1
0
1
0
0
1

1
1
2
1
10332
0
2
10
134217728
2000
100
1000
1
0
1
0
0
1

1
1
2
1
10343
0
1
11
268435456
3000
500
61
0
1
0
1
0
0
1
1
1
4
1
10356
0
1
12
134217728
3000
50
22
1
1
0
1
0
0
1
0
1
1
8
4
10364
0
0
9
268435456
3000
500
1
0
1
0
0
1

1
1
1
1
10376
0
1
11
134217728
3000
500
93
0
1
0
1
0
0
1
1
1
1
1
10394
0
2
10
67108864
1000
250
5
1
0
1
0
0
1

1
1
1
1
10404
0
0
9
67108864
4000
1000
1
0
1
0
0
1

1
1
4
2
10418
0
1
12
67108864
2000
50
28
1
1
0
1
0
0
1
0
1
1
4
2
10436
0
2
10
134217728
1000
50
5
1
0
1
0
0
1

1
1
8
2
10438
0
0
9
134217728
1000
100
1
0
1
0
0
1

1
1
8
1
10450
0
2
10
67108864
1000
1000
100
1
0
1
0
0
1

1
1
8
8
10473
0
1
12
67108864
3000
1000
78
1
1
0
1
0
0
1
0
1
1
1
1
10492
0
1
11
268435456
3000
50
68
0
1
0
1
0
0
1
1
1
4
4
10511
0
2
10
134217728
1000
1000
5
1
0
1
0
0
1

1
1
4
4
10526
0
1
12
268435456
1000
250
66
1
1
0
1
0
0
1
0
1
1
1
1
10542
0
1
11
67108864
2000
1000
4
0
1
0
1
0
0
1
1
1
8
1
10561
0
2
10
268435456
2000
250
100
1
0
1
0
0
1

1
1
2
1
10587
0
2
10
67108864
2000
250
1
1
0
1
0
0
1

1
1
8
8
10603
0
1
12
67108864
3000
50
15
1
1
0
1
0
0
1
0
1
1
8
4
10624
0
1
11
268435456
2000
500
23
0
1
0
1
0
0
1
1
1
1
1
10652
0
2
10
268435456
1000
100
1000
1
0
1
0
0
1

1
1
2
1
10656
0
2
10
134217728
2000
500
1
1
0
1
0
0
1

1
1
4
1
10670
0
1
12
134217728
1000
250
14
1
1
0
1
0
0
1
0
1
1
8
1
10696
0
2
10
67108864
1000
500
10
1
0
1
0
0
1

1
1
2
1
10713
0
1
12
268435456
1000
250
94
1
1
0
1
0
0
1
0
1
1
2
2
10741
0
0
9
134217728
3000
500
1
0
1
0
0
1

1
1
2
2
10766
0
2
10
67108864
4000
500
5
1
0
1
0
0
1

1
1
2
1
10793
0
0
9
268435456
1000
500
1
0
1
0
0
1

1
1
1
1
10819
0
0
9
268435456
3000
100
1
0
1
0
0
1

1
1
8
8
10849
0
0
9
134217728
4000
100
1
0
1
0
0
1

1
1
8
4
10877
0
0
9
268435456
1000
100
1
0
1
0
0
1

1
1
1
1
10902
0
1
11
67108864
4000
1000
55
0
1
0
1
0
0
1
1
1
4
4
10917
0
0
9
67108864
3000
250
1
0
1
0
0
1

1
1
2
1
10924
0
1
11
134217728
1000
1000
9
0
1
0
1
0
0
1
1
1
4
2
10937
0
0
9
134217728
1000
500
1
0
1
0
0
1

1
1
4
1
10943
0
1
12
67108864
2000
100
86
1
1
0
1
0
0
1
0
1
1
1
1
10970
0
0
9
268435456
2000
500
1
0
1
0
0
1

1
1
1
1
10997
0
0
9
67108864
3000
500
1
0
1
0
0
1

1
1
2
1
11025
0
0
9
268435456
1000
500
1
0
1
0
0
1

1
1
2
1
11026
0
2
10
67108864
1000
500
10
1
0
1
0
0
1

1
1
8
2
11031
0
2
10
67108864
2000
500
10
1
0
1
0
0
1

1
1
8
8
11038
0
1
11
268435456
2000
50
40
0
1
0
1
0
0
1
1
1
4
2
11061
0
2
10
268435456
2000
250
5
1
0
1
0
0
1

1
1
8
8
11087
0
0
9
268435456
3000
500
1
0
1
0
0
1

1
1
4
1
11095
0
2
10
67108864
2000
1000
5
1
0
1
0
0
1

1
1
4
2
11118
0
0
9
67108864
3000
1000
1
0
1
0
0
1

1
1
1
1
11134
0
2
10
67108864
2000
500
1000
1
0
1
0
0
1

1
1
8
8
11153
0
2
10
268435456
1000
500
100
1
0
1
0
0
1

1
1
1
1
11176
0
1
11
67108864
1000
100
5
0
1
0
1
0
0
1
1
1
8
2
11201
0
1
12
67108864
2000
100
67
1
1
0
1
0
0
1
0
1
1
8
8
11221
0
1
12
67108864
4000
500
9
1
1
0
1
0
0
1
0
1
1
4
1
11233
0
1
11
268435456
2000
100
50
0
1
0
1
0
0
1
1
1
8
8
11239
0
1
12
268435456
1000
50
69
1
1
0
1
0
0
1
0
1
1
1
1
11243
0
1
12
134217728
3000
50
47
1
1
0
1
0
0
1
0
1
1
4
4
11273
0
1
11
134217728
4000
500
59
0
1
0
1
0
0
1
1
1
1
1
11283
0
0
9
268435456
1000
250
1
0
1
0
0
1

1
1
4
1
11313
0
1
11
268435456
2000
500
13
0
1
0
1
0
0
1
1
1
2
1
11320
0
1
12
67108864
1000
250
97
1
1
0
1
0
0
1
0
1
1
8
1
11341
0
0
9
67108864
4000
100
1
0
1
0
0
1

1
1
2
2
11369
0
2
10
67108864
3000
100
10
1
0
1
0
0
1

1
1
1
1
11372
0
0
9
134217728
1000
500
1
0
1
0
0
1

1
1
1
1
11397
0
2
10
268435456
2000
500
10
1
0
1
0
0
1

1
1
1
1
11420
0
2
10
134217728
1000
1000
1
1
0
1
0
0
1

1
1
1
1
11428
0
1
12
67108864
3000
50
42
1
1
0
1
0
0
1
0
1
1
4
1
11442
0
0
9
134217728
3000
1000
1
0
1
0
0
1

1
1
1
1
11462
0
0
9
67108864
3000
500
1
0
1
0
0
1

1
1
1
1
11476
0
1
11
134217728
4000
50
39
0
1
0
1
0
0
1
1
1
8
8
11500
0
1
12
67108864
4000
1000
75
1
1
0
1
0
0
1
0
1
1
4
4
11519
0
2
10
134217728
3000
1000
100
1
0
1
0
0
1

1
1
1
1
11521
0
1
12
134217728
2000
50
41
1
1
0
1
0
0
1
0
1
1
2
1
11530
0
2
10
134217728
3000
50
5
1
0
1
0
0
1

1
1
4
4
11531
0
1
11
134217728
1000
100
30
0
1
0
1
0
0
1
1
1
8
4
11546
0
1
12
134217728
1000
500
85
1
1
0
1
0
0
1
0
1
1
8
8
11555
0
0
9
67108864
2000
50
1
0
1
0
0
1

1
1
1
1
11562
0
1
12
134217728
4000
500
45
1
1
0
1
0
0
1
0
1
1
2
1
11578
0
2
10
67108864
4000
250
1
1
0
1
0
0
1

1
1
1
1
11606
0
1
11
268435456
2000
100
3
0
1
0
1
0
0
1
1
1
1
1
11613
0
2
10
134217728
3000
50
1000
1
0
1
0
0
1

1
1
1
1
11641
0
0
9
67108864
1000
1000
1
0
1
0
0
1

1
1
2
1
11663
0
0
9
67108864
2000
50
1
0
1
0
0
1

1
1
2
1
11676
0
0
9
134217728
4000
500
1
0
1
0
0
1

1
1
4
2
11701
0
0
9
67108864
3000
50
1
0
1
0
0
1

1
1
8
2
11722
0
1
11
268435456
3000
250
48
0
1
0
1
0
0
1
1
1
4
4
11726
0
0
9
134217728
3000
500
1
0
1
0
0
1

1
1
8
4
11741
0
0
9
268435456
1000
500
1
0
1
0
0
1

1
1
8
1
11756
0
0
9
268435456
2000
250
1
0
1
0
0
1

1
1
8
4
11767
0
2
10
134217728
1000
50
100
1
0
1
0
0
1

1
1
4
4
11771
0
0
9
134217728
3000
250
1
0
1
0
0
1

1
1
2
2
11776
0
0
9
67108864
4000
50
1
0
1
0
0
1

1
1
4
1
11797
0
2
10
67108864
1000
250
1000
1
0
1
0
0
1

1
1
4
4
11811
0
0
9
67108864
4000
100
1
0
1
0
0
1

1
1
8
1
11830
0
1
12
268435456
3000
100
30
1
1
0
1
0
0
1
0
1
1
2
1
11855
0
2
10
268435456
3000
250
1000
1
0
1
0
0
1

1
1
1
1
11856
0
2
10
134217728
4000
500
5
1
0
1
0
0
1

1
1
2
1
11876
0
1
11
134217728
4000
250
54
0
1
0
1
0
0
1
1
1
1
1
11899
0
2
10
134217728
3000
50
1000
1
0
1
0
0
1

1
1
4
2
11917
0
2
10
134217728
2000
50
100
1
0
1
0
0
1

1
1
8
2
11927
0
0
9
67108864
2000
50
1
0
1
0
0
1

1
1
1
1
11930
0
1
11
134217728
1000
100
49
0
1
0
1
0
0
1
1
1
8
2
11945
0
1
12
268435456
2000
250
18
1
1
0
1
0
0
1
0
1
1
8
4
11960
0
0
9
67108864
2000
50
1
0
1
0
0
1

1
1
8
8
11980
0
2
10
67108864
1000
1000
5
1
0
1
0
0
1

1
1
4
1
12010
0
0
9
268435456
3000
250
1
0
1
0
0
1

1
1
4
1
12022
0
2
10
134217728
4000
500
100
1
0
1
0
0
1

1
1
4
2
12023
0
2
10
268435456
1000
500
1000
1
0
1
0
0
1

1
1
4
2
12051
0
1
12
67108864
2000
1000
18
1
1
0
1
0
0
1
0
1
1
8
8
12057
0
2
10
134217728
1000
1000
5
1
0
1
0
0
1

1
1
2
2
12067
0
1
11
134217728
4000
500
9
0
1
0
1
0
0
1
1
1
4
2
12081
0
2
10
67108864
3000
250
1000
1
0
1
0
0
1

1
1
8
1
12087
0
2
10
134217728
2000
50
5
1
0
1
0
0
1

1
1
4
2
12089
0
1
11
268435456
1000
250
12
0
1
0
1
0
0
1
1
1
1
1
12096
0
0
9
268435456
3000
250
1
0
1
0
0
1

1
1
1
1
12098
0
2
10
134217728
2000
1000
1000
1
0
1
0
0
1

1
1
2
2
12112
0
0
9
67108864
3000
100
1
0
1
0
0
1

1
1
1
1
12115
0
2
10
134217728
2000
250
10
1
0
1
0
0
1

1
1
1
1
12122
0
2
10
67108864
1000
250
100
1
0
1
0
0
1

1
1
1
1
12127
0
2
10
134217728
4000
1000
1000
1
0
1
0
0
1

1
1
1
1
12129
0
1
11
268435456
1000
100
25
0
1
0
1
0
0
1
1
1
8
1
12159
0
2
10
268435456
1000
500
1
1
0
1
0
0
1

1
1
2
1
12176
0
1
12
67108864
3000
250
24
1
1
0
1
0
0
1
0
1
1
8
4
12191
0
2
10
134217728
3000
500
10
1
0
1
0
0
1

1
1
8
1
12204
0
1
11
268435456
1000
250
57
0
1
0
1
0
0
1
1
1
1
1
12234
0
1
11
268435456
2000
50
96
0
1
0
1
0
0
1
1
1
1
1
12240
0
0
9
134217728
4000
50
1
0
1
0
0
1

1
1
4
4
12269
0
2
10
67108864
2000
1000
1
1
0
1
0
0
1

1
1
1
1
12287
0
0
9
134217728
3000
500
1
0
1
0
0
1

1
1
1
1
12299
0
1
11
134217728
4000
50
55
0
1
0
1
0
0
1
1
1
4
1
12320
0
0
9
67108864
3000
1000
1
0
1
0
0
1

1
1
4
4
12327
0
0
9
67108864
4000
250
1
0
1
0
0
1

1
1
8
4
12355
0
0
9
268435456
1000
50
1
0
1
0
0
1

1
1
2
1
12378
0
1
12
67108864
2000
250
60
1
1
0
1
0
0
1
0
1
1
2
1
12397
0
1
12
134217728
2000
250
55
1
1
0
1
0
0
1
0
1
1
1
1
12417
0
1
12
134217728
2000
250
41
1
1
0
1
0
0
1
0
1
1
2
2
12434
0
1
11
268435456
3000
500
22
0
1
0
1
0
0
1
1
1
1
1
12442
0
2
10
134217728
3000
100
100
1
0
1
0
0
1

1
1
4
2
12466
0
0
9
67108864
3000
500
1
0
1
0
0
1

1
1
8
4
12477
0
2
10
67108864
1000
500
10
1
0
1
0
0
1

1
1
8
8
12493
0
2
10
268435456
2000
500
5
1
0
1
0
0
1

1
1
4
2
12520
0
0
9
268435456
2000
100
1
0
1
0
0
1

1
1
8
8
12546
0
1
11
67108864
4000
100
23
0
1
0
1
0
0
1
1
1
2
1
12547
0
0
9
268435456
3000
50
1
0
1
0
0
1

1
1
1
1
12572
0
2
10
134217728
2000
50
10
1
0
1
0
0
1

1
1
2
2
12598
0
2
10
67108864
1000
100
1000
1
0
1
0
0
1

1
1
4
2
12626
0
0
9
268435456
3000
500
1
0
1
0
0
1

1
1
8
8
12630
0
2
10
134217728
3000
1000
1
1
0
1
0
0
1

1
1
2
1
12650
0
0
9
134217728
3000
250
1
0
1
0
0
1

1
1
2
1
12670
0
1
12
67108864
1000
250
82
1
1
0
1
0
0
1
0
1
1
1
1
12677
0
0
9
268435456
3000
500
1
0
1
0
0
1

1
1
4
2
12694
0
0
9
67108864
1000
1000
1
0
1
0
0
1

1
1
8
8
12703
0
1
11
268435456
2000
500
55
0
1
0
1
0
0
1
1
1
2
2
12719
0
0
9
268435456
1000
500
1
0
1
0
0
1

1
1
1
1
12729
0
0
9
134217728
3000
500
1
0
1
0
0
1

1
1
1
1
12739
0
1
11
67108864
3000
250
39
0
1
0
1
0
0
1
1
1
8
2
12746
0
2
10
268435456
1000
250
1000
1
0
1
0
0
1

1
1
4
4
12758
0
1
11
268435456
3000
100
53
0
1
0
1
0
0
1
1
1
2
1
12761
0
0
9
134217728
3000
1000
1
0
1
0
0
1

1
1
4
2
12765
0
1
12
268435456
3000
500
56
1
1
0
1
0
0
1
0
1
1
4
2
12784
0
1
12
134217728
3000
1000
20
1
1
0
1
0
0
1
0
1
1
8
1
12797
0
2
10
268435456
3000
100
5
1
0
1
0
0
1

1
1
4
1
12826
0
2
10
268435456
3000
500
1000
1
0
1
0
0
1

1
1
4
2
12844
0
1
12
67108864
4000
1000
67
1
1
0
1
0
0
1
0
1
1
8
1
12854
0
2
10
134217728
1000
250
5
1
0
1
0
0
1

1
1
4
2
12863
0
2
10
268435456
3000
500
1000
1
0
1
0
0
1

1
1
8
8
12876
0
1
11
268435456
1000
250
75
0
1
0
1
0
0
1
1
1
8
1
12894
0
0
9
134217728
3000
500
1
0
1
0
0
1

1
1
8
4
12912
0
1
12
268435456
3000
500
70
1
1
0
1
0
0
1
0
1
1
1
1
12916
0
1
12
67108864
1000
100
77
1
1
0
1
0
0
1
0
1
1
2
1
12922
0
0
9
134217728
3000
1000
1
0
1
0
0
1

1
1
1
1
12945
0
1
12
134217728
2000
1000
73
1
1
0
1
0
0
1
0
1
1
2
1
12959
0
1
11
67108864
2000
500
69
0
1
0
1
0
0
1
1
1
8
8
12982
0
0
9
134217728
4000
1000
1
0
1
0
0
1

1
1
1
1
12998
0
0
9
67108864
2000
50
1
0
1
0
0
1

1
1
2
1
13008
0
1
12
268435456
1000
50
55
1
1
0
1
0
0
1
0
1
1
8
8
13016
0
1
11
134217728
1000
250
77
0
1
0
1
0
0
1
1
1
2
1
13033
0
0
9
134217728
2000
500
1
0
1
0
0
1

1
1
8
4
13062
0
0
9
134217728
2000
500
1
0
1
0
0
1

1
1
1
1
13071
0
0
9
134217728
1000
250
1
0
1
0
0
1

1
1
1
1
13090
0
2
10
134217728
3000
1000
1000
1
0
1
0
0
1

1
1
8
1
13096
0
0
9
134217728
1000
1000
1
0
1
0
0
1

1
1
8
1
13120
0
2
10
67108864
1000
100
1000
1
0
1
0
0
1

1
1
4
1
13121
0
2
10
268435456
1000
500
1000
1
0
1
0
0
1

1
1
1
1
13123
0
2
10
268435456
2000
100
5
1
0
1
0
0
1

1
1
2
1
13131
0
0
9
134217728
1000
500
1
0
1
0
0
1

1
1
8
8
13158
0
1
11
268435456
3000
250
94
0
1
0
1
0
0
1
1
1
4
2
13162
0
0
9
67108864
3000
1000
1
0
1
0
0
1

1
1
4
2
13163
0
2
10
268435456
3000
250
10
1
0
1
0
0
1

1
1
2
1
13179
0
0
9
268435456
3000
250
1
0
1
0
0
1

1
1
8
8
13186
0
2
10
134217728
2000
1000
10
1
0
1
0
0
1

1
1
2
1
13196
0
2
10
268435456
1000
500
1000
1
0
1
0
0
1

1
1
4
4
13201
0
2
10
268435456
3000
100
5
1
0
1
0
0
1

1
1
2
1
13223
0
0
9
134217728
2000
250
1
0
1
0
0
1

1
1
4
2
13236
0
0
9
134217728
1000
250
1
0
1
0
0
1

1
1
1
1
13246
0
1
11
134217728
4000
100
12
0
1
0
1
0
0
1
1
1
8
4
13253
0
2
10
268435456
2000
500
100
1
0
1
0
0
1

1
1
1
1
13266
0
1
12
268435456
3000
250
68
1
1
0
1
0
0
1
0
1
1
8
4
13291
0
1
12
134217728
2000
1000
66
1
1
0
1
0
0
1
0
1
1
2
1
13309
0
0
9
67108864
4000
100
1
0
1
0
0
1

1
1
4
4
13338
0
1
11
134217728
3000
1000
27
0
1
0
1
0
0
1
1
1
4
2
13364
0
1
12
134217728
1000
1000
68
1
1
0
1
0
0
1
0
1
1
4
4
13389
0
1
12
67108864
1000
100
67
1
1
0
1
0
0
1
0
1
1
1
1
13418
0
0
9
67108864
3000
250
1
0
1
0
0
1

1
1
2
1
13444
0
2
10
268435456
3000
250
100
1
0
1
0
0
1

1
1
4
4
13446
0
0
9
134217728
1000
250
1
0
1
0
0
1

1
1
8
4
13469
0
1
12
67108864
2000
100
80
1
1
0
1
0
0
1
0
1
1
4
1
13493
0
0
9
134217728
4000
50
1
0
1
0
0
1

1
1
1
1
13506
0
0
9
134217728
3000
1000
1
0
1
0
0
1

1
1
4
2
13524
0
2
10
134217728
1000
250
10
1
0
1
0
0
1

1
1
1
1
13550
0
1
11
67108864
4000
250
86
0
1
0
1
0
0
1
1
1
8
8
13577
0
2
10
134217728
3000
100
5
1
0
1
0
0
1

1
1
4
1
13597
0
1
11
134217728
3000
250
65
0
1
0
1
0
0
1
1
1
4
2
13617
0
0
9
67108864
4000
250
1
0
1
0
0
1

1
1
4
2
13619
0
2
10
67108864
4000
250
5
1
0
1
0
0
1

1
1
4
1
13625
0
0
9
67108864
3000
250
1
0
1
0
0
1

1
1
1
1
13637
0
0
9
134217728
3000
1000
1
0
1
0
0
1

1
1
4
4
13645
0
2
10
134217728
1000
50
1000
1
0
1
0
0
1

1
1
2
2
13655
0
0
9
134217728
3000
100
1
0
1
0
0
1

1
1
2
1
13663
0
0
9
67108864
4000
500
1
0
1
0
0
1

1
1
1
1
13679
0
0
9
67108864
2000
50
1
0
1
0
0
1

1
1
1
1
13700
0
2
10
268435456
1000
100
100
1
0
1
0
0
1

1
1
1
1
13728
0
2
10
268435456
1000
500
1
1
0
1
0
0
1

1
1
8
8
13744
0
2
10
268435456
1000
50
100
1
0
1
0
0
1

1
1
4
2
13748
0
0
9
134217728
2000
50
1
0
1
0
0
1

1
1
2
2
13759
0
0
9
67108864
3000
50
1
0
1
0
0
1

1
1
8
1
13778
0
0
9
134217728
4000
500
1
0
1
0
0
1

1
1
8
8
13789
0
2
10
268435456
3000
500
1
1
0
1
0
0
1

1
1
4
2
13807
0
2
10
134217728
4000
250
10
1
0
1
0
0
1

1
1
8
4
13814
0
0
9
134217728
4000
50
1
0
1
0
0
1

1
1
4
1
13843
0
0
9
67108864
3000
1000
1
0
1
0
0
1

1
1
4
2
13871
0
2
10
268435456
2000
250
5
1
0
1
0
0
1

1
1
1
1
13872
0
2
10
134217728
1000
500
1
1
0
1
0
0
1

1
1
1
1
13877
0
0
9
134217728
1000
1000
1
0
1
0
0
1

1
1
8
1
13889
0
0
9
268435456
2000
500
1
0
1
0
0
1

1
1
1
1
13908
0
2
10
134217728
4000
50
5
1
0
1
0
0
1

1
1
2
1
13918
0
2
10
134217728
1000
250
1
1
0
1
0
0
1

1
1
2
1
13919
0
2
10
67108864
3000
100
10
1
0
1
0
0
1

1
1
8
1
13921
0
0
9
134217728
3000
100
1
0
1
0
0
1

1
1
2
1
13949
0
0
9
268435456
3000
50
1
0
1
0
0
1

1
1
4
4
13967
0
2
10
67108864
4000
250
100
1
0
1
0
0
1

1
1
4
2
13997
0
0
9
268435456
2000
50
1
0
1
0
0
1

1
1
2
1
14020
0
0
9
268435456
3000
500
1
0
1
0
0
1

1
1
4
2
14028
0
0
9
134217728
4000
50
1
0
1
0
0
1

1
1
4
2
14035
0
0
9
67108864
4000
50
1
0
1
0
0
1

1
1
1
1
14045
0
0
9
268435456
2000
250
1
0
1
0
0
1

1
1
4
1
14054
0
0
9
268435456
3000
50
1
0
1
0
0
1

1
1
1
1
14071
0
0
9
67108864
2000
250
1
0
1
0
0
1

1
1
8
8
14080
0
0
9
134217728
1000
1000
1
0
1
0
0
1

1
1
2
1
14107
0
0
9
134217728
1000
50
1
0
1
0
0
1

1
1
8
8
14135
0
0
9
67108864
4000
1000
1
0
1
0
0
1

1
1
1
1
14146
0
0
9
268435456
1000
100
1
0
1
0
0
1

1
1
2
2
14150
0
0
9
268435456
2000
250
1
0
1
0
0
1

1
1
1
1
14166
0
0
9
67108864
2000
100
1
0
1
0
0
1

1
1
1
1
14194
0
0
9
134217728
1000
250
1
0
1
0
0
1

1
1
2
1
14214
0
0
9
134217728
2000
250
1
0
1
0
0
1

1
1
2
1
14242
0
0
9
268435456
3000
100
1
0
1
0
0
1

1
1
4
2
14251
0
0
9
134217728
1000
250
1
0
1
0
0
1

1
1
4
4
14263
0
0
9
67108864
2000
500
1
0
1
0
0
1

1
1
4
4
14292
0
0
9
268435456
3000
500
1
0
1
0
0
1

1
1
1
1
14294
0
0
9
268435456
3000
500
1
0
1
0
0
1

1
1
1
1
14324
0
0
9
268435456
3000
250
1
0
1
0
0
1

1
1
4
2
14347
0
0
9
67108864
2000
100
1
0
1
0
0
1

1
1
8
8
14356
0
0
9
268435456
1000
50
1
0
1
0
0
1

1
1
2
2
14374
0
0
9
134217728
2000
1000
1
0
1
0
0
1

1
1
1
1
14386
0
0
9
134217728
3000
1000
1
0
1
0
0
1

1
1
2
1
14387
0
0
9
134217728
1000
100
1
0
1
0
0
1

1
1
8
8
14417
0
0
9
67108864
2000
1000
1
0
1
0
0
1

1
1
8
8
14418
0
0
9
268435456
3000
100
1
0
1
0
0
1

1
1
1
1
14440
0
0
9
67108864
1000
500
1
0
1
0
0
1

1
1
2
1
14466
0
0
9
134217728
1000
250
1
0
1
0
0
1

1
1
8
1
14493
0
0
9
268435456
1000
50
1
0
1
0
0
1

1
1
8
8
14511
0
0
9
67108864
4000
50
1
0
1
0
0
1

1
1
4
4
14524
0
0
9
268435456
3000
250
1
0
1
0
0
1

1
1
2
2
14532
0
0
9
67108864
4000
500
1
0
1
0
0
1

1
1
1
1
14555
0
0
9
67108864
2000
500
1
0
1
0
0
1

1
1
2
2
14578
0
0
9
67108864
4000
50
1
0
1
0
0
1

1
1
4
2
14594
0
0
9
268435456
3000
500
1
0
1
0
0
1

1
1
1
1
14619
0
0
9
268435456
2000
50
1
0
1
0
0
1

1
1
8
4
14648
0
0
9
268435456
3000
50
1
0
1
0
0
1

1
1
8
8
14654
0
0
9
268435456
3000
500
1
0
1
0
0
1

1
1
8
2
14667
0
0
9
268435456
3000
50
1
0
1
0
0
1

1
1
1
1
14670
0
0
9
268435456
1000
100
1
0
1
0
0
1

1
1
8
2
14688
0
0
9
67108864
3000
100
1
0
1
0
0
1

1
1
8
1
14695
0
0
9
67108864
1000
500
1
0
1
0
0
1

1
1
1
1
14701
0
0
9
67108864
1000
1000
1
0
1
0
0
1

1
1
2
1
14727
0
0
9
268435456
2000
500
1
0
1
0
0
1

1
1
4
2
14734
0
0
9
134217728
2000
500
1
0
1
0
0
1

1
1
2
1
14760
0
0
9
268435456
3000
50
1
0
1
0
0
1

1
1
4
2
14767
0
0
9
134217728
1000
500
1
0
1
0
0
1

1
1
1
1
14780
0
0
9
134217728
2000
50
1
0
1
0
0
1

1
1
4
2
14801
0
0
9
67108864
4000
1000
1
0
1
0
0
1

1
1
8
8
14811
0
0
9
67108864
2000
50
1
0
1
0
0
1

1
1
2
1
14812
0
0
9
67108864
4000
250
1
0
1
0
0
1

1
1
1
1
14825
0
0
9
67108864
1000
250
1
0
1
0
0
1

1
1
1
1
14843
0
0
9
268435456
3000
500
1
0
1
0
0
1

1
1
4
2
14873
0
0
9
67108864
1000
1000
1
0
1
0
0
1

1
1
2
1
14901
0
0
9
134217728
3000
50
1
0
1
0
0
1

1
1
2
1
14907
0
0
9
67108864
2000
50
1
0
1
0
0
1

1
1
1
1
14927
0
0
9
134217728
4000
1000
1
0
1
0
0
1

1
1
1
1
14952
0
0
9
268435456
2000
50
1
0
1
0
0
1

1
1
1
1
14972
0
0
9
268435456
3000
250
1
0
1
0
0
1

1
1
8
4
14996
0
0
9
134217728
2000
50
1
0
1
0
0
1

1
1
4
2
15012
0
0
9
268435456
3000
250
1
0
1
0
0
1

1
1
2
1
15015
0
0
9
134217728
2000
100
1
0
1
0
0
1

1
1
1
1
15023
0
0
9
268435456
3000
100
1
0
1
0
0
1

1
1
1
1
15036
0
0
9
268435456
3000
250
1
0
1
0
0
1

1
1
2
1
15056
0
0
9
67108864
1000
50
1
0
1
0
0
1

1
1
1
1
15079
0
0
9
134217728
3000
100
1
0
1
0
0
1

1
1
8
4
15098
0
0
9
134217728
1000
1000
1
0
1
0
0
1

1
1
1
1
15107
0
0
9
67108864
2000
1000
1
0
1
0
0
1

1
1
8
8
15111
0
0
9
134217728
3000
100
1
0
1
0
0
1

1
1
8
4
15114
0
0
9
134217728
2000
500
1
0
1
0
0
1

1
1
4
2
15132
0
0
9
268435456
3000
100
1
0
1
0
0
1

1
1
8
8
15150
0
0
9
67108864
3000
1000
1
0
1
0
0
1

1
1
8
1
15179
0
0
9
67108864
4000
1000
1
0
1
0
0
1

1
1
1
1
15193
0
0
9
67108864
2000
500
1
0
1
0
0
1

1
1
1
1
15223
0
0
9
67108864
1000
250
1
0
1
0
0
1

1
1
8
4
15240
0
0
9
268435456
3000
500
1
0
1
0
0
1

1
1
4
1
15243
0
0
9
67108864
4000
500
1
0
1
0
0
1

1
1
4
2
15271
0
0
9
268435456
1000
500
1
0
1
0
0
1

1
1
8
8
15277
0
0
9
268435456
3000
100
1
0
1
0
0
1

1
1
8
1
15283
0
0
9
67108864
1000
100
1
0
1
0
0
1

1
1
4
2
15285
0
0
9
67108864
4000
250
1
0
1
0
0
1

1
1
2
1
15294
0
0
9
268435456
1000
100
1
0
1
0
0
1

1
1
2
2
15309
0
0
9
134217728
4000
500
1
0
1
0
0
1

1
1
8
2
15327
0
0
9
134217728
4000
1000
1
0
1
0
0
1

1
1
8
8
15328
0
0
9
134217728
1000
1000
1
0
1
0
0
1

1
1
2
1
15352
0
0
9
134217728
4000
50
1
0
1
0
0
1

1
1
1
1
15354
0
0
9
268435456
1000
250
1
0
1
0
0
1

1
1
4
4
15378
0
0
9
268435456
1000
500
1
0
1
0
0
1

1
1
1
1
15400
0
0
9
67108864
3000
250
1
0
1
0
0
1

1
1
2
1
15415
0
0
9
134217728
2000
100
1
0
1
0
0
1

1
1
2
1
15432
0
0
9
134217728
1000
100
1
0
1
0
0
1

1
1
2
1
15447
0
0
9
268435456
3000
500
1
0
1
0
0
1

1
1
1
1
15460
0
0
9
268435456
1000
500
1
0
1
0
0
1

1
1
1
1
15468
0
0
9
268435456
1000
100
1
0
1
0
0
1

1
1
8
4
15480
0
0
9
67108864
4000
100
1
0
1
0
0
1

1
1
4
1
15508
0
0
9
134217728
2000
500
1
0
1
0
0
1

1
1
4
2
15517
0
0
9
134217728
3000
100
1
0
1
0
0
1

1
1
2
2
15537
0
0
9
134217728
4000
500
1
0
1
0
0
1

1
1
1
1
15560
0
0
9
67108864
2000
500
1
0
1
0
0
1

1
1
1
1
15586
0
0
9
134217728
2000
50
1
0
1
0
0
1

1
1
1
1
15609
0
0
9
67108864
2000
500
1
0
1
0
0
1

1
1
1
1
15621
0
0
9
67108864
1000
250
1
0
1
0
0
1

1
1
2
1
15648
0
0
9
67108864
1000
50
1
0
1
0
0
1

1
1
4
1
15668
0
0
9
134217728
4000
250
1
0
1
0
0
1

1
1
1
1
15684
0
0
9
67108864
4000
50
1
0
1
0
0
1

1
1
8
2
15693
0
0
9
134217728
4000
500
1
0
1
0
0
1

1
1
1
1
15696
0
0
9
268435456
3000
500
1
0
1
0
0
1

1
1
1
1
15702
0
0
9
268435456
3000
500
1
0
1
0
0
1

1
1
8
1
15731
0
0
9
134217728
1000
100
1
0
1
0
0
1

1
1
2
1
15744
0
0
9
67108864
1000
1000
1
0
1
0
0
1

1
1
2
1
15769
0
0
9
67108864
1000
250
1
0
1
0
0
1

1
1
2
2
15777
0
0
9
134217728
2000
1000
1
0
1
0
0
1

1
1
4
2
15799
0
0
9
268435456
2000
100
1
0
1
0
0
1

1
1
8
8
15814
0
0
9
134217728
3000
100
1
0
1
0
0
1

1
1
4
1
15823
0
0
9
67108864
3000
100
1
0
1
0
0
1

1
1
4
2
15846
0
0
9
268435456
3000
500
1
0
1
0
0
1

1
1
4
1
15876
0
0
9
134217728
2000
50
1
0
1
0
0
1

1
1
4
2
15905
0
0
9
268435456
2000
100
1
0
1
0
0
1

1
1
1
1
15915
0
0
9
268435456
3000
500
1
0
1
0
0
1

1
1
1
1
15925
0
0
9
134217728
2000
100
1
0
1
0
0
1

1
1
8
2
15931
0
0
9
67108864
1000
1000
1
0
1
0
0
1

1
1
8
4
15932
0
0
9
67108864
1000
250
1
0
1
0
0
1

1
1
4
2
15933
0
0
9
67108864
1000
250
1
0
1
0
0
1

1
1
1
1
15961
0
0
9
67108864
1000
1000
1
0
1
0
0
1

1
1
2
2
15983
0
0
9
67108864
4000
50
1
0
1
0
0
1

1
1
2
2
15998
0
0
9
134217728
1000
1000
1
0
1
0
0
1

1
1
1
1
16028
0
0
9
268435456
3000
100
1
0
1
0
0
1

1
1
1
1
16038
0
0
9
67108864
3000
1000
1
0
1
0
0
1

1
1
2
1
16046
0
0
9
268435456
3000
50
1
0
1
0
0
1

1
1
8
4
16050
0
0
9
67108864
2000
50
1
0
1
0
0
1

1
1
4
4
16080
0
0
9
67108864
4000
500
1
0
1
0
0
1

1
1
1
1
16109
0
0
9
67108864
3000
50
1
0
1
0
0
1

1
1
4
2
16126
0
0
9
268435456
3000
500
1
0
1
0
0
1

1
1
2
1
16138
0
0
9
134217728
4000
100
1
0
1
0
0
1

1
1
8
4
16148
0
0
9
67108864
1000
250
1
0
1
0
0
1

1
1
4
2
16176
0
0
9
67108864
2000
100
1
0
1
0
0
1

1
1
4
2
16177
0
0
9
134217728
1000
50
1
0
1
0
0
1

1
1
4
4
16202
0
0
9
134217728
1000
500
1
0
1
0
0
1

1
1
1
1
16231
0
0
9
67108864
2000
50
1
0
1
0
0
1

1
1
8
8
16248
0
0
9
67108864
4000
1000
1
0
1
0
0
1

1
1
4
4
16276
0
0
9
67108864
2000
1000
1
0
1
0
0
1

1
1
2
1
16295
0
0
9
268435456
2000
500
1
0
1
0
0
1

1
1
2
2
16309
0
0
9
67108864
4000
100
1
0
1
0
0
1

1
1
1
1
16335
0
0
9
67108864
3000
250
1
0
1
0
0
1

1
1
1
1
16358
0
0
9
268435456
1000
100
1
0
1
0
0
1

1
1
2
1
16379
0
0
9
67108864
3000
1000
1
0
1
0
0
1

1
1
4
2
16403
0
0
9
268435456
1000
100
1
0
1
0
0
1

1
1
1
1
16407
0
0
9
134217728
2000
100
1
0
1
0
0
1

1
1
4
2
16414
0
0
9
67108864
4000
250
1
0
1
0
0
1

1
1
4
2
16417
0
0
9
67108864
1000
100
1
0
1
0
0
1

1
1
1
1
16424
0
0
9
67108864
3000
50
1
0
1
0
0
1

1
1
4
4
16453
0
0
9
268435456
1000
500
1
0
1
0
0
1

1
1
8
8
16483
0
0
9
268435456
3000
50
1
0
1
0
0
1

1
1
1
1
16488
0
0
9
268435456
3000
100
1
0
1
0
0
1

1
1
4
2
16495
0
0
9
268435456
3000
250
1
0
1
0
0
1

1
1
2
1
16501
0
0
9
67108864
4000
1000
1
0
1
0
0
1

1
1
2
1
16519
0
0
9
268435456
3000
500
1
0
1
0
0
1

1
1
8
1
16536
0
0
9
134217728
1000
50
1
0
1
0
0
1

1
1
1
1
16558
0
0
9
67108864
3000
100
1
0
1
0
0
1

1
1
1
1
16581
0
0
9
134217728
2000
50
1
0
1
0
0
1

1
1
4
2
16611
0
0
9
134217728
4000
100
1
0
1
0
0
1

1
1
1
1
16623
0
0
9
67108864
1000
250
1
0
1
0
0
1

1
1
8
1
16643
0
0
9
268435456
3000
500
1
0
1
0
0
1

1
1
4
2
16645
0
0
9
67108864
3000
250
1
0
1
0
0
1

1
1
4
2
16669
0
0
9
268435456
2000
50
1
0
1
0
0
1

1
1
8
1
16670
0
0
9
67108864
3000
250
1
0
1
0
0
1

1
1
1
1
16677
0
0
9
67108864
2000
1000
1
0
1
0
0
1

1
1
4
2
16691
0
0
9
268435456
3000
100
1
0
1
0
0
1

1
1
2
1
16710
0
0
9
67108864
2000
50
1
0
1
0
0
1

1
1
1
1
16716
0
0
9
67108864
3000
50
1
0
1
0
0
1

1
1
2
1
16730
0
0
9
134217728
2000
50
1
0
1
0
0
1

1
1
2
1
16760
0
0
9
268435456
3000
50
1
0
1
0
0
1

1
1
8
2
16768
0
0
9
268435456
1000
250
1
0
1
0
0
1

1
1
2
1
16776
0
0
9
134217728
1000
50
1
0
1
0
0
1

1
1
8
8
16791
0
0
9
268435456
2000
500
1
0
1
0
0
1

1
1
4
2
16809
0
0
9
67108864
4000
250
1
0
1
0
0
1

1
1
1
1
16827
0
0
9
134217728
4000
500
1
0
1
0
0
1

1
1
4
2
16832
0
0
9
67108864
3000
250
1
0
1
0
0
1

1
1
8
4
16852
0
0
9
268435456
3000
50
1
0
1
0
0
1

1
1
4
2
16879
0
0
9
67108864
2000
250
1
0
1
0
0
1

1
1
8
8
16901
0
0
9
268435456
2000
500
1
0
1
0
0
1

1
1
1
1
16910
0
0
9
134217728
3000
1000
1
0
1
0
0
1

1
1
4
2
16923
0
0
9
67108864
4000
100
1
0
1
0
0
1

1
1
8
1
16928
0
0
9
134217728
3000
250
1
0
1
0
0
1

1
1
1
1
16957
0
0
9
268435456
3000
500
1
0
1
0
0
1

1
1
2
2
16983
0
0
9
134217728
3000
250
1
0
1
0
0
1

1
1
1
1
17007
0
0
9
134217728
1000
100
1
0
1
0
0
1

1
1
1
1
17036
0
0
9
268435456
3000
250
1
0
1
0
0
1

1
1
4
4
17066
0
0
9
67108864
3000
500
1
0
1
0
0
1

1
1
4
2
17074
0
0
9
268435456
3000
50
1
0
1
0
0
1

1
1
1
1
17102
0
0
9
134217728
4000
500
1
0
1
0
0
1

1
1
1
1
17116
0
0
9
134217728
3000
1000
1
0
1
0
0
1

1
1
4
2
17126
0
0
9
67108864
2000
500
1
0
1
0
0
1

1
1
1
1
17130
0
0
9
67108864
2000
50
1
0
1
0
0
1

1
1
1
1
17133
0
0
9
268435456
3000
100
1
0
1
0
0
1

1
1
1
1
17136
0
0
9
134217728
3000
100
1
0
1
0
0
1

1
1
8
8
17160
0
0
9
268435456
3000
50
1
0
1
0
0
1

1
1
4
2
17168
0
0
9
134217728
2000
500
1
0
1
0
0
1

1
1
1
1
17194
0
0
9
67108864
1000
50
1
0
1
0
0
1

1
1
2
1
17217
0
0
9
268435456
3000
500
1
0
1
0
0
1

1
1
4
4
17240
0
0
9
268435456
3000
100
1
0
1
0
0
1

1
1
8
1
17266
0
0
9
268435456
1000
100
1
0
1
0
0
1

1
1
1
1
17277
0
0
9
268435456
3000
500
1
0
1
0
0
1

1
1
4
4
17295
0
0
9
268435456
1000
500
1
0
1
0
0
1

1
1
1
1
17299
0
0
9
134217728
3000
100
1
0
1
0
0
1

1
1
4
2
17321
0
0
9
67108864
1000
100
1
0
1
0
0
1

1
1
4
4
17337
0
0
9
268435456
3000
500
1
0
1
0
0
1

1
1
8
2
17349
0
0
9
67108864
2000
100
1
0
1
0
0
1

1
1
8
4
17354
0
0
9
134217728
2000
50
1
0
1
0
0
1

1
1
1
1
17369
0
0
9
268435456
3000
50
1
0
1
0
0
1

1
1
1
1
17396
0
0
9
67108864
2000
50
1
0
1
0
0
1

1
1
8
4
17410
0
0
9
134217728
1000
1000
1
0
1
0
0
1

1
1
8
2
17433
0
0
9
134217728
4000
250
1
0
1
0
0
1

1
1
2
2
17436
0
0
9
268435456
1000
500
1
0
1
0
0
1

1
1
4
4
17465
0
0
9
67108864
1000
100
1
0
1
0
0
1

1
1
2
1
17470
0
0
9
268435456
3000
50
1
0
1
0
0
1

1
1
1
1
17479
0
0
9
134217728
2000
250
1
0
1
0
0
1

1
1
4
1
17502
0
0
9
67108864
4000
100
1
0
1
0
0
1

1
1
4
2
17528
0
0
9
268435456
2000
50
1
0
1
0
0
1

1
1
1
1
17539
0
0
9
134217728
1000
1000
1
0
1
0
0
1

1
1
2
2
17557
0
0
9
67108864
4000
50
1
0
1
0
0
1

1
1
2
2
17558
0
0
9
67108864
2000
1000
1
0
1
0
0
1

1
1
4
4
17570
0
0
9
67108864
3000
1000
1
0
1
0
0
1

1
1
1
1
17583
0
0
9
268435456
2000
500
1
0
1
0
0
1

1
1
1
1
17597
0
0
9
268435456
3000
500
1
0
1
0
0
1

1
1
8
1
17603
0
0
9
268435456
2000
50
1
0
1
0
0
1

1
1
8
2
17624
0
0
9
134217728
3000
500
1
0
1
0
0
1

1
1
8
8
17650
0
0
9
134217728
1000
250
1
0
1
0
0
1

1
1
1
1
17674
0
0
9
134217728
1000
1000
1
0
1
0
0
1

1
1
2
1
17697
0
0
9
268435456
2000
250
1
0
1
0
0
1

1
1
1
1
17727
0
0
9
134217728
4000
50
1
0
1
0
0
1

1
1
2
1
17739
0
0
9
67108864
1000
100
1
0
1
0
0
1

1
1
2
2
17767
0
0
9
134217728
2000
500
1
0
1
0
0
1

1
1
1
1
17791
0
0
9
134217728
2000
250
1
0
1
0
0
1

1
1
1
1
17801
0
0
9
134217728
2000
500
1
0
1
0
0
1

1
1
8
2
17806
0
0
9
268435456
1000
500
1
0
1
0
0
1

1
1
4
2
17807
0
0
9
67108864
3000
1000
1
0
1
0
0
1

1
1
1
1
17825
0
0
9
268435456
2000
50
1
0
1
0
0
1

1
1
2
2
17852
0
0
9
67108864
2000
1000
1
0
1
0
0
1

1
1
8
1
17859
0
0
9
134217728
1000
50
1
0
1
0
0
1

1
1
8
1
17887
0
0
9
134217728
2000
50
1
0
1
0
0
1

1
1
4
2
17892
0
0
9
134217728
1000
500
1
0
1
0
0
1

1
1
8
1
17908
0
0
9
67108864
1000
250
1
0
1
0
0
1

1
1
4
2
17915
0
0
9
67108864
2000
1000
1
0
1
0
0
1

1
1
4
2
17930
0
0
9
268435456
1000
250
1
0
1
0
0
1

1
1
2
2
17944
0
0
9
67108864
4000
50
1
0
1
0
0
1

1
1
4
2
17959
0
0
9
67108864
3000
250
1
0
1
0
0
1

1
1
8
4
17963
0
0
9
67108864
4000
1000
1
0
1
0
0
1

1
1
1
1
17976
0
0
9
67108864
4000
250
1
0
1
0
0
1

1
1
4
4
18005
0
0
9
67108864
1000
250
1
0
1
0
0
1

1
1
2
1
18016
0
0
9
134217728
1000
100
1
0
1
0
0
1

1
1
1
1
18031
0
0
9
134217728
4000
100
1
0
1
0
0
1

1
1
2
1
18036
0
0
9
268435456
3000
50
1
0
1
0
0
1

1
1
8
1
18042
0
0
9
134217728
3000
250
1
0
1
0
0
1

1
1
2
1
18071
0
0
9
134217728
1000
250
1
0
1
0
0
1

1
1
8
4
18090
0
0
9
134217728
1000
100
1
0
1
0
0
1

1
1
1
1
18099
0
0
9
268435456
2000
100
1
0
1
0
0
1

1
1
4
4
18121
0
0
9
134217728
3000
50
1
0
1
0
0
1

1
1
2
1
18142
0
0
9
134217728
2000
1000
1
0
1
0
0
1

1
1
4
2
18159
0
0
9
268435456
2000
50
1
0
1
0
0
1

1
1
1
1
18170
0
0
9
67108864
4000
100
1
0
1
0
0
1

1
1
8
4
18192
0
0
9
67108864
1000
500
1
0
1
0
0
1

1
1
1
1
18197
0
0
9
268435456
3000
500
1
0
1
0
0
1

1
1
2
1
18202
0
0
9
134217728
4000
100
1
0
1
0
0
1

1
1
4
1
18214
0
0
9
134217728
3000
500
1
0
1
0
0
1

1
1
4
1
18236
0
0
9
134217728
1000
250
1
0
1
0
0
1

1
1
4
4
18251
0
0
9
268435456
1000
500
1
0
1
0
0
1

1
1
2
1
18273
0
0
9
134217728
1000
250
1
0
1
0
0
1

1
1
2
2
18290
0
0
9
134217728
2000
50
1
0
1
0
0
1

1
1
2
2
18303
0
0
9
268435456
1000
100
1
0
1
0
0
1

1
1
8
1
18332
0
0
9
134217728
3000
250
1
0
1
0
0
1

1
1
1
1
18344
0
0
9
134217728
2000
250
1
0
1
0
0
1

1
1
8
8
18357
0
0
9
134217728
3000
100
1
0
1
0
0
1

1
1
1
1
18374
0
0
9
268435456
2000
50
1
0
1
0
0
1

1
1
8
4
18383
0
0
9
134217728
3000
250
1
0
1
0
0
1

1
1
4
4
18398
0
0
9
268435456
3000
500
1
0
1
0
0
1

1
1
4
4
18407
0
0
9
67108864
4000
50
1
0
1
0
0
1

1
1
2
2
18411
0
0
9
67108864
4000
50
1
0
1
0
0
1

1
1
1
1
18437
0
0
9
268435456
3000
500
1
0
1
0
0
1

1
1
2
1
18439
0
0
9
67108864
3000
100
1
0
1
0
0
1

1
1
4
1
18465
0
0
9
67108864
2000
250
1
0
1
0
0
1

1
1
8
8
18468
0
0
9
134217728
1000
500
1
0
1
0
0
1

1
1
8
4
18488
0
0
9
67108864
2000
100
1
0
1
0
0
1

1
1
8
2
18517
0
0
9
268435456
3000
500
1
0
1
0
0
1

1
1
8
8
18540
0
0
9
268435456
1000
100
1
0
1
0
0
1

1
1
4
2
18566
0
0
9
134217728
3000
250
1
0
1
0
0
1

1
1
4
2
18588
0
0
9
134217728
2000
500
1
0
1
0
0
1

1
1
8
4
18599
0
0
9
134217728
1000
50
1
0
1
0
0
1

1
1
4
2
18621
0
0
9
268435456
3000
100
1
0
1
0
0
1

1
1
4
2
18636
0
0
9
67108864
3000
1000
1
0
1
0
0
1

1
1
4
2
18654
0
0
9
134217728
4000
250
1
0
1
0
0
1

1
1
4
2
18658
0
0
9
134217728
4000
100
1
0
1
0
0
1

1
1
1
1
18664
0
0
9
134217728
4000
100
1
0
1
0
0
1

1
1
2
2
18686
0
0
9
67108864
4000
1000
1
0
1
0
0
1

1
1
4
2
18716
0
0
9
67108864
1000
500
1
0
1
0
0
1

1
1
2
1
18723
0
0
9
134217728
1000
100
1
0
1
0
0
1

1
1
1
1
18726
0
0
9
67108864
1000
50
1
0
1
0
0
1

1
1
1
1
18730
0
0
9
134217728
2000
50
1
0
1
0
0
1

1
1
2
1
18757
0
0
9
134217728
2000
250
1
0
1
0
0
1

1
1
4
2
18787
0
0
9
268435456
1000
500
1
0
1
0
0
1

1
1
1
1
18805
0
0
9
268435456
3000
500
1
0
1
0
0
1

1
1
1
1
18824
0
0
9
268435456
3000
500
1
0
1
0
0
1

1
1
1
1
18838
0
0
9
134217728
2000
500
1
0
1
0
0
1

1
1
2
2
18866
0
0
9
268435456
1000
500
1
0
1
0
0
1

1
1
1
1
18887
0
0
9
268435456
3000
500
1
0
1
0
0
1

1
1
4
4
18902
0
0
9
67108864
3000
1000
1
0
1
0
0
1

1
1
2
1
18926
0
0
9
67108864
3000
100
1
0
1
0
0
1

1
1
4
2
18942
0
0
9
67108864
2000
50
1
0
1
0
0
1

1
1
8
8
18971
0
0
9
268435456
3000
250
1
0
1
0
0
1

1
1
4
2
18981
0
0
9
134217728
4000
250
1
0
1
0
0
1

1
1
4
2
19005
0
0
9
67108864
3000
500
1
0
1
0
0
1

1
1
1
1
19035
0
0
9
67108864
4000
250
1
0
1
0
0
1

1
1
1
1
19058
0
0
9
67108864
4000
250
1
0
1
0
0
1

1
1
2
2
19067
0
0
9
268435456
3000
500
1
0
1
0
0
1

1
1
2
1
19076
0
0
9
268435456
2000
50
1
0
1
0
0
1

1
1
2
1
19083
0
0
9
67108864
3000
250
1
0
1
0
0
1

1
1
8
2
19086
0
0
9
134217728
4000
100
1
0
1
0
0
1

1
1
1
1
19110
0
0
9
134217728
3000
50
1
0
1
0
0
1

1
1
1
1
19128
0
0
9
67108864
2000
50
1
0
1
0
0
1

1
1
1
1
19151
0
0
9
134217728
2000
250
1
0
1
0
0
1

1
1
1
1
19159
0
0
9
67108864
3000
500
1
0
1
0
0
1

1
1
2
2
19180
0
0
9
134217728
2000
500
1
0
1
0
0
1

1
1
2
1
19204
0
0
9
67108864
2000
100
1
0
1
0
0
1

1
1
8
1
19215
0
0
9
67108864
2000
1000
1
0
1
0
0
1

1
1
1
1
19224
0
0
9
67108864
4000
100
1
0
1
0
0
1

1
1
8
8
19249
0
0
9
134217728
4000
500
1
0
1
0
0
1

1
1
4
2
19265
0
0
9
67108864
3000
1000
1
0
1
0
0
1

1
1
4
2
19276
0
0
9
67108864
2000
250
1
0
1
0
0
1

1
1
1
1
19293
0
0
9
134217728
2000
500
1
0
1
0
0
1

1
1
8
8
19304
0
0
9
67108864
3000
100
1
0
1
0
0
1

1
1
1
1
19314
0
0
9
134217728
4000
1000
1
0
1
0
0
1

1
1
2
1
19322
0
0
9
134217728
2000
50
1
0
1
0
0
1

1
1
8
8
19351
0
0
9
268435456
3000
100
1
0
1
0
0
1

1
1
1
1
19358
0
0
9
134217728
4000
500
1
0
1
0
0
1

1
1
8
1
19375
0
0
9
67108864
3000
500
1
0
1
0
0
1

1
1
2
1
19383
0
0
9
268435456
2000
500
1
0
1
0
0
1

1
1
2
2
19389
0
0
9
67108864
3000
1000
1
0
1
0
0
1

1
1
1
1
19393
0
0
9
134217728
3000
100
1
0
1
0
0
1

1
1
1
1
19399
0
0
9
268435456
2000
100
1
0
1
0
0
1

1
1
4
1
19414
0
0
9
134217728
4000
1000
1
0
1
0
0
1

1
1
8
2
19440
0
0
9
67108864
3000
250
1
0
1
0
0
1

1
1
4
2
19450
0
0
9
67108864
2000
100
1
0
1
0
0
1

1
1
1
1
19472
0
0
9
134217728
4000
500
1
0
1
0
0
1

1
1
4
1
19486
0
0
9
268435456
3000
100
1
0
1
0
0
1

1
1
8
8
19497
0
0
9
67108864
2000
250
1
0
1
0
0
1

1
1
2
1
19499
0
0
9
67108864
2000
250
1
0
1
0
0
1

1
1
2
1
19519
0
0
9
268435456
2000
500
1
0
1
0
0
1

1
1
2
1
19541
0
0
9
268435456
3000
50
1
0
1
0
0
1

1
1
4
1
19561
0
0
9
67108864
1000
500
1
0
1
0
0
1

1
1
1
1
19563
0
0
9
134217728
4000
1000
1
0
1
0
0
1

1
1
2
1
19573
0
0
9
67108864
3000
500
1
0
1
0
0
1

1
1
4
4
19585
0
0
9
268435456
1000
100
1
0
1
0
0
1

1
1
1
1
19603
0
0
9
268435456
2000
100
1
0
1
0
0
1

1
1
8
2
19629
0
0
9
268435456
1000
50
1
0
1
0
0
1

1
1
8
8
19636
0
0
9
67108864
1000
250
1
0
1
0
0
1

1
1
1
1
19666
0
0
9
67108864
4000
500
1
0
1
0
0
1

1
1
2
1
19673
0
0
9
134217728
1000
250
1
0
1
0
0
1

1
1
4
2
19676
0
0
9
67108864
3000
250
1
0
1
0
0
1

1
1
1
1
19677
0
0
9
67108864
3000
500
1
0
1
0
0
1

1
1
8
4
19683
0
0
9
134217728
4000
1000
1
0
1
0
0
1

1
1
4
4
19687
0
0
9
268435456
1000
100
1
0
1
0
0
1

1
1
4
4
19690
0
0
9
67108864
4000
500
1
0
1
0
0
1

1
1
8
8
19717
0
0
9
268435456
2000
50
1
0
1
0
0
1

1
1
8
2
19745
0
0
9
67108864
1000
500
1
0
1
0
0
1

1
1
4
1
19754
0
0
9
268435456
3000
250
1
0
1
0
0
1

1
1
2
1
19762
0
0
9
67108864
1000
50
1
0
1
0
0
1

1
1
2
1
19782
0
0
9
134217728
3000
100
1
0
1
0
0
1

1
1
2
1
19811
0
0
9
268435456
1000
50
1
0
1
0
0
1

1
1
1
1
19820
0
0
9
268435456
2000
100
1
0
1
0
0
1

1
1
2
2
19845
0
0
9
268435456
2000
250
1
0
1
0
0
1

1
1
4
2
19872
0
0
9
268435456
3000
500
1
0
1
0
0
1

1
1
2
1
19899
0
0
9
268435456
3000
500
1
0
1
0
0
1

1
1
1
1
19920
0
0
9
67108864
2000
1000
1
0
1
0
0
1

1
1
8
4
19931
0
0
9
268435456
3000
500
1
0
1
0
0
1

1
1
1
1
19960
0
0
9
67108864
2000
50
1
0
1
0
0
1

1
1
2
1
19972
0
0
9
67108864
4000
500
1
0
1
0
0
1

1
1
2
1
19985
0
0
9
134217728
4000
1000
1
0
1
0
0
1

1
1
8
4
20000
0
0
9
268435456
3000
100
1
0
1
0
0
1

1
1
8
8
20013
0
0
9
268435456
1000
50
1
0
1
0
0
1

1
1
4
4
20016
0
0
9
268435456
3000
500
1
0
1
0
0
1

1
1
2
2
20041
0
0
9
268435456
2000
500
1
0
1
0
0
1

1
1
4
2
20047
0
0
9
134217728
1000
100
1
0
1
0
0
1

1
1
4
4
20072
0
0
9
67108864
4000
250
1
0
1
0
0
1

1
1
2
1
20092
0
0
9
268435456
3000
500
1
0
1
0
0
1

1
1
4
1
20102
0
0
9
134217728
4000
50
1
0
1
0
0
1

1
1
8
2
20113
0
0
9
268435456
3000
50
1
0
1
0
0
1

1
1
2
1
20125
0
0
9
67108864
1000
100
1
0
1
0
0
1

1
1
8
2
20129
0
0
9
67108864
3000
1000
1
0
1
0
0
1

1
1
4
1
20131
0
0
9
134217728
1000
1000
1
0
1
0
0
1

1
1
1
1
20155
0
0
9
268435456
2000
50
1
0
1
0
0
1

1
1
2
2
20172
0
0
9
268435456
3000
500
1
0
1
0
0
1

1
1
4
1
20180
0
0
9
134217728
1000
50
1
0
1
0
0
1

1
1
1
1
20206
0
0
9
134217728
2000
1000
1
0
1
0
0
1

1
1
8
2
20214
0
0
9
67108864
1000
1000
1
0
1
0
0
1

1
1
8
8
20239
0
0
9
67108864
4000
250
1
0
1
0
0
1

1
1
1
1
20252
0
0
9
67108864
3000
500
1
0
1
0
0
1

1
1
8
8
20282
0
0
9
268435456
3000
50
1
0
1
0
0
1

1
1
1
1
20287
0
0
9
268435456
2000
500
1
0
1
0
0
1

1
1
1
1
20298
0
0
9
67108864
1000
100
1
0
1
0
0
1

1
1
8
8
20312
0
0
9
268435456
1000
500
1
0
1
0
0
1

1
1
4
2
20335
0
0
9
268435456
3000
250
1
0
1
0
0
1

1
1
8
2
20365
0
0
9
67108864
4000
1000
1
0
1
0
0
1

1
1
1
1
20393
0
0
9
268435456
3000
100
1
0
1
0
0
1

1
1
4
2
20415
0
0
9
268435456
1000
100
1
0
1
0
0
1

1
1
8
8
20430
0
0
9
268435456
3000
250
1
0
1
0
0
1

1
1
4
1
20431
0
0
9
134217728
4000
500
1
0
1
0
0
1

1
1
1
1
20461
0
0
9
268435456
1000
50
1
0
1
0
0
1

1
1
4
4
20470
0
0
9
268435456
3000
500
1
0
1
0
0
1

1
1
4
2
20486
0
0
9
268435456
3000
500
1
0
1
0
0
1

1
1
2
2
20514
0
0
9
268435456
3000
500
1
0
1
0
0
1

1
1
8
8
20524
0
0
9
268435456
1000
500
1
0
1
0
0
1

1
1
8
8
20539
0
0
9
67108864
1000
250
1
0
1
0
0
1

1
1
2
1
20540
0
0
9
134217728
1000
50
1
0
1
0
0
1

1
1
2
2
20559
0
0
9
134217728
1000
500
1
0
1
0
0
1

1
1
1
1
20561
0
0
9
268435456
3000
50
1
0
1
0
0
1

1
1
2
1
20567
0
0
9
67108864
1000
50
1
0
1
0
0
1

1
1
1
1
20581
0
0
9
134217728
1000
250
1
0
1
0
0
1

1
1
2
2
20589
0
0
9
67108864
2000
250
1
0
1
0
0
1

1
1
1
1
20594
0
0
9
67108864
2000
1000
1
0
1
0
0
1

1
1
4
2
20597
0
0
9
67108864
1000
1000
1
0
1
0
0
1

1
1
2
1
20603
0
0
9
134217728
3000
50
1
0
1
0
0
1

1
1
1
1
20611
0
0
9
67108864
3000
100
1
0
1
0
0
1

1
1
4
4
20635
0
0
9
67108864
4000
250
1
0
1
0
0
1

1
1
4
2
20656
0
0
9
67108864
2000
1000
1
0
1
0
0
1

1
1
2
2
20673
0
0
9
134217728
4000
1000
1
0
1
0
0
1

1
1
8
1
20680
0
0
9
67108864
1000
500
1
0
1
0
0
1

1
1
4
4
20709
0
0
9
134217728
4000
100
1
0
1
0
0
1

1
1
4
4
20735
0
0
9
134217728
2000
250
1
0
1
0
0
1

1
1
2
2
20761
0
0
9
67108864
1000
100
1
0
1
0
0
1

1
1
4
2
20789
0
0
9
268435456
1000
50
1
0
1
0
0
1

1
1
2
2
20795
0
0
9
67108864
4000
1000
1
0
1
0
0
1

1
1
1
1
20803
0
0
9
67108864
2000
250
1
0
1
0
0
1

1
1
4
1
20832
0
0
9
134217728
3000
1000
1
0
1
0
0
1

1
1
8
4
20857
0
0
9
134217728
4000
100
1
0
1
0
0
1

1
1
8
8
20872
0
0
9
268435456
3000
500
1
0
1
0
0
1

1
1
8
2
20884
0
0
9
268435456
3000
500
1
0
1
0
0
1

1
1
1
1
20891
0
0
9
268435456
2000
50
1
0
1
0
0
1

1
1
4
1
20920
0
0
9
134217728
2000
100
1
0
1
0
0
1

1
1
4
4
20927
0
0
9
67108864
4000
250
1
0
1
0
0
1

1
1
8
8
20944
0
0
9
134217728
2000
100
1
0
1
0
0
1

1
1
8
1
20972
0
0
9
268435456
3000
500
1
0
1
0
0
1

1
1
2
2
21002
0
0
9
67108864
3000
500
1
0
1
0
0
1

1
1
8
1
21028
0
0
9
67108864
1000
500
1
0
1
0
0
1

1
1
2
1
21044
0
0
9
67108864
4000
250
1
0
1
0
0
1

1
1
4
2
21061
0
0
9
268435456
2000
500
1
0
1
0
0
1

1
1
2
1
21088
0
0
9
268435456
3000
500
1
0
1
0
0
1

1
1
8
2
21111
0
0
9
134217728
1000
1000
1
0
1
0
0
1

1
1
1
1
21121
0
0
9
268435456
2000
100
1
0
1
0
0
1

1
1
2
1
21130
0
0
9
134217728
3000
1000
1
0
1
0
0
1

1
1
2
1
21136
0
0
9
67108864
4000
1000
1
0
1
0
0
1

1
1
1
1
21138
0
0
9
67108864
3000
50
1
0
1
0
0
1

1
1
8
8
21157
0
0
9
67108864
3000
500
1
0
1
0
0
1

1
1
2
2
21187
0
0
9
268435456
1000
50
1
0
1
0
0
1

1
1
8
1
21198
0
0
9
134217728
1000
50
1
0
1
0
0
1

1
1
1
1
21218
0
0
9
268435456
2000
50
1
0
1
0
0
1

1
1
8
1
21228
0
0
9
268435456
3000
100
1
0
1
0
0
1

1
1
1
1
21230
0
0
9
134217728
3000
500
1
0
1
0
0
1

1
1
4
1
21258
0
0
9
268435456
1000
500
1
0
1
0
0
1

1
1
8
8
21278
0
0
9
268435456
1000
50
1
0
1
0
0
1

1
1
2
1
21305
0
0
9
268435456
3000
250
1
0
1
0
0
1

1
1
8
8
21329
0
0
9
67108864
2000
250
1
0
1
0
0
1

1
1
4
4
21349
0
0
9
67108864
2000
1000
1
0
1
0
0
1

1
1
1
1
21368
0
0
9
67108864
4000
250
1
0
1
0
0
1

1
1
4
4
21394
0
0
9
67108864
1000
500
1
0
1
0
0
1

1
1
8
4
21414
0
0
9
134217728
2000
250
1
0
1
0
0
1

1
1
2
1
21432
0
0
9
134217728
4000
1000
1
0
1
0
0
1

1
1
2
1
21444
0
0
9
134217728
1000
250
1
0
1
0
0
1

1
1
2
1
21457
0
0
9
134217728
4000
250
1
0
1
0
0
1

1
1
1
1
21487
0
0
9
67108864
1000
100
1
0
1
0
0
1

1
1
2
2
21517
0
0
9
268435456
2000
250
1
0
1
0
0
1

1
1
1
1
21524
0
0
9
268435456
3000
500
1
0
1
0
0
1

1
1
2
1
21540
0
0
9
268435456
3000
250
1
0
1
0
0
1

1
1
2
1
21567
0
0
9
268435456
3000
500
1
0
1
0
0
1

1
1
2
2
21568
0
0
9
268435456
1000
100
1
0
1
0
0
1

1
1
8
8
21578
0
0
9
67108864
4000
250
1
0
1
0
0
1

1
1
4
2
21587
0
0
9
134217728
2000
100
1
0
1
0
0
1

1
1
2
1
21596
0
0
9
67108864
1000
50
1
0
1
0
0
1

1
1
2
1
21606
0
0
9
268435456
2000
100
1
0
1
0
0
1

1
1
4
1
21626
0
0
9
134217728
4000
250
1
0
1
0
0
1

1
1
4
2
21652
0
0
9
134217728
4000
50
1
0
1
0
0
1

1
1
8
1
21656
0
0
9
268435456
1000
250
1
0
1
0
0
1

1
1
1
1
21684
0
0
9
134217728
4000
250
1
0
1
0
0
1

1
1
2
1
21692
0
0
9
134217728
3000
250
1
0
1
0
0
1

1
1
2
1
21718
0
0
9
268435456
2000
250
1
0
1
0
0
1

1
1
8
2
21739
0
0
9
67108864
4000
500
1
0
1
0
0
1

1
1
1
1
21742
0
0
9
268435456
3000
100
1
0
1
0
0
1

1
1
4
1
21744
0
0
9
134217728
4000
500
1
0
1
0
0
1

1
1
1
1
21769
0
0
9
134217728
1000
50
1
0
1
0
0
1

1
1
2
1
21774
0
0
9
134217728
3000
250
1
0
1
0
0
1

1
1
2
1
21777
0
0
9
67108864
3000
50
1
0
1
0
0
1

1
1
8
1
21796
0
0
9
134217728
2000
100
1
0
1
0
0
1

1
1
8
1
21814
0
0
9
67108864
2000
100
1
0
1
0
0
1

1
1
1
1
21832
0
0
9
134217728
1000
250
1
0
1
0
0
1

1
1
2
1
21858
0
0
9
67108864
4000
100
1
0
1
0
0
1

1
1
1
1
21872
0
0
9
134217728
3000
1000
1
0
1
0
0
1

1
1
4
2
21895
0
0
9
67108864
1000
1000
1
0
1
0
0
1

1
1
8
1
21917
0
0
9
268435456
2000
500
1
0
1
0
0
1

1
1
4
2
21934
0
0
9
134217728
1000
100
1
0
1
0
0
1

1
1
4
1
21954
0
0
9
268435456
2000
250
1
0
1
0
0
1

1
1
2
1
21962
0
0
9
67108864
2000
100
1
0
1
0
0
1

1
1
4
2
21988
0
0
9
268435456
3000
100
1
0
1
0
0
1

1
1
1
1
22017
0
0
9
67108864
2000
100
1
0
1
0
0
1

1
1
4
4
22047
0
0
9
67108864
3000
50
1
0
1
0
0
1

1
1
2
1
22056
0
0
9
67108864
1000
50
1
0
1
0
0
1

1
1
1
1
22064
0
0
9
268435456
2000
250
1
0
1
0
0
1

1
1
8
2
22068
0
0
9
268435456
3000
500
1
0
1
0
0
1

1
1
2
1
22098
0
0
9
134217728
2000
250
1
0
1
0
0
1

1
1
2
2
22125
0
0
9
268435456
3000
50
1
0
1
0
0
1

1
1
1
1
22149
0
0
9
268435456
1000
50
1
0
1
0
0
1

1
1
8
1
22170
0
0
9
67108864
3000
500
1
0
1
0
0
1

1
1
2
1
22188
0
0
9
134217728
2000
250
1
0
1
0
0
1

1
1
2
2
22202
0
0
9
134217728
1000
1000
1
0
1
0
0
1

1
1
8
1
22225
0
0
9
134217728
4000
100
1
0
1
0
0
1

1
1
8
1
22243
0
0
9
268435456
3000
50
1
0
1
0
0
1

1
1
8
1
22270
0
0
9
67108864
4000
500
1
0
1
0
0
1

1
1
4
1
22278
0
0
9
134217728
3000
50
1
0
1
0
0
1

1
1
1
1
22308
0
0
9
134217728
1000
500
1
0
1
0
0
1

1
1
4
1
22313
0
0
9
268435456
3000
500
1
0
1
0
0
1

1
1
2
1
22316
0
0
9
268435456
2000
250
1
0
1
0
0
1

1
1
2
1
22331
0
0
9
134217728
2000
50
1
0
1
0
0
1

1
1
2
1
22336
0
0
9
67108864
1000
500
1
0
1
0
0
1

1
1
4
2
22357
0
0
9
67108864
3000
500
1
0
1
0
0
1

1
1
8
8
22370
0
0
9
134217728
1000
50
1
0
1
0
0
1

1
1
1
1
22372
0
0
9
268435456
1000
500
1
0
1
0
0
1

1
1
1
1
22396
0
0
9
134217728
4000
500
1
0
1
0
0
1

1
1
2
1
22403
0
0
9
67108864
2000
100
1
0
1
0
0
1

1
1
1
1
22420
0
0
9
268435456
2000
250
1
0
1
0
0
1

1
1
1
1
22428
0
0
9
134217728
2000
1000
1
0
1
0
0
1

1
1
8
1
22441
0
0
9
268435456
3000
500
1
0
1
0
0
1

1
1
1
1
22456
0
0
9
134217728
3000
500
1
0
1
0
0
1

1
1
4
1
22470
0
0
9
268435456
2000
100
1
0
1
0
0
1

1
1
4
2
22481
0
0
9
134217728
3000
500
1
0
1
0
0
1

1
1
4
2
22488
0
0
9
67108864
4000
500
1
0
1
0
0
1

1
1
4
2
22500
0
0
9
268435456
3000
250
1
0
1
0
0
1

1
1
2
2
22509
0
0
9
134217728
4000
250
1
0
1
0
0
1

1
1
2
1
22520
0
0
9
268435456
1000
500
1
0
1
0
0
1

1
1
4
2
22546
0
0
9
268435456
3000
50
1
0
1
0
0
1

1
1
1
1
22548
0
0
9
67108864
2000
50
1
0
1
0
0
1

1
1
4
2
22574
0
0
9
268435456
3000
50
1
0
1
0
0
1

1
1
1
1
22584
0
0
9
67108864
2000
1000
1
0
1
0
0
1

1
1
4
1
22597
0
0
9
268435456
3000
500
1
0
1
0
0
1

1
1
4
2
22617
0
0
9
268435456
3000
250
1
0
1
0
0
1

1
1
4
2
22646
0
0
9
67108864
1000
100
1
0
1
0
0
1

1
1
2
2
22648
0
0
9
268435456
2000
250
1
0
1
0
0
1

1
1
1
1
22664
0
0
9
67108864
2000
500
1
0
1
0
0
1

1
1
8
4
22677
0
0
9
67108864
2000
1000
1
0
1
0
0
1

1
1
1
1
22704
0
0
9
134217728
2000
50
1
0
1
0
0
1

1
1
8
2
22725
0
0
9
268435456
3000
100
1
0
1
0
0
1

1
1
2
1
22753
0
0
9
134217728
3000
1000
1
0
1
0
0
1

1
1
2
1
22780
0
0
9
268435456
2000
500
1
0
1
0
0
1

1
1
1
1
22787
0
0
9
67108864
3000
500
1
0
1
0
0
1

1
1
4
2
22796
0
0
9
268435456
2000
100
1
0
1
0
0
1

1
1
8
2
22803
0
0
9
67108864
3000
1000
1
0
1
0
0
1

1
1
4
1
22830
0
0
9
67108864
1000
100
1
0
1
0
0
1

1
1
2
2
22835
0
0
9
134217728
3000
100
1
0
1
0
0
1

1
1
1
1
22852
0
0
9
268435456
1000
50
1
0
1
0
0
1

1
1
2
1
22860
0
0
9
67108864
4000
100
1
0
1
0
0
1

1
1
4
2
22861
0
0
9
268435456
2000
50
1
0
1
0
0
1

1
1
1
1
22867
0
0
9
67108864
3000
100
1
0
1
0
0
1

1
1
1
1
22897
0
0
9
134217728
2000
1000
1
0
1
0
0
1

1
1
4
4
22898
0
0
9
67108864
2000
100
1
0
1
0
0
1

1
1
4
4
22926
0
0
9
67108864
2000
250
1
0
1
0
0
1

1
1
2
1
22940
0
0
9
268435456
2000
100
1
0
1
0
0
1

1
1
1
1
22961
0
0
9
268435456
3000
500
1
0
1
0
0
1

1
1
8
2
22968
0
0
9
268435456
1000
250
1
0
1
0
0
1

1
1
8
4
22986
0
0
9
134217728
3000
100
1
0
1
0
0
1

1
1
4
4
23010
0
0
9
67108864
1000
500
1
0
1
0
0
1

1
1
1
1
23038
0
0
9
67108864
2000
100
1
0
1
0
0
1

1
1
8
8
23060
0
0
9
134217728
2000
500
1
0
1
0
0
1

1
1
4
1
23066
0
0
9
67108864
2000
50
1
0
1
0
0
1

1
1
1
1
23094
0
0
9
134217728
3000
1000
1
0
1
0
0
1

1
1
8
4
23124
0
0
9
67108864
4000
250
1
0
1
0
0
1

1
1
4
4
23135
0
0
9
268435456
2000
100
1
0
1
0
0
1

1
1
4
4
23139
0
0
9
67108864
2000
250
1
0
1
0
0
1

1
1
4
2
23141
0
0
9
134217728
2000
500
1
0
1
0
0
1

1
1
8
8
23147
0
0
9
67108864
2000
100
1
0
1
0
0
1

1
1
2
1
23163
0
0
9
268435456
3000
500
1
0
1
0
0
1

1
1
4
2
23167
0
0
9
268435456
2000
100
1
0
1
0
0
1

1
1
8
1
23192
0
0
9
268435456
1000
250
1
0
1
0
0
1

1
1
1
1
23206
0
0
9
67108864
1000
500
1
0
1
0
0
1

1
1
1
1
23231
0
0
9
67108864
4000
50
1
0
1
0
0
1

1
1
4
4
23242
0
0
9
134217728
3000
250
1
0
1
0
0
1

1
1
4
4
23247
0
0
9
268435456
2000
500
1
0
1
0
0
1

1
1
4
1
23250
0
0
9
67108864
1000
500
1
0
1
0
0
1

1
1
2
1
23267
0
0
9
134217728
3000
50
1
0
1
0
0
1

1
1
1
1
23286
0
0
9
268435456
3000
100
1
0
1
0
0
1

