1500

3
1
2
1
15
0
0
9
268435456
3000
500
1
0
1
0
0
1

3
1
2
1
30
0
2
10
268435456
3000
500
10
1
0
1
0
0
1

3
1
4
4
45
0
0
9
67108864
3000
500
1
0
1
0
0
1

3
1
2
1
72
0
0
9
67108864
4000
250
1
0
1
0
0
1

3
1
8
2
101
0
0
9
67108864
3000
50
1
0
1
0
0
1

3
1
4
2
119
0
1
12
134217728
4000
100
90
1
1
0
1
0
0
1
0
3
1
4
2
149
0
1
12
134217728
3000
100
93
1
1
0
1
0
0
1
0
3
1
1
1
167
0
1
12
268435456
1000
250
3
1
1
0
1
0
0
1
0
3
1
2
1
191
0
0
9
134217728
1000
50
1
0
1
0
0
1

3
1
8
4
203
0
2
10
67108864
1000
100
1
1
0
1
0
0
1

3
1
2
1
231
0
2
10
134217728
3000
500
1000
1
0
1
0
0
1

3
1
8
2
236
0
2
10
268435456
1000
250
100
1
0
1
0
0
1

3
1
8
4
251
0
1
12
67108864
3000
500
4
1
1
0
1
0
0
1
0
3
1
2
1
268
0
0
9
134217728
2000
500
1
0
1
0
0
1

3
1
4
4
284
0
2
10
67108864
3000
500
1000
1
0
1
0
0
1

3
1
4
2
290
0
0
9
134217728
3000
250
1
0
1
0
0
1

3
1
4
2
312
0
2
10
134217728
1000
500
1000
1
0
1
0
0
1

3
1
1
1
321
0
1
12
268435456
2000
500
81
1
1
0
1
0
0
1
0
3
1
8
8
322
0
1
12
268435456
1000
250
25
1
1
0
1
0
0
1
0
3
1
2
1
343
0
0
9
268435456
1000
100
1
0
1
0
0
1

3
1
1
1
355
0
0
9
268435456
3000
500
1
0
1
0
0
1

3
1
2
1
360
0
1
11
67108864
4000
500
15
0
1
0
1
0
0
1
3
1
8
1
362
0
1
11
134217728
4000
500
78
0
1
0
1
0
0
1
3
1
4
2
367
0
2
10
67108864
2000
250
5
1
0
1
0
0
1

3
1
8
4
393
0
1
12
268435456
3000
500
9
1
1
0
1
0
0
1
0
3
1
2
1
419
0
2
10
134217728
3000
100
5
1
0
1
0
0
1

3
1
8
2
437
0
1
12
134217728
4000
500
89
1
1
0
1
0
0
1
0
3
1
8
4
465
0
1
12
268435456
1000
500
49
1
1
0
1
0
0
1
0
3
1
8
4
484
0
0
9
134217728
1000
100
1
0
1
0
0
1

3
1
1
1
514
0
0
9
268435456
3000
500
1
0
1
0
0
1

3
1
8
2
515
0
0
9
67108864
1000
50
1
0
1
0
0
1

3
1
1
1
542
0
0
9
268435456
3000
100
1
0
1
0
0
1

3
1
2
1
547
0
2
10
268435456
3000
50
1
1
0
1
0
0
1

3
1
1
1
567
0
1
11
134217728
1000
1000
38
0
1
0
1
0
0
1
3
1
4
1
578
0
0
9
268435456
3000
500
1
0
1
0
0
1

3
1
2
1
589
0
0
9
268435456
3000
500
1
0
1
0
0
1

3
1
2
1
597
0
2
10
134217728
1000
50
10
1
0
1
0
0
1

3
1
1
1
613
0
0
9
268435456
3000
250
1
0
1
0
0
1

3
1
2
1
624
0
0
9
268435456
2000
100
1
0
1
0
0
1

3
1
2
1
635
0
2
10
67108864
1000
50
10
1
0
1
0
0
1

3
1
1
1
654
0
2
10
268435456
1000
500
1
1
0
1
0
0
1

3
1
8
2
684
0
0
9
134217728
1000
50
1
0
1
0
0
1

3
1
8
4
702
0
2
10
134217728
2000
50
5
1
0
1
0
0
1

3
1
4
1
724
0
2
10
134217728
1000
500
10
1
0
1
0
0
1

3
1
2
1
738
0
0
9
67108864
2000
500
1
0
1
0
0
1

3
1
4
1
763
0
1
11
67108864
4000
1000
69
0
1
0
1
0
0
1
3
1
4
1
779
0
2
10
268435456
3000
100
100
1
0
1
0
0
1

3
1
8
8
788
0
0
9
268435456
2000
100
1
0
1
0
0
1

3
1
4
1
810
0
0
9
268435456
2000
500
1
0
1
0
0
1

3
1
2
1
811
0
2
10
67108864
3000
50
10
1
0
1
0
0
1

3
1
4
4
831
0
2
10
268435456
3000
500
100
1
0
1
0
0
1

3
1
2
2
833
0
2
10
268435456
2000
50
1
1
0
1
0
0
1

3
1
1
1
837
0
1
11
67108864
3000
250
2
0
1
0
1
0
0
1
3
1
2
2
839
0
2
10
134217728
4000
100
100
1
0
1
0
0
1

3
1
8
2
843
0
0
9
67108864
2000
50
1
0
1
0
0
1

3
1
4
2
857
0
2
10
134217728
4000
100
100
1
0
1
0
0
1

3
1
4
1
886
0
1
12
67108864
1000
1000
49
1
1
0
1
0
0
1
0
3
1
1
1
914
0
0
9
134217728
1000
100
1
0
1
0
0
1

3
1
1
1
924
0
2
10
134217728
4000
1000
5
1
0
1
0
0
1

3
1
1
1
933
0
0
9
134217728
2000
500
1
0
1
0
0
1

3
1
4
2
945
0
0
9
134217728
3000
1000
1
0
1
0
0
1

3
1
4
4
962
0
0
9
134217728
2000
500
1
0
1
0
0
1

3
1
1
1
982
0
1
11
134217728
3000
100
79
0
1
0
1
0
0
1
3
1
4
2
1000
0
2
10
268435456
2000
500
1000
1
0
1
0
0
1

3
1
2
1
1021
0
2
10
67108864
4000
250
1
1
0
1
0
0
1

3
1
2
1
1035
0
0
9
268435456
2000
250
1
0
1
0
0
1

3
1
8
8
1044
0
1
12
67108864
4000
100
27
1
1
0
1
0
0
1
0
3
1
8
1
1072
0
1
11
134217728
3000
50
8
0
1
0
1
0
0
1
3
1
1
1
1076
0
0
9
134217728
3000
50
1
0
1
0
0
1

3
1
4
2
1080
0
0
9
268435456
2000
250
1
0
1
0
0
1

3
1
2
2
1090
0
2
10
67108864
4000
50
5
1
0
1
0
0
1

3
1
4
2
1112
0
2
10
268435456
2000
50
100
1
0
1
0
0
1

3
1
2
1
1137
0
1
12
67108864
1000
500
92
1
1
0
1
0
0
1
0
3
1
4
2
1157
0
0
9
67108864
1000
100
1
0
1
0
0
1

3
1
1
1
1182
0
0
9
268435456
3000
500
1
0
1
0
0
1

3
1
4
4
1202
0
1
11
134217728
1000
50
91
0
1
0
1
0
0
1
3
1
8
4
1210
0
1
11
67108864
3000
250
29
0
1
0
1
0
0
1
3
1
4
4
1227
0
2
10
268435456
3000
50
10
1
0
1
0
0
1

3
1
4
1
1242
0
0
9
67108864
3000
1000
1
0
1
0
0
1

3
1
8
2
1255
0
0
9
268435456
2000
500
1
0
1
0
0
1

3
1
4
2
1282
0
0
9
67108864
2000
500
1
0
1
0
0
1

3
1
4
1
1292
0
1
11
134217728
3000
500
78
0
1
0
1
0
0
1
3
1
8
2
1315
0
0
9
134217728
3000
250
1
0
1
0
0
1

3
1
2
1
1327
0
2
10
134217728
1000
250
5
1
0
1
0
0
1

3
1
1
1
1357
0
1
12
268435456
3000
500
92
1
1
0
1
0
0
1
0
3
1
8
8
1375
0
1
12
67108864
3000
250
37
1
1
0
1
0
0
1
0
3
1
2
1
1388
0
2
10
134217728
4000
100
1000
1
0
1
0
0
1

3
1
2
1
1403
0
2
10
134217728
3000
100
1000
1
0
1
0
0
1

3
1
8
8
1427
0
0
9
134217728
4000
50
1
0
1
0
0
1

3
1
1
1
1432
0
0
9
134217728
2000
500
1
0
1
0
0
1

3
1
2
2
1447
0
1
12
268435456
3000
50
41
1
1
0
1
0
0
1
0
3
1
4
2
1473
0
1
11
67108864
1000
1000
27
0
1
0
1
0
0
1
3
1
2
1
1485
0
0
9
67108864
1000
500
1
0
1
0
0
1

3
1
4
4
1514
0
0
9
67108864
3000
1000
1
0
1
0
0
1

3
1
4
2
1543
0
0
9
134217728
2000
250
1
0
1
0
0
1

3
1
1
1
1558
0
0
9
67108864
3000
250
1
0
1
0
0
1

3
1
8
1
1567
0
2
10
134217728
3000
500
100
1
0
1
0
0
1

3
1
2
1
1569
0
2
10
67108864
1000
250
100
1
0
1
0
0
1

3
1
8
2
1573
0
1
11
268435456
2000
250
5
0
1
0
1
0
0
1
3
1
4
2
1594
0
1
12
67108864
1000
100
86
1
1
0
1
0
0
1
0
3
1
1
1
1620
0
0
9
268435456
2000
100
1
0
1
0
0
1

3
1
2
1
1630
0
1
11
134217728
2000
250
5
0
1
0
1
0
0
1
3
1
2
1
1651
0
0
9
134217728
3000
250
1
0
1
0
0
1

3
1
1
1
1666
0
0
9
67108864
2000
1000
1
0
1
0
0
1

3
1
2
1
1677
0
2
10
134217728
4000
250
1
1
0
1
0
0
1

3
1
4
1
1704
0
1
11
268435456
1000
500
10
0
1
0
1
0
0
1
3
1
1
1
1730
0
0
9
134217728
2000
50
1
0
1
0
0
1

3
1
1
1
1745
0
0
9
67108864
3000
1000
1
0
1
0
0
1

3
1
4
1
1767
0
0
9
67108864
2000
1000
1
0
1
0
0
1

3
1
2
1
1794
0
2
10
268435456
1000
100
1
1
0
1
0
0
1

3
1
2
2
1811
0
0
9
67108864
1000
500
1
0
1
0
0
1

3
1
4
2
1833
0
1
12
268435456
3000
500
28
1
1
0
1
0
0
1
0
3
1
4
2
1858
0
2
10
67108864
1000
100
100
1
0
1
0
0
1

3
1
2
1
1872
0
0
9
268435456
2000
500
1
0
1
0
0
1

3
1
8
8
1877
0
2
10
134217728
3000
1000
1
1
0
1
0
0
1

3
1
4
1
1907
0
1
12
268435456
3000
50
35
1
1
0
1
0
0
1
0
3
1
8
8
1916
0
1
11
67108864
1000
100
29
0
1
0
1
0
0
1
3
1
8
8
1926
0
2
10
67108864
4000
250
1
1
0
1
0
0
1

3
1
2
1
1935
0
0
9
67108864
4000
100
1
0
1
0
0
1

3
1
2
2
1940
0
1
12
268435456
3000
500
44
1
1
0
1
0
0
1
0
3
1
1
1
1955
0
2
10
134217728
1000
1000
1
1
0
1
0
0
1

3
1
8
4
1957
0
2
10
134217728
3000
1000
10
1
0
1
0
0
1

3
1
1
1
1967
0
1
12
134217728
3000
50
70
1
1
0
1
0
0
1
0
3
1
1
1
1976
0
0
9
134217728
2000
500
1
0
1
0
0
1

3
1
1
1
1991
0
1
11
268435456
3000
500
5
0
1
0
1
0
0
1
3
1
8
8
2008
0
0
9
67108864
3000
500
1
0
1
0
0
1

3
1
1
1
2029
0
1
11
67108864
4000
1000
13
0
1
0
1
0
0
1
3
1
4
1
2034
0
1
11
134217728
1000
1000
33
0
1
0
1
0
0
1
3
1
4
2
2042
0
0
9
268435456
2000
250
1
0
1
0
0
1

3
1
4
1
2064
0
0
9
268435456
1000
100
1
0
1
0
0
1

3
1
8
4
2071
0
1
12
134217728
1000
500
68
1
1
0
1
0
0
1
0
3
1
8
4
2086
0
2
10
268435456
1000
250
10
1
0
1
0
0
1

3
1
8
2
2102
0
1
11
67108864
1000
1000
42
0
1
0
1
0
0
1
3
1
1
1
2109
0
0
9
134217728
3000
250
1
0
1
0
0
1

3
1
1
1
2121
0
2
10
67108864
4000
250
100
1
0
1
0
0
1

3
1
1
1
2129
0
0
9
268435456
2000
500
1
0
1
0
0
1

3
1
8
4
2157
0
1
12
134217728
2000
50
5
1
1
0
1
0
0
1
0
3
1
1
1
2161
0
0
9
67108864
3000
250
1
0
1
0
0
1

3
1
1
1
2178
0
1
11
268435456
1000
500
20
0
1
0
1
0
0
1
3
1
2
1
2188
0
0
9
67108864
2000
1000
1
0
1
0
0
1

3
1
1
1
2209
0
2
10
134217728
3000
500
1
1
0
1
0
0
1

3
1
1
1
2222
0
1
12
134217728
4000
500
8
1
1
0
1
0
0
1
0
3
1
4
1
2231
0
0
9
268435456
3000
500
1
0
1
0
0
1

3
1
2
2
2244
0
0
9
134217728
4000
100
1
0
1
0
0
1

3
1
4
1
2252
0
1
12
67108864
2000
100
3
1
1
0
1
0
0
1
0
3
1
2
1
2268
0
1
12
67108864
1000
500
46
1
1
0
1
0
0
1
0
3
1
1
1
2284
0
2
10
67108864
2000
250
10
1
0
1
0
0
1

3
1
4
4
2307
0
0
9
268435456
2000
50
1
0
1
0
0
1

3
1
2
1
2321
0
1
12
67108864
4000
1000
93
1
1
0
1
0
0
1
0
3
1
4
2
2343
0
1
11
67108864
4000
50
83
0
1
0
1
0
0
1
3
1
2
2
2348
0
2
10
134217728
3000
100
10
1
0
1
0
0
1

3
1
2
2
2350
0
1
11
134217728
4000
1000
24
0
1
0
1
0
0
1
3
1
2
1
2371
0
2
10
134217728
1000
500
100
1
0
1
0
0
1

3
1
4
4
2379
0
2
10
134217728
2000
100
1
1
0
1
0
0
1

3
1
1
1
2397
0
1
12
67108864
3000
250
83
1
1
0
1
0
0
1
0
3
1
8
8
2403
0
2
10
134217728
3000
500
10
1
0
1
0
0
1

3
1
4
2
2408
0
2
10
67108864
2000
100
10
1
0
1
0
0
1

3
1
1
1
2410
0
2
10
67108864
4000
100
1000
1
0
1
0
0
1

3
1
8
2
2428
0
1
12
134217728
1000
100
59
1
1
0
1
0
0
1
0
3
1
1
1
2437
0
2
10
67108864
4000
100
100
1
0
1
0
0
1

3
1
4
4
2456
0
1
11
268435456
3000
500
79
0
1
0
1
0
0
1
3
1
2
1
2467
0
1
11
134217728
3000
100
86
0
1
0
1
0
0
1
3
1
8
1
2493
0
0
9
268435456
2000
100
1
0
1
0
0
1

3
1
8
2
2517
0
0
9
134217728
2000
100
1
0
1
0
0
1

3
1
4
4
2540
0
1
12
268435456
3000
50
35
1
1
0
1
0
0
1
0
3
1
4
2
2559
0
0
9
134217728
3000
100
1
0
1
0
0
1

3
1
2
1
2571
0
2
10
268435456
1000
500
10
1
0
1
0
0
1

3
1
4
2
2584
0
0
9
134217728
3000
500
1
0
1
0
0
1

3
1
8
1
2614
0
1
11
134217728
4000
500
90
0
1
0
1
0
0
1
3
1
4
2
2633
0
0
9
67108864
2000
100
1
0
1
0
0
1

3
1
2
2
2637
0
1
11
268435456
3000
100
23
0
1
0
1
0
0
1
3
1
2
1
2656
0
0
9
134217728
4000
250
1
0
1
0
0
1

3
1
2
1
2679
0
2
10
134217728
3000
500
1
1
0
1
0
0
1

3
1
1
1
2690
0
2
10
67108864
1000
250
5
1
0
1
0
0
1

3
1
4
4
2706
0
2
10
268435456
3000
500
1000
1
0
1
0
0
1

3
1
4
2
2719
0
0
9
67108864
3000
250
1
0
1
0
0
1

3
1
8
2
2729
0
1
12
134217728
3000
500
47
1
1
0
1
0
0
1
0
3
1
8
1
2755
0
0
9
134217728
2000
100
1
0
1
0
0
1

3
1
8
1
2758
0
0
9
67108864
4000
1000
1
0
1
0
0
1

3
1
8
8
2777
0
2
10
67108864
3000
1000
10
1
0
1
0
0
1

3
1
4
2
2805
0
2
10
67108864
4000
100
1000
1
0
1
0
0
1

3
1
4
2
2810
0
1
12
134217728
4000
500
86
1
1
0
1
0
0
1
0
3
1
1
1
2834
0
1
12
67108864
3000
100
33
1
1
0
1
0
0
1
0
3
1
8
4
2841
0
2
10
134217728
1000
1000
1
1
0
1
0
0
1

3
1
2
2
2850
0
0
9
268435456
3000
250
1
0
1
0
0
1

3
1
2
1
2860
0
1
11
67108864
3000
250
57
0
1
0
1
0
0
1
3
1
8
2
2873
0
2
10
268435456
3000
100
1
1
0
1
0
0
1

3
1
2
1
2896
0
1
12
134217728
3000
50
32
1
1
0
1
0
0
1
0
3
1
8
4
2912
0
0
9
134217728
1000
50
1
0
1
0
0
1

3
1
2
1
2930
0
1
12
134217728
4000
500
65
1
1
0
1
0
0
1
0
3
1
2
1
2945
0
2
10
268435456
1000
250
1
1
0
1
0
0
1

3
1
1
1
2954
0
0
9
67108864
1000
1000
1
0
1
0
0
1

3
1
1
1
2980
0
2
10
268435456
2000
250
10
1
0
1
0
0
1

3
1
8
1
2993
0
0
9
134217728
4000
1000
1
0
1
0
0
1

3
1
1
1
3000
0
1
11
134217728
4000
100
92
0
1
0
1
0
0
1
3
1
8
4
3010
0
2
10
134217728
3000
250
100
1
0
1
0
0
1

3
1
2
1
3011
0
1
12
268435456
3000
50
61
1
1
0
1
0
0
1
0
3
1
1
1
3032
0
2
10
268435456
1000
500
1000
1
0
1
0
0
1

3
1
8
8
3060
0
1
11
67108864
2000
1000
11
0
1
0
1
0
0
1
3
1
8
1
3065
0
2
10
67108864
2000
50
100
1
0
1
0
0
1

3
1
2
1
3079
0
0
9
268435456
3000
250
1
0
1
0
0
1

3
1
2
1
3108
0
2
10
67108864
4000
250
10
1
0
1
0
0
1

3
1
4
1
3128
0
2
10
67108864
2000
250
1
1
0
1
0
0
1

3
1
1
1
3152
0
2
10
67108864
2000
500
10
1
0
1
0
0
1

3
1
2
1
3157
0
1
12
268435456
2000
500
25
1
1
0
1
0
0
1
0
3
1
2
1
3172
0
1
12
268435456
3000
50
60
1
1
0
1
0
0
1
0
3
1
1
1
3191
0
0
9
268435456
1000
500
1
0
1
0
0
1

3
1
1
1
3214
0
1
12
268435456
1000
100
67
1
1
0
1
0
0
1
0
3
1
2
1
3239
0
2
10
67108864
4000
1000
1
1
0
1
0
0
1

3
1
4
2
3265
0
2
10
134217728
3000
50
1000
1
0
1
0
0
1

3
1
2
2
3291
0
2
10
268435456
2000
50
1000
1
0
1
0
0
1

3
1
8
1
3300
0
1
11
67108864
2000
50
33
0
1
0
1
0
0
1
3
1
4
1
3328
0
2
10
67108864
4000
1000
1000
1
0
1
0
0
1

3
1
2
1
3343
0
1
11
268435456
2000
250
0
0
1
0
1
0
0
1
3
1
8
1
3364
0
2
10
134217728
3000
250
100
1
0
1
0
0
1

3
1
8
4
3368
0
0
9
134217728
3000
100
1
0
1
0
0
1

3
1
4
1
3389
0
1
11
67108864
1000
500
72
0
1
0
1
0
0
1
3
1
1
1
3393
0
1
11
67108864
3000
1000
24
0
1
0
1
0
0
1
3
1
8
1
3398
0
0
9
67108864
2000
250
1
0
1
0
0
1

3
1
4
2
3404
0
2
10
134217728
4000
250
10
1
0
1
0
0
1

3
1
1
1
3416
0
2
10
67108864
2000
100
5
1
0
1
0
0
1

3
1
4
2
3440
0
1
11
268435456
3000
100
30
0
1
0
1
0
0
1
3
1
1
1
3459
0
1
12
268435456
1000
100
67
1
1
0
1
0
0
1
0
3
1
4
1
3467
0
1
11
134217728
1000
500
35
0
1
0
1
0
0
1
3
1
8
8
3470
0
1
11
67108864
4000
1000
6
0
1
0
1
0
0
1
3
1
8
8
3482
0
2
10
268435456
3000
500
1
1
0
1
0
0
1

3
1
1
1
3501
0
2
10
134217728
2000
250
100
1
0
1
0
0
1

3
1
8
1
3528
0
1
11
134217728
2000
1000
71
0
1
0
1
0
0
1
3
1
8
1
3529
0
1
11
67108864
3000
250
31
0
1
0
1
0
0
1
3
1
2
2
3547
0
1
11
268435456
2000
500
58
0
1
0
1
0
0
1
3
1
2
1
3561
0
0
9
268435456
2000
500
1
0
1
0
0
1

3
1
2
2
3590
0
2
10
134217728
3000
100
10
1
0
1
0
0
1

3
1
4
1
3610
0
2
10
67108864
1000
50
1
1
0
1
0
0
1

3
1
8
2
3627
0
1
11
134217728
4000
1000
69
0
1
0
1
0
0
1
3
1
8
8
3641
0
2
10
134217728
3000
50
1
1
0
1
0
0
1

3
1
2
1
3659
0
1
12
134217728
4000
500
22
1
1
0
1
0
0
1
0
3
1
1
1
3662
0
2
10
67108864
1000
50
10
1
0
1
0
0
1

3
1
2
2
3678
0
0
9
67108864
2000
100
1
0
1
0
0
1

3
1
2
1
3684
0
0
9
67108864
1000
50
1
0
1
0
0
1

3
1
2
2
3698
0
1
12
134217728
4000
50
17
1
1
0
1
0
0
1
0
3
1
8
8
3720
0
0
9
268435456
2000
100
1
0
1
0
0
1

3
1
1
1
3745
0
1
12
67108864
4000
250
88
1
1
0
1
0
0
1
0
3
1
1
1
3753
0
1
11
67108864
2000
250
69
0
1
0
1
0
0
1
3
1
1
1
3759
0
0
9
268435456
3000
500
1
0
1
0
0
1

3
1
4
1
3788
0
2
10
67108864
4000
100
10
1
0
1
0
0
1

3
1
2
1
3807
0
1
11
67108864
3000
500
31
0
1
0
1
0
0
1
3
1
4
2
3811
0
2
10
268435456
3000
500
10
1
0
1
0
0
1

3
1
4
2
3837
0
0
9
268435456
3000
50
1
0
1
0
0
1

3
1
4
2
3842
0
0
9
67108864
3000
100
1
0
1
0
0
1

3
1
2
1
3847
0
1
12
268435456
3000
50
79
1
1
0
1
0
0
1
0
3
1
2
2
3865
0
1
12
134217728
1000
500
85
1
1
0
1
0
0
1
0
3
1
1
1
3874
0
0
9
268435456
2000
500
1
0
1
0
0
1

3
1
4
4
3895
0
1
11
268435456
1000
100
34
0
1
0
1
0
0
1
3
1
1
1
3906
0
1
12
67108864
2000
50
53
1
1
0
1
0
0
1
0
3
1
1
1
3922
0
0
9
134217728
3000
50
1
0
1
0
0
1

3
1
2
1
3942
0
0
9
134217728
1000
1000
1
0
1
0
0
1

3
1
8
8
3953
0
0
9
67108864
1000
1000
1
0
1
0
0
1

3
1
4
2
3963
0
2
10
268435456
3000
50
5
1
0
1
0
0
1

3
1
4
2
3969
0
1
11
134217728
4000
500
26
0
1
0
1
0
0
1
3
1
2
1
3978
0
2
10
268435456
2000
50
1
1
0
1
0
0
1

3
1
8
2
4002
0
1
12
67108864
3000
250
38
1
1
0
1
0
0
1
0
3
1
4
2
4012
0
2
10
67108864
3000
100
1
1
0
1
0
0
1

3
1
8
8
4031
0
1
11
134217728
3000
100
25
0
1
0
1
0
0
1
3
1
8
8
4032
0
1
12
134217728
1000
50
98
1
1
0
1
0
0
1
0
3
1
8
1
4042
0
2
10
268435456
1000
500
100
1
0
1
0
0
1

3
1
8
1
4069
0
2
10
268435456
2000
100
5
1
0
1
0
0
1

3
1
2
1
4093
0
2
10
67108864
1000
250
1
1
0
1
0
0
1

3
1
8
1
4120
0
2
10
268435456
3000
500
1
1
0
1
0
0
1

3
1
2
2
4136
0
1
12
134217728
1000
100
61
1
1
0
1
0
0
1
0
3
1
8
4
4140
0
1
11
134217728
4000
100
3
0
1
0
1
0
0
1
3
1
1
1
4168
0
2
10
67108864
4000
1000
10
1
0
1
0
0
1

3
1
8
2
4181
0
1
11
67108864
3000
1000
30
0
1
0
1
0
0
1
3
1
1
1
4198
0
0
9
268435456
2000
500
1
0
1
0
0
1

3
1
2
2
4212
0
2
10
134217728
4000
50
100
1
0
1
0
0
1

3
1
4
2
4233
0
2
10
134217728
2000
250
100
1
0
1
0
0
1

3
1
8
4
4261
0
0
9
268435456
3000
100
1
0
1
0
0
1

3
1
8
1
4290
0
2
10
67108864
4000
500
1000
1
0
1
0
0
1

3
1
1
1
4319
0
0
9
67108864
4000
100
1
0
1
0
0
1

3
1
8
2
4328
0
1
11
67108864
1000
1000
23
0
1
0
1
0
0
1
3
1
1
1
4348
0
0
9
268435456
1000
500
1
0
1
0
0
1

3
1
2
1
4368
0
0
9
67108864
1000
250
1
0
1
0
0
1

3
1
2
2
4396
0
1
11
67108864
2000
1000
88
0
1
0
1
0
0
1
3
1
4
2
4412
0
1
11
134217728
1000
500
40
0
1
0
1
0
0
1
3
1
1
1
4420
0
1
12
268435456
2000
100
88
1
1
0
1
0
0
1
0
3
1
2
1
4444
0
2
10
134217728
2000
50
1
1
0
1
0
0
1

3
1
2
1
4470
0
0
9
134217728
1000
50
1
0
1
0
0
1

3
1
1
1
4479
0
0
9
268435456
3000
500
1
0
1
0
0
1

3
1
1
1
4480
0
2
10
67108864
2000
50
10
1
0
1
0
0
1

3
1
4
4
4484
0
1
12
268435456
3000
100
84
1
1
0
1
0
0
1
0
3
1
1
1
4501
0
0
9
67108864
1000
100
1
0
1
0
0
1

3
1
2
1
4515
0
2
10
268435456
1000
50
100
1
0
1
0
0
1

3
1
4
4
4525
0
2
10
67108864
3000
500
1000
1
0
1
0
0
1

3
1
4
4
4550
0
2
10
268435456
1000
100
100
1
0
1
0
0
1

3
1
1
1
4564
0
1
11
268435456
2000
100
56
0
1
0
1
0
0
1
3
1
4
2
4567
0
1
11
268435456
1000
500
36
0
1
0
1
0
0
1
3
1
8
2
4572
0
0
9
268435456
3000
250
1
0
1
0
0
1

3
1
8
8
4598
0
1
12
134217728
1000
500
84
1
1
0
1
0
0
1
0
3
1
4
1
4621
0
2
10
67108864
4000
50
5
1
0
1
0
0
1

3
1
8
8
4651
0
0
9
134217728
3000
1000
1
0
1
0
0
1

3
1
4
4
4653
0
1
11
134217728
3000
1000
68
0
1
0
1
0
0
1
3
1
4
2
4667
0
1
11
134217728
4000
1000
89
0
1
0
1
0
0
1
3
1
2
1
4680
0
1
12
268435456
3000
50
36
1
1
0
1
0
0
1
0
3
1
2
1
4688
0
1
12
134217728
1000
500
77
1
1
0
1
0
0
1
0
3
1
8
8
4716
0
1
11
67108864
2000
100
88
0
1
0
1
0
0
1
3
1
8
8
4735
0
0
9
134217728
1000
250
1
0
1
0
0
1

3
1
8
8
4743
0
0
9
268435456
1000
500
1
0
1
0
0
1

3
1
4
2
4766
0
2
10
268435456
3000
250
1
1
0
1
0
0
1

3
1
8
1
4770
0
0
9
67108864
3000
250
1
0
1
0
0
1

3
1
8
8
4778
0
1
12
134217728
1000
50
78
1
1
0
1
0
0
1
0
3
1
4
2
4790
0
1
11
134217728
2000
250
24
0
1
0
1
0
0
1
3
1
4
4
4805
0
1
12
134217728
4000
250
80
1
1
0
1
0
0
1
0
3
1
8
2
4835
0
0
9
134217728
2000
250
1
0
1
0
0
1

3
1
4
1
4840
0
1
11
67108864
1000
50
78
0
1
0
1
0
0
1
3
1
1
1
4842
0
0
9
134217728
4000
100
1
0
1
0
0
1

3
1
4
2
4853
0
0
9
67108864
1000
1000
1
0
1
0
0
1

3
1
8
4
4861
0
0
9
134217728
4000
500
1
0
1
0
0
1

3
1
4
4
4889
0
2
10
134217728
1000
250
100
1
0
1
0
0
1

3
1
4
1
4893
0
1
11
134217728
3000
1000
27
0
1
0
1
0
0
1
3
1
4
4
4915
0
1
12
268435456
3000
500
50
1
1
0
1
0
0
1
0
3
1
1
1
4919
0
2
10
134217728
2000
250
100
1
0
1
0
0
1

3
1
2
1
4933
0
2
10
67108864
3000
250
10
1
0
1
0
0
1

3
1
2
1
4961
0
0
9
268435456
1000
100
1
0
1
0
0
1

3
1
4
2
4979
0
1
12
268435456
3000
500
71
1
1
0
1
0
0
1
0
3
1
1
1
4983
0
2
10
268435456
1000
50
1
1
0
1
0
0
1

3
1
4
2
4992
0
1
11
268435456
2000
250
30
0
1
0
1
0
0
1
3
1
8
2
5014
0
1
11
67108864
2000
250
86
0
1
0
1
0
0
1
3
1
4
2
5041
0
1
11
268435456
3000
50
36
0
1
0
1
0
0
1
3
1
1
1
5064
0
1
12
67108864
1000
50
5
1
1
0
1
0
0
1
0
3
1
4
4
5086
0
0
9
67108864
3000
250
1
0
1
0
0
1

3
1
2
1
5088
0
0
9
134217728
1000
250
1
0
1
0
0
1

3
1
2
1
5114
0
0
9
268435456
2000
500
1
0
1
0
0
1

3
1
2
1
5133
0
0
9
268435456
3000
250
1
0
1
0
0
1

3
1
2
1
5150
0
2
10
67108864
1000
500
5
1
0
1
0
0
1

3
1
4
2
5157
0
0
9
134217728
3000
500
1
0
1
0
0
1

3
1
4
1
5187
0
1
11
134217728
2000
1000
9
0
1
0
1
0
0
1
3
1
2
2
5200
0
0
9
268435456
2000
250
1
0
1
0
0
1

3
1
1
1
5229
0
0
9
268435456
2000
250
1
0
1
0
0
1

3
1
1
1
5255
0
0
9
268435456
2000
500
1
0
1
0
0
1

3
1
4
4
5274
0
2
10
67108864
1000
1000
1
1
0
1
0
0
1

3
1
4
2
5289
0
0
9
268435456
3000
500
1
0
1
0
0
1

3
1
2
2
5314
0
2
10
134217728
2000
250
10
1
0
1
0
0
1

3
1
2
1
5340
0
2
10
134217728
1000
1000
10
1
0
1
0
0
1

3
1
4
2
5359
0
0
9
134217728
3000
1000
1
0
1
0
0
1

3
1
4
4
5384
0
0
9
67108864
2000
100
1
0
1
0
0
1

3
1
2
1
5385
0
1
12
134217728
3000
100
87
1
1
0
1
0
0
1
0
3
1
2
1
5415
0
1
12
268435456
3000
50
92
1
1
0
1
0
0
1
0
3
1
4
2
5442
0
2
10
67108864
2000
1000
5
1
0
1
0
0
1

3
1
4
2
5449
0
2
10
67108864
3000
500
5
1
0
1
0
0
1

3
1
2
1
5458
0
2
10
134217728
3000
50
1000
1
0
1
0
0
1

3
1
4
2
5468
0
0
9
134217728
2000
1000
1
0
1
0
0
1

3
1
4
2
5488
0
0
9
134217728
2000
100
1
0
1
0
0
1

3
1
4
4
5497
0
0
9
134217728
1000
250
1
0
1
0
0
1

3
1
1
1
5510
0
0
9
268435456
3000
500
1
0
1
0
0
1

3
1
8
1
5511
0
2
10
134217728
1000
500
5
1
0
1
0
0
1

3
1
4
2
5529
0
0
9
67108864
4000
500
1
0
1
0
0
1

3
1
2
1
5545
0
0
9
67108864
4000
50
1
0
1
0
0
1

3
1
4
4
5562
0
1
12
67108864
3000
50
37
1
1
0
1
0
0
1
0
3
1
1
1
5576
0
2
10
67108864
1000
50
1000
1
0
1
0
0
1

3
1
4
2
5578
0
0
9
67108864
1000
500
1
0
1
0
0
1

3
1
4
4
5591
0
1
11
67108864
4000
500
77
0
1
0
1
0
0
1
3
1
1
1
5614
0
2
10
134217728
4000
500
1
1
0
1
0
0
1

3
1
2
1
5634
0
1
12
67108864
3000
50
8
1
1
0
1
0
0
1
0
3
1
8
4
5659
0
0
9
134217728
1000
1000
1
0
1
0
0
1

3
1
8
2
5679
0
0
9
134217728
2000
1000
1
0
1
0
0
1

3
1
4
1
5700
0
0
9
67108864
4000
1000
1
0
1
0
0
1

3
1
2
1
5719
0
0
9
134217728
1000
50
1
0
1
0
0
1

3
1
8
1
5730
0
1
12
67108864
4000
100
86
1
1
0
1
0
0
1
0
3
1
8
8
5735
0
0
9
134217728
4000
1000
1
0
1
0
0
1

3
1
2
1
5741
0
0
9
134217728
3000
250
1
0
1
0
0
1

3
1
1
1
5742
0
2
10
134217728
3000
100
10
1
0
1
0
0
1

3
1
4
2
5772
0
1
11
268435456
2000
500
53
0
1
0
1
0
0
1
3
1
1
1
5778
0
0
9
268435456
2000
250
1
0
1
0
0
1

3
1
8
2
5796
0
1
11
67108864
3000
1000
2
0
1
0
1
0
0
1
3
1
4
2
5813
0
1
11
67108864
4000
1000
16
0
1
0
1
0
0
1
3
1
1
1
5827
0
1
12
67108864
2000
250
98
1
1
0
1
0
0
1
0
3
1
4
4
5833
0
0
9
134217728
4000
500
1
0
1
0
0
1

3
1
1
1
5842
0
0
9
67108864
3000
500
1
0
1
0
0
1

3
1
2
2
5872
0
2
10
134217728
4000
1000
10
1
0
1
0
0
1

3
1
1
1
5873
0
0
9
67108864
3000
1000
1
0
1
0
0
1

3
1
1
1
5884
0
2
10
67108864
2000
500
5
1
0
1
0
0
1

3
1
2
1
5904
0
0
9
134217728
4000
500
1
0
1
0
0
1

3
1
8
8
5916
0
2
10
134217728
2000
500
1000
1
0
1
0
0
1

3
1
2
1
5924
0
0
9
67108864
3000
100
1
0
1
0
0
1

3
1
2
2
5925
0
2
10
134217728
1000
50
10
1
0
1
0
0
1

3
1
1
1
5940
0
2
10
268435456
3000
50
100
1
0
1
0
0
1

3
1
2
1
5968
0
1
12
268435456
2000
50
84
1
1
0
1
0
0
1
0
3
1
1
1
5998
0
2
10
67108864
2000
250
5
1
0
1
0
0
1

3
1
1
1
6000
0
2
10
67108864
4000
500
10
1
0
1
0
0
1

3
1
4
2
6025
0
2
10
134217728
2000
100
10
1
0
1
0
0
1

3
1
2
1
6054
0
2
10
268435456
3000
50
5
1
0
1
0
0
1

3
1
2
1
6071
0
0
9
268435456
1000
500
1
0
1
0
0
1

3
1
4
2
6100
0
2
10
67108864
1000
100
10
1
0
1
0
0
1

3
1
8
1
6129
0
2
10
268435456
2000
50
5
1
0
1
0
0
1

3
1
8
8
6137
0
2
10
134217728
1000
250
100
1
0
1
0
0
1

3
1
2
1
6149
0
2
10
67108864
1000
1000
5
1
0
1
0
0
1

3
1
1
1
6177
0
0
9
268435456
3000
50
1
0
1
0
0
1

3
1
4
4
6198
0
2
10
67108864
1000
500
100
1
0
1
0
0
1

3
1
2
2
6211
0
2
10
67108864
3000
50
1
1
0
1
0
0
1

3
1
1
1
6215
0
1
11
134217728
3000
250
35
0
1
0
1
0
0
1
3
1
4
1
6230
0
0
9
67108864
4000
1000
1
0
1
0
0
1

3
1
4
2
6251
0
1
12
268435456
1000
100
50
1
1
0
1
0
0
1
0
3
1
4
2
6262
0
1
11
268435456
3000
500
19
0
1
0
1
0
0
1
3
1
4
1
6286
0
2
10
67108864
3000
100
10
1
0
1
0
0
1

3
1
2
1
6307
0
1
11
268435456
2000
50
27
0
1
0
1
0
0
1
3
1
8
1
6315
0
1
11
268435456
1000
50
31
0
1
0
1
0
0
1
3
1
4
4
6342
0
2
10
134217728
1000
500
10
1
0
1
0
0
1

3
1
2
2
6353
0
0
9
268435456
3000
500
1
0
1
0
0
1

3
1
4
4
6359
0
2
10
268435456
3000
50
100
1
0
1
0
0
1

3
1
2
2
6365
0
1
11
134217728
3000
50
4
0
1
0
1
0
0
1
3
1
2
2
6375
0
1
12
134217728
3000
500
35
1
1
0
1
0
0
1
0
3
1
2
1
6380
0
0
9
134217728
4000
250
1
0
1
0
0
1

3
1
4
2
6407
0
2
10
268435456
1000
500
10
1
0
1
0
0
1

3
1
4
4
6415
0
1
12
134217728
3000
50
31
1
1
0
1
0
0
1
0
3
1
8
2
6444
0
2
10
268435456
1000
500
1
1
0
1
0
0
1

3
1
8
1
6460
0
1
11
268435456
1000
50
10
0
1
0
1
0
0
1
3
1
4
2
6461
0
0
9
134217728
3000
1000
1
0
1
0
0
1

3
1
1
1
6486
0
1
11
134217728
3000
1000
87
0
1
0
1
0
0
1
3
1
2
1
6515
0
0
9
268435456
2000
500
1
0
1
0
0
1

3
1
1
1
6527
0
2
10
134217728
1000
1000
10
1
0
1
0
0
1

3
1
8
1
6552
0
2
10
134217728
4000
500
1000
1
0
1
0
0
1

3
1
8
8
6581
0
0
9
67108864
1000
1000
1
0
1
0
0
1

3
1
8
2
6610
0
1
11
67108864
3000
500
5
0
1
0
1
0
0
1
3
1
1
1
6622
0
0
9
134217728
4000
500
1
0
1
0
0
1

3
1
8
4
6624
0
0
9
134217728
1000
500
1
0
1
0
0
1

3
1
2
1
6625
0
0
9
67108864
3000
500
1
0
1
0
0
1

3
1
2
1
6626
0
1
12
67108864
1000
1000
13
1
1
0
1
0
0
1
0
3
1
8
1
6655
0
1
12
67108864
2000
50
29
1
1
0
1
0
0
1
0
3
1
8
1
6677
0
2
10
268435456
2000
50
1
1
0
1
0
0
1

3
1
4
2
6680
0
1
11
67108864
1000
1000
13
0
1
0
1
0
0
1
3
1
8
4
6691
0
1
11
268435456
3000
500
63
0
1
0
1
0
0
1
3
1
2
1
6709
0
0
9
268435456
2000
500
1
0
1
0
0
1

3
1
8
2
6738
0
2
10
134217728
4000
500
5
1
0
1
0
0
1

3
1
4
2
6752
0
0
9
268435456
2000
50
1
0
1
0
0
1

3
1
1
1
6774
0
0
9
134217728
4000
1000
1
0
1
0
0
1

3
1
1
1
6796
0
0
9
268435456
2000
250
1
0
1
0
0
1

3
1
2
2
6807
0
1
11
134217728
2000
1000
94
0
1
0
1
0
0
1
3
1
2
1
6822
0
0
9
67108864
4000
50
1
0
1
0
0
1

3
1
1
1
6851
0
1
11
268435456
3000
250
37
0
1
0
1
0
0
1
3
1
1
1
6867
0
1
11
268435456
3000
500
62
0
1
0
1
0
0
1
3
1
2
2
6890
0
2
10
268435456
3000
100
10
1
0
1
0
0
1

3
1
4
4
6906
0
1
11
268435456
2000
250
23
0
1
0
1
0
0
1
3
1
1
1
6927
0
2
10
268435456
2000
50
1000
1
0
1
0
0
1

3
1
1
1
6931
0
2
10
134217728
3000
50
1000
1
0
1
0
0
1

3
1
2
1
6959
0
0
9
67108864
1000
250
1
0
1
0
0
1

3
1
8
1
6970
0
1
11
134217728
1000
250
58
0
1
0
1
0
0
1
3
1
8
1
6987
0
1
12
134217728
3000
250
82
1
1
0
1
0
0
1
0
3
1
8
4
7004
0
2
10
67108864
1000
100
100
1
0
1
0
0
1

3
1
1
1
7019
0
0
9
268435456
3000
500
1
0
1
0
0
1

3
1
4
2
7022
0
0
9
134217728
3000
500
1
0
1
0
0
1

3
1
8
4
7024
0
2
10
67108864
3000
500
1000
1
0
1
0
0
1

3
1
4
1
7026
0
0
9
268435456
3000
50
1
0
1
0
0
1

3
1
8
4
7048
0
0
9
134217728
1000
500
1
0
1
0
0
1

3
1
1
1
7064
0
2
10
268435456
1000
100
100
1
0
1
0
0
1

3
1
4
1
7075
0
0
9
67108864
2000
1000
1
0
1
0
0
1

3
1
1
1
7083
0
0
9
268435456
1000
500
1
0
1
0
0
1

3
1
2
2
7095
0
1
12
134217728
2000
50
56
1
1
0
1
0
0
1
0
3
1
2
2
7116
0
1
11
67108864
1000
50
43
0
1
0
1
0
0
1
3
1
2
2
7130
0
1
12
67108864
4000
1000
86
1
1
0
1
0
0
1
0
3
1
2
1
7156
0
0
9
134217728
1000
500
1
0
1
0
0
1

3
1
4
1
7159
0
0
9
268435456
1000
500
1
0
1
0
0
1

3
1
8
1
7184
0
2
10
268435456
3000
500
10
1
0
1
0
0
1

3
1
1
1
7201
0
1
11
268435456
3000
500
25
0
1
0
1
0
0
1
3
1
2
1
7202
0
0
9
67108864
4000
100
1
0
1
0
0
1

3
1
4
4
7211
0
0
9
67108864
3000
100
1
0
1
0
0
1

3
1
4
1
7236
0
1
12
268435456
1000
500
34
1
1
0
1
0
0
1
0
3
1
8
4
7237
0
0
9
67108864
4000
250
1
0
1
0
0
1

3
1
1
1
7252
0
0
9
134217728
1000
50
1
0
1
0
0
1

3
1
1
1
7272
0
0
9
134217728
1000
100
1
0
1
0
0
1

3
1
8
4
7280
0
1
12
67108864
2000
250
49
1
1
0
1
0
0
1
0
3
1
2
1
7310
0
0
9
268435456
3000
250
1
0
1
0
0
1

3
1
2
1
7338
0
1
12
67108864
3000
100
89
1
1
0
1
0
0
1
0
3
1
1
1
7357
0
1
12
268435456
2000
250
11
1
1
0
1
0
0
1
0
3
1
8
1
7359
0
2
10
268435456
3000
50
100
1
0
1
0
0
1

3
1
8
2
7364
0
1
11
268435456
1000
50
27
0
1
0
1
0
0
1
3
1
1
1
7370
0
0
9
67108864
4000
500
1
0
1
0
0
1

3
1
4
4
7381
0
1
12
67108864
1000
250
38
1
1
0
1
0
0
1
0
3
1
4
2
7387
0
1
11
268435456
3000
250
18
0
1
0
1
0
0
1
3
1
1
1
7402
0
2
10
268435456
3000
500
10
1
0
1
0
0
1

3
1
2
1
7422
0
1
11
134217728
4000
50
69
0
1
0
1
0
0
1
3
1
2
1
7451
0
0
9
134217728
4000
1000
1
0
1
0
0
1

3
1
2
1
7469
0
2
10
134217728
2000
50
100
1
0
1
0
0
1

3
1
8
1
7473
0
1
12
67108864
1000
250
17
1
1
0
1
0
0
1
0
3
1
2
1
7483
0
1
11
134217728
4000
500
6
0
1
0
1
0
0
1
3
1
1
1
7486
0
1
12
134217728
1000
1000
89
1
1
0
1
0
0
1
0
3
1
2
1
7508
0
2
10
67108864
4000
100
10
1
0
1
0
0
1

3
1
4
4
7532
0
0
9
67108864
3000
500
1
0
1
0
0
1

3
1
8
2
7541
0
0
9
67108864
1000
250
1
0
1
0
0
1

3
1
8
8
7555
0
0
9
134217728
4000
1000
1
0
1
0
0
1

3
1
8
2
7559
0
0
9
67108864
3000
500
1
0
1
0
0
1

3
1
2
1
7577
0
0
9
268435456
2000
250
1
0
1
0
0
1

3
1
2
1
7586
0
2
10
134217728
1000
50
5
1
0
1
0
0
1

3
1
2
1
7590
0
0
9
134217728
2000
100
1
0
1
0
0
1

3
1
1
1
7597
0
2
10
67108864
4000
1000
1
1
0
1
0
0
1

3
1
2
1
7599
0
1
11
134217728
2000
250
78
0
1
0
1
0
0
1
3
1
2
1
7622
0
0
9
67108864
1000
50
1
0
1
0
0
1

3
1
4
2
7623
0
1
12
268435456
3000
500
19
1
1
0
1
0
0
1
0
3
1
2
2
7631
0
2
10
67108864
3000
500
5
1
0
1
0
0
1

3
1
4
2
7653
0
2
10
134217728
1000
50
100
1
0
1
0
0
1

3
1
2
1
7662
0
2
10
67108864
3000
1000
100
1
0
1
0
0
1

3
1
2
2
7663
0
1
12
67108864
2000
500
57
1
1
0
1
0
0
1
0
3
1
4
4
7679
0
0
9
134217728
2000
1000
1
0
1
0
0
1

3
1
4
1
7692
0
2
10
268435456
2000
500
100
1
0
1
0
0
1

3
1
4
2
7700
0
1
12
67108864
1000
500
88
1
1
0
1
0
0
1
0
3
1
2
1
7717
0
1
12
67108864
3000
250
72
1
1
0
1
0
0
1
0
3
1
8
8
7727
0
2
10
134217728
1000
50
5
1
0
1
0
0
1

3
1
4
4
7742
0
1
11
134217728
2000
50
73
0
1
0
1
0
0
1
3
1
1
1
7760
0
1
11
67108864
2000
500
2
0
1
0
1
0
0
1
3
1
1
1
7781
0
1
11
268435456
1000
50
55
0
1
0
1
0
0
1
3
1
2
1
7793
0
0
9
67108864
4000
250
1
0
1
0
0
1

3
1
2
1
7810
0
0
9
67108864
3000
250
1
0
1
0
0
1

3
1
4
2
7826
0
1
11
67108864
1000
250
33
0
1
0
1
0
0
1
3
1
8
8
7833
0
1
11
67108864
2000
1000
7
0
1
0
1
0
0
1
3
1
4
2
7856
0
2
10
67108864
4000
250
1000
1
0
1
0
0
1

3
1
2
1
7870
0
2
10
67108864
1000
250
5
1
0
1
0
0
1

3
1
8
2
7881
0
1
11
67108864
1000
1000
45
0
1
0
1
0
0
1
3
1
2
1
7889
0
2
10
134217728
4000
500
10
1
0
1
0
0
1

3
1
4
4
7891
0
0
9
268435456
3000
500
1
0
1
0
0
1

3
1
1
1
7893
0
2
10
67108864
3000
50
1000
1
0
1
0
0
1

3
1
2
2
7901
0
2
10
134217728
3000
1000
100
1
0
1
0
0
1

3
1
4
1
7907
0
1
12
268435456
3000
50
40
1
1
0
1
0
0
1
0
3
1
1
1
7935
0
1
11
134217728
3000
1000
3
0
1
0
1
0
0
1
3
1
1
1
7938
0
2
10
268435456
2000
250
100
1
0
1
0
0
1

3
1
4
2
7950
0
0
9
268435456
2000
500
1
0
1
0
0
1

3
1
1
1
7978
0
0
9
134217728
3000
100
1
0
1
0
0
1

3
1
2
1
7992
0
1
12
268435456
1000
500
59
1
1
0
1
0
0
1
0
3
1
4
1
7999
0
1
12
67108864
4000
500
19
1
1
0
1
0
0
1
0
3
1
8
4
8003
0
2
10
67108864
3000
500
100
1
0
1
0
0
1

3
1
2
1
8028
0
2
10
134217728
1000
50
10
1
0
1
0
0
1

3
1
1
1
8032
0
2
10
134217728
2000
500
1
1
0
1
0
0
1

3
1
2
1
8036
0
0
9
268435456
2000
50
1
0
1
0
0
1

3
1
4
1
8056
0
0
9
134217728
4000
1000
1
0
1
0
0
1

3
1
8
1
8079
0
1
11
134217728
2000
1000
82
0
1
0
1
0
0
1
3
1
2
1
8106
0
1
12
67108864
3000
250
29
1
1
0
1
0
0
1
0
3
1
1
1
8126
0
2
10
134217728
4000
50
100
1
0
1
0
0
1

3
1
8
4
8155
0
1
11
67108864
1000
1000
51
0
1
0
1
0
0
1
3
1
2
1
8176
0
1
11
268435456
2000
100
20
0
1
0
1
0
0
1
3
1
4
1
8187
0
1
12
67108864
1000
250
4
1
1
0
1
0
0
1
0
3
1
1
1
8204
0
2
10
67108864
1000
50
5
1
0
1
0
0
1

3
1
2
1
8215
0
2
10
67108864
3000
1000
100
1
0
1
0
0
1

3
1
8
8
8218
0
2
10
268435456
3000
250
1
1
0
1
0
0
1

3
1
8
4
8223
0
2
10
268435456
3000
100
1000
1
0
1
0
0
1

3
1
2
2
8240
0
2
10
67108864
4000
1000
1
1
0
1
0
0
1

3
1
2
1
8259
0
0
9
268435456
2000
500
1
0
1
0
0
1

3
1
8
2
8280
0
2
10
134217728
3000
100
1
1
0
1
0
0
1

3
1
1
1
8307
0
1
11
268435456
1000
50
33
0
1
0
1
0
0
1
3
1
4
4
8312
0
0
9
134217728
1000
250
1
0
1
0
0
1

3
1
1
1
8318
0
2
10
268435456
3000
500
100
1
0
1
0
0
1

3
1
1
1
8332
0
2
10
134217728
2000
1000
100
1
0
1
0
0
1

3
1
2
1
8339
0
1
11
134217728
1000
500
63
0
1
0
1
0
0
1
3
1
2
1
8343
0
0
9
134217728
2000
100
1
0
1
0
0
1

3
1
2
1
8347
0
0
9
134217728
4000
50
1
0
1
0
0
1

3
1
8
8
8357
0
0
9
268435456
1000
250
1
0
1
0
0
1

3
1
8
1
8385
0
2
10
134217728
1000
1000
100
1
0
1
0
0
1

3
1
4
4
8393
0
2
10
268435456
3000
50
1
1
0
1
0
0
1

3
1
4
2
8416
0
0
9
268435456
1000
250
1
0
1
0
0
1

3
1
2
1
8436
0
0
9
268435456
1000
50
1
0
1
0
0
1

3
1
1
1
8444
0
1
11
67108864
3000
250
78
0
1
0
1
0
0
1
3
1
2
1
8451
0
0
9
268435456
2000
250
1
0
1
0
0
1

3
1
8
8
8461
0
0
9
134217728
1000
250
1
0
1
0
0
1

3
1
4
2
8479
0
2
10
268435456
2000
250
100
1
0
1
0
0
1

3
1
2
2
8502
0
2
10
268435456
1000
500
1
1
0
1
0
0
1

3
1
8
1
8523
0
0
9
67108864
4000
50
1
0
1
0
0
1

3
1
1
1
8531
0
0
9
67108864
2000
50
1
0
1
0
0
1

3
1
1
1
8551
0
2
10
134217728
4000
100
1000
1
0
1
0
0
1

3
1
2
1
8557
0
0
9
67108864
2000
50
1
0
1
0
0
1

3
1
1
1
8579
0
2
10
268435456
1000
100
100
1
0
1
0
0
1

3
1
2
2
8607
0
0
9
134217728
3000
100
1
0
1
0
0
1

3
1
4
2
8636
0
1
12
268435456
2000
100
50
1
1
0
1
0
0
1
0
3
1
8
2
8637
0
0
9
67108864
3000
100
1
0
1
0
0
1

3
1
2
1
8652
0
2
10
134217728
1000
500
10
1
0
1
0
0
1

3
1
8
8
8680
0
1
12
268435456
1000
500
31
1
1
0
1
0
0
1
0
3
1
2
2
8689
0
1
11
134217728
3000
250
63
0
1
0
1
0
0
1
3
1
4
2
8713
0
2
10
134217728
2000
500
5
1
0
1
0
0
1

3
1
4
4
8715
0
0
9
67108864
2000
50
1
0
1
0
0
1

3
1
2
1
8728
0
0
9
268435456
2000
500
1
0
1
0
0
1

3
1
8
2
8735
0
0
9
67108864
1000
1000
1
0
1
0
0
1

3
1
1
1
8752
0
0
9
134217728
3000
100
1
0
1
0
0
1

3
1
2
1
8758
0
1
11
67108864
1000
500
1
0
1
0
1
0
0
1
3
1
8
2
8765
0
1
11
67108864
4000
100
72
0
1
0
1
0
0
1
3
1
8
4
8774
0
0
9
67108864
3000
100
1
0
1
0
0
1

3
1
4
4
8783
0
1
12
134217728
1000
100
81
1
1
0
1
0
0
1
0
3
1
4
4
8788
0
2
10
268435456
3000
500
1000
1
0
1
0
0
1

3
1
2
2
8807
0
1
12
134217728
1000
100
23
1
1
0
1
0
0
1
0
3
1
8
4
8821
0
0
9
134217728
1000
250
1
0
1
0
0
1

3
1
1
1
8837
0
2
10
67108864
2000
50
10
1
0
1
0
0
1

3
1
2
1
8863
0
2
10
134217728
1000
500
5
1
0
1
0
0
1

3
1
8
4
8871
0
0
9
67108864
2000
100
1
0
1
0
0
1

3
1
4
4
8878
0
1
12
134217728
3000
100
31
1
1
0
1
0
0
1
0
3
1
2
1
8896
0
0
9
268435456
3000
100
1
0
1
0
0
1

3
1
8
2
8897
0
2
10
268435456
3000
250
5
1
0
1
0
0
1

3
1
1
1
8923
0
1
12
134217728
1000
50
10
1
1
0
1
0
0
1
0
3
1
4
1
8939
0
0
9
67108864
1000
250
1
0
1
0
0
1

3
1
2
1
8966
0
2
10
134217728
3000
100
1000
1
0
1
0
0
1

3
1
1
1
8968
0
2
10
67108864
4000
100
100
1
0
1
0
0
1

3
1
4
2
8979
0
2
10
268435456
3000
500
10
1
0
1
0
0
1

3
1
1
1
8994
0
0
9
268435456
3000
250
1
0
1
0
0
1

3
1
4
4
9007
0
2
10
134217728
3000
1000
100
1
0
1
0
0
1

3
1
1
1
9017
0
2
10
268435456
1000
500
100
1
0
1
0
0
1

3
1
4
1
9020
0
2
10
67108864
2000
250
10
1
0
1
0
0
1

3
1
4
1
9031
0
2
10
268435456
1000
100
5
1
0
1
0
0
1

3
1
2
1
9054
0
1
12
67108864
1000
250
21
1
1
0
1
0
0
1
0
3
1
4
4
9068
0
2
10
268435456
3000
50
1000
1
0
1
0
0
1

3
1
2
1
9086
0
1
11
268435456
3000
100
66
0
1
0
1
0
0
1
3
1
8
4
9110
0
2
10
268435456
2000
50
1000
1
0
1
0
0
1

3
1
4
2
9117
0
1
11
67108864
3000
50
49
0
1
0
1
0
0
1
3
1
1
1
9147
0
1
11
134217728
2000
250
75
0
1
0
1
0
0
1
3
1
8
1
9153
0
1
11
67108864
4000
1000
22
0
1
0
1
0
0
1
3
1
1
1
9179
0
2
10
134217728
1000
50
1000
1
0
1
0
0
1

3
1
1
1
9190
0
1
11
67108864
2000
1000
85
0
1
0
1
0
0
1
3
1
4
2
9211
0
0
9
134217728
1000
100
1
0
1
0
0
1

3
1
2
1
9236
0
2
10
134217728
2000
1000
1000
1
0
1
0
0
1

3
1
2
1
9240
0
2
10
134217728
2000
100
1
1
0
1
0
0
1

3
1
2
1
9242
0
0
9
67108864
2000
1000
1
0
1
0
0
1

3
1
8
2
9263
0
2
10
268435456
3000
500
100
1
0
1
0
0
1

3
1
2
1
9285
0
2
10
67108864
3000
100
10
1
0
1
0
0
1

3
1
2
2
9297
0
0
9
134217728
3000
50
1
0
1
0
0
1

3
1
4
1
9307
0
0
9
67108864
3000
100
1
0
1
0
0
1

3
1
8
8
9329
0
0
9
268435456
1000
250
1
0
1
0
0
1

3
1
4
1
9352
0
0
9
67108864
1000
250
1
0
1
0
0
1

3
1
1
1
9380
0
2
10
268435456
2000
50
1
1
0
1
0
0
1

3
1
1
1
9410
0
2
10
134217728
2000
1000
1000
1
0
1
0
0
1

3
1
2
2
9425
0
0
9
134217728
1000
50
1
0
1
0
0
1

3
1
1
1
9446
0
2
10
134217728
3000
500
5
1
0
1
0
0
1

3
1
1
1
9461
0
1
11
134217728
2000
250
9
0
1
0
1
0
0
1
3
1
4
2
9486
0
1
12
67108864
2000
100
59
1
1
0
1
0
0
1
0
3
1
8
8
9516
0
1
12
67108864
3000
1000
71
1
1
0
1
0
0
1
0
3
1
1
1
9537
0
2
10
268435456
1000
100
100
1
0
1
0
0
1

3
1
8
4
9555
0
2
10
268435456
1000
500
1000
1
0
1
0
0
1

3
1
1
1
9573
0
0
9
67108864
3000
1000
1
0
1
0
0
1

3
1
2
1
9585
0
0
9
67108864
2000
50
1
0
1
0
0
1

3
1
8
2
9603
0
1
12
134217728
1000
1000
50
1
1
0
1
0
0
1
0
3
1
4
4
9613
0
2
10
268435456
1000
50
10
1
0
1
0
0
1

3
1
1
1
9625
0
2
10
67108864
2000
50
1000
1
0
1
0
0
1

3
1
1
1
9644
0
1
12
268435456
1000
500
98
1
1
0
1
0
0
1
0
3
1
2
1
9660
0
1
12
134217728
2000
1000
68
1
1
0
1
0
0
1
0
3
1
4
2
9688
0
0
9
268435456
2000
500
1
0
1
0
0
1

3
1
1
1
9705
0
2
10
134217728
4000
250
1000
1
0
1
0
0
1

3
1
1
1
9725
0
1
12
268435456
3000
50
38
1
1
0
1
0
0
1
0
3
1
1
1
9744
0
1
11
268435456
3000
500
92
0
1
0
1
0
0
1
3
1
2
1
9759
0
1
11
134217728
4000
500
36
0
1
0
1
0
0
1
3
1
1
1
9769
0
1
11
134217728
4000
1000
97
0
1
0
1
0
0
1
3
1
2
1
9790
0
2
10
268435456
3000
50
100
1
0
1
0
0
1

3
1
1
1
9804
0
1
11
268435456
3000
50
63
0
1
0
1
0
0
1
3
1
1
1
9832
0
1
12
268435456
3000
500
76
1
1
0
1
0
0
1
0
3
1
2
1
9849
0
2
10
268435456
1000
250
5
1
0
1
0
0
1

3
1
1
1
9863
0
1
11
268435456
1000
500
67
0
1
0
1
0
0
1
3
1
2
2
9873
0
1
11
268435456
3000
500
41
0
1
0
1
0
0
1
3
1
2
1
9893
0
1
11
134217728
2000
100
58
0
1
0
1
0
0
1
3
1
4
2
9909
0
0
9
67108864
1000
100
1
0
1
0
0
1

3
1
1
1
9920
0
1
12
134217728
4000
50
9
1
1
0
1
0
0
1
0
3
1
2
2
9946
0
2
10
67108864
2000
100
10
1
0
1
0
0
1

3
1
2
2
9963
0
0
9
134217728
2000
100
1
0
1
0
0
1

3
1
8
4
9991
0
0
9
134217728
4000
250
1
0
1
0
0
1

3
1
4
2
9995
0
1
11
67108864
1000
500
4
0
1
0
1
0
0
1
3
1
8
8
10007
0
2
10
268435456
2000
250
1000
1
0
1
0
0
1

3
1
4
1
10016
0
0
9
134217728
2000
250
1
0
1
0
0
1

3
1
1
1
10018
0
0
9
134217728
4000
100
1
0
1
0
0
1

3
1
2
1
10034
0
1
11
67108864
4000
1000
43
0
1
0
1
0
0
1
3
1
1
1
10060
0
1
11
268435456
1000
500
93
0
1
0
1
0
0
1
3
1
8
2
10078
0
0
9
67108864
2000
50
1
0
1
0
0
1

3
1
2
1
10080
0
2
10
134217728
3000
100
5
1
0
1
0
0
1

3
1
4
2
10085
0
0
9
67108864
3000
500
1
0
1
0
0
1

3
1
1
1
10094
0
1
11
67108864
1000
250
32
0
1
0
1
0
0
1
3
1
2
1
10106
0
2
10
67108864
2000
500
100
1
0
1
0
0
1

3
1
2
1
10123
0
1
12
67108864
2000
500
12
1
1
0
1
0
0
1
0
3
1
8
1
10145
0
0
9
268435456
2000
500
1
0
1
0
0
1

3
1
1
1
10162
0
0
9
67108864
4000
250
1
0
1
0
0
1

3
1
1
1
10177
0
1
11
67108864
3000
100
7
0
1
0
1
0
0
1
3
1
4
2
10189
0
1
11
268435456
1000
50
70
0
1
0
1
0
0
1
3
1
8
4
10211
0
0
9
268435456
3000
500
1
0
1
0
0
1

3
1
8
8
10231
0
2
10
134217728
4000
1000
10
1
0
1
0
0
1

3
1
8
1
10236
0
2
10
67108864
3000
250
100
1
0
1
0
0
1

3
1
2
1
10250
0
0
9
268435456
3000
50
1
0
1
0
0
1

3
1
1
1
10251
0
0
9
134217728
4000
500
1
0
1
0
0
1

3
1
8
1
10269
0
0
9
134217728
3000
100
1
0
1
0
0
1

3
1
2
1
10275
0
2
10
134217728
4000
250
100
1
0
1
0
0
1

3
1
8
2
10301
0
2
10
134217728
2000
500
1
1
0
1
0
0
1

3
1
1
1
10306
0
1
11
268435456
3000
250
10
0
1
0
1
0
0
1
3
1
8
2
10321
0
1
12
134217728
1000
500
18
1
1
0
1
0
0
1
0
3
1
1
1
10344
0
0
9
67108864
3000
50
1
0
1
0
0
1

3
1
4
1
10367
0
2
10
134217728
3000
100
10
1
0
1
0
0
1

3
1
1
1
10393
0
1
12
268435456
3000
500
90
1
1
0
1
0
0
1
0
3
1
1
1
10402
0
2
10
268435456
2000
50
10
1
0
1
0
0
1

3
1
1
1
10413
0
1
11
268435456
1000
500
13
0
1
0
1
0
0
1
3
1
1
1
10430
0
2
10
134217728
1000
1000
5
1
0
1
0
0
1

3
1
2
1
10446
0
2
10
134217728
2000
250
1
1
0
1
0
0
1

3
1
8
8
10452
0
1
11
67108864
2000
250
78
0
1
0
1
0
0
1
3
1
8
2
10481
0
1
11
134217728
1000
500
46
0
1
0
1
0
0
1
3
1
4
2
10497
0
0
9
67108864
2000
100
1
0
1
0
0
1

3
1
1
1
10511
0
2
10
67108864
3000
1000
1000
1
0
1
0
0
1

3
1
1
1
10515
0
1
11
134217728
4000
250
12
0
1
0
1
0
0
1
3
1
4
2
10536
0
0
9
134217728
3000
100
1
0
1
0
0
1

3
1
2
1
10554
0
1
12
134217728
4000
50
26
1
1
0
1
0
0
1
0
3
1
1
1
10571
0
1
12
134217728
3000
500
36
1
1
0
1
0
0
1
0
3
1
2
1
10583
0
0
9
268435456
3000
500
1
0
1
0
0
1

3
1
8
4
10600
0
0
9
268435456
3000
50
1
0
1
0
0
1

3
1
1
1
10629
0
2
10
134217728
3000
500
100
1
0
1
0
0
1

3
1
8
4
10648
0
2
10
268435456
3000
500
1
1
0
1
0
0
1

3
1
1
1
10662
0
0
9
134217728
3000
500
1
0
1
0
0
1

3
1
1
1
10685
0
0
9
134217728
4000
250
1
0
1
0
0
1

3
1
1
1
10712
0
0
9
134217728
2000
100
1
0
1
0
0
1

3
1
8
8
10719
0
2
10
67108864
3000
500
10
1
0
1
0
0
1

3
1
8
2
10730
0
2
10
268435456
1000
50
5
1
0
1
0
0
1

3
1
8
4
10743
0
1
12
67108864
4000
50
4
1
1
0
1
0
0
1
0
3
1
2
2
10745
0
0
9
67108864
2000
100
1
0
1
0
0
1

3
1
8
1
10774
0
0
9
134217728
4000
100
1
0
1
0
0
1

3
1
4
4
10785
0
2
10
268435456
3000
500
10
1
0
1
0
0
1

3
1
8
8
10791
0
0
9
67108864
2000
50
1
0
1
0
0
1

3
1
1
1
10821
0
2
10
268435456
3000
500
5
1
0
1
0
0
1

3
1
1
1
10842
0
2
10
67108864
3000
100
100
1
0
1
0
0
1

3
1
4
2
10843
0
2
10
134217728
4000
50
1
1
0
1
0
0
1

3
1
8
8
10852
0
1
11
67108864
3000
250
57
0
1
0
1
0
0
1
3
1
2
2
10880
0
0
9
67108864
2000
250
1
0
1
0
0
1

3
1
1
1
10905
0
0
9
268435456
1000
500
1
0
1
0
0
1

3
1
4
1
10920
0
1
11
67108864
4000
500
76
0
1
0
1
0
0
1
3
1
1
1
10935
0
2
10
67108864
2000
500
100
1
0
1
0
0
1

3
1
4
2
10958
0
1
11
134217728
4000
50
62
0
1
0
1
0
0
1
3
1
1
1
10985
0
0
9
67108864
1000
500
1
0
1
0
0
1

3
1
4
4
11008
0
0
9
268435456
1000
100
1
0
1
0
0
1

3
1
8
1
11028
0
2
10
268435456
3000
250
5
1
0
1
0
0
1

3
1
4
2
11038
0
1
12
67108864
4000
100
73
1
1
0
1
0
0
1
0
3
1
1
1
11062
0
0
9
268435456
3000
100
1
0
1
0
0
1

3
1
4
1
11082
0
0
9
268435456
1000
250
1
0
1
0
0
1

3
1
1
1
11109
0
1
12
134217728
1000
1000
96
1
1
0
1
0
0
1
0
3
1
1
1
11126
0
1
12
134217728
2000
1000
51
1
1
0
1
0
0
1
0
3
1
1
1
11151
0
1
11
67108864
3000
100
33
0
1
0
1
0
0
1
3
1
2
2
11159
0
0
9
67108864
1000
50
1
0
1
0
0
1

3
1
8
4
11169
0
2
10
268435456
2000
100
100
1
0
1
0
0
1

3
1
2
1
11177
0
0
9
67108864
3000
100
1
0
1
0
0
1

3
1
1
1
11206
0
2
10
67108864
2000
250
1
1
0
1
0
0
1

3
1
2
1
11212
0
1
11
268435456
2000
100
35
0
1
0
1
0
0
1
3
1
1
1
11234
0
0
9
268435456
2000
50
1
0
1
0
0
1

3
1
1
1
11246
0
1
11
67108864
3000
250
81
0
1
0
1
0
0
1
3
1
8
1
11265
0
0
9
268435456
3000
500
1
0
1
0
0
1

3
1
2
1
11268
0
2
10
268435456
1000
250
10
1
0
1
0
0
1

3
1
4
1
11270
0
0
9
134217728
1000
250
1
0
1
0
0
1

3
1
1
1
11289
0
0
9
67108864
4000
1000
1
0
1
0
0
1

3
1
8
2
11315
0
2
10
67108864
2000
250
100
1
0
1
0
0
1

3
1
1
1
11320
0
0
9
268435456
2000
50
1
0
1
0
0
1

3
1
8
2
11343
0
0
9
67108864
2000
1000
1
0
1
0
0
1

3
1
1
1
11354
0
2
10
268435456
1000
100
100
1
0
1
0
0
1

3
1
1
1
11377
0
1
11
134217728
4000
1000
5
0
1
0
1
0
0
1
3
1
1
1
11382
0
0
9
134217728
2000
1000
1
0
1
0
0
1

3
1
4
2
11403
0
1
11
134217728
2000
250
51
0
1
0
1
0
0
1
3
1
2
1
11408
0
2
10
67108864
4000
250
1
1
0
1
0
0
1

3
1
4
2
11431
0
1
11
268435456
2000
250
32
0
1
0
1
0
0
1
3
1
8
4
11454
0
2
10
268435456
3000
250
5
1
0
1
0
0
1

3
1
8
4
11473
0
2
10
134217728
1000
1000
5
1
0
1
0
0
1

3
1
1
1
11501
0
1
12
268435456
3000
50
37
1
1
0
1
0
0
1
0
3
1
2
2
11522
0
0
9
268435456
3000
50
1
0
1
0
0
1

3
1
8
4
11551
0
2
10
67108864
4000
1000
10
1
0
1
0
0
1

3
1
2
1
11554
0
2
10
67108864
2000
500
1
1
0
1
0
0
1

3
1
8
2
11584
0
2
10
67108864
1000
500
1000
1
0
1
0
0
1

3
1
8
1
11588
0
0
9
134217728
3000
250
1
0
1
0
0
1

3
1
2
1
11617
0
1
12
268435456
3000
100
64
1
1
0
1
0
0
1
0
3
1
1
1
11647
0
1
12
268435456
3000
500
99
1
1
0
1
0
0
1
0
3
1
2
1
11677
0
2
10
67108864
1000
1000
10
1
0
1
0
0
1

3
1
1
1
11698
0
2
10
268435456
3000
100
100
1
0
1
0
0
1

3
1
8
1
11722
0
2
10
134217728
2000
250
100
1
0
1
0
0
1

3
1
4
2
11733
0
1
12
268435456
2000
100
60
1
1
0
1
0
0
1
0
3
1
8
8
11755
0
0
9
67108864
3000
50
1
0
1
0
0
1

3
1
8
8
11776
0
0
9
268435456
2000
250
1
0
1
0
0
1

3
1
2
2
11801
0
2
10
268435456
3000
500
5
1
0
1
0
0
1

3
1
8
1
11813
0
1
11
134217728
3000
500
81
0
1
0
1
0
0
1
3
1
4
1
11840
0
2
10
67108864
4000
250
1
1
0
1
0
0
1

3
1
2
1
11852
0
0
9
67108864
1000
50
1
0
1
0
0
1

3
1
8
8
11873
0
1
12
67108864
1000
250
50
1
1
0
1
0
0
1
0
3
1
2
1
11888
0
0
9
268435456
3000
500
1
0
1
0
0
1

3
1
4
2
11913
0
2
10
134217728
3000
1000
100
1
0
1
0
0
1

3
1
1
1
11925
0
1
11
268435456
2000
500
41
0
1
0
1
0
0
1
3
1
4
2
11940
0
2
10
67108864
3000
100
100
1
0
1
0
0
1

3
1
4
4
11943
0
1
11
134217728
2000
250
99
0
1
0
1
0
0
1
3
1
1
1
11970
0
0
9
67108864
4000
250
1
0
1
0
0
1

3
1
1
1
11997
0
0
9
67108864
3000
50
1
0
1
0
0
1

3
1
8
8
12011
0
2
10
268435456
2000
250
100
1
0
1
0
0
1

3
1
1
1
12031
0
0
9
67108864
3000
250
1
0
1
0
0
1

3
1
2
1
12059
0
0
9
134217728
3000
1000
1
0
1
0
0
1

3
1
1
1
12084
0
0
9
134217728
3000
50
1
0
1
0
0
1

3
1
4
1
12102
0
0
9
268435456
3000
50
1
0
1
0
0
1

3
1
8
1
12108
0
0
9
268435456
2000
500
1
0
1
0
0
1

3
1
2
1
12136
0
0
9
67108864
1000
50
1
0
1
0
0
1

3
1
2
2
12146
0
2
10
134217728
4000
1000
100
1
0
1
0
0
1

3
1
1
1
12164
0
2
10
268435456
3000
250
1
1
0
1
0
0
1

3
1
4
4
12187
0
0
9
268435456
1000
50
1
0
1
0
0
1

3
1
4
2
12197
0
1
11
268435456
3000
500
23
0
1
0
1
0
0
1
3
1
1
1
12215
0
1
11
268435456
3000
500
68
0
1
0
1
0
0
1
3
1
1
1
12244
0
0
9
134217728
4000
500
1
0
1
0
0
1

3
1
8
1
12252
0
2
10
268435456
2000
500
1
1
0
1
0
0
1

3
1
4
2
12281
0
1
12
268435456
3000
250
75
1
1
0
1
0
0
1
0
3
1
4
1
12308
0
1
11
134217728
3000
1000
67
0
1
0
1
0
0
1
3
1
2
1
12320
0
1
11
268435456
3000
500
36
0
1
0
1
0
0
1
3
1
2
1
12332
0
0
9
67108864
2000
100
1
0
1
0
0
1

3
1
2
1
12342
0
0
9
67108864
1000
50
1
0
1
0
0
1

3
1
2
1
12344
0
0
9
134217728
1000
1000
1
0
1
0
0
1

3
1
2
1
12347
0
2
10
268435456
3000
100
1
1
0
1
0
0
1

3
1
2
1
12377
0
0
9
134217728
1000
1000
1
0
1
0
0
1

3
1
2
1
12386
0
0
9
67108864
3000
1000
1
0
1
0
0
1

3
1
2
1
12400
0
1
11
134217728
2000
50
17
0
1
0
1
0
0
1
3
1
2
2
12419
0
0
9
134217728
4000
500
1
0
1
0
0
1

3
1
1
1
12433
0
2
10
134217728
3000
50
1000
1
0
1
0
0
1

3
1
4
1
12446
0
2
10
268435456
3000
250
1
1
0
1
0
0
1

3
1
2
1
12473
0
0
9
67108864
2000
100
1
0
1
0
0
1

3
1
1
1
12485
0
1
12
134217728
4000
50
92
1
1
0
1
0
0
1
0
3
1
8
2
12488
0
0
9
268435456
1000
250
1
0
1
0
0
1

3
1
2
1
12496
0
1
12
268435456
2000
250
42
1
1
0
1
0
0
1
0
3
1
4
1
12516
0
0
9
268435456
3000
50
1
0
1
0
0
1

3
1
8
2
12517
0
1
11
134217728
1000
1000
60
0
1
0
1
0
0
1
3
1
2
2
12521
0
1
12
67108864
3000
100
97
1
1
0
1
0
0
1
0
3
1
4
2
12533
0
2
10
134217728
2000
1000
1000
1
0
1
0
0
1

3
1
8
1
12557
0
2
10
67108864
2000
500
1000
1
0
1
0
0
1

3
1
8
1
12559
0
0
9
134217728
4000
1000
1
0
1
0
0
1

3
1
4
1
12563
0
0
9
67108864
1000
250
1
0
1
0
0
1

3
1
4
2
12591
0
1
12
268435456
3000
50
79
1
1
0
1
0
0
1
0
3
1
8
2
12592
0
1
11
134217728
3000
100
50
0
1
0
1
0
0
1
3
1
8
8
12602
0
0
9
268435456
3000
250
1
0
1
0
0
1

3
1
2
1
12632
0
1
12
134217728
4000
250
75
1
1
0
1
0
0
1
0
3
1
4
1
12661
0
2
10
67108864
2000
1000
1
1
0
1
0
0
1

3
1
2
1
12672
0
0
9
268435456
3000
50
1
0
1
0
0
1

3
1
2
2
12674
0
0
9
268435456
2000
250
1
0
1
0
0
1

3
1
4
2
12703
0
0
9
134217728
4000
250
1
0
1
0
0
1

3
1
2
1
12727
0
0
9
67108864
1000
50
1
0
1
0
0
1

3
1
8
2
12743
0
1
11
67108864
3000
50
61
0
1
0
1
0
0
1
3
1
8
4
12767
0
2
10
134217728
4000
500
5
1
0
1
0
0
1

3
1
2
1
12777
0
1
11
134217728
1000
250
92
0
1
0
1
0
0
1
3
1
2
1
12806
0
1
12
67108864
3000
500
41
1
1
0
1
0
0
1
0
3
1
1
1
12827
0
0
9
67108864
4000
1000
1
0
1
0
0
1

3
1
8
8
12845
0
0
9
134217728
3000
100
1
0
1
0
0
1

3
1
8
1
12860
0
0
9
134217728
3000
500
1
0
1
0
0
1

3
1
8
1
12876
0
2
10
268435456
3000
50
1
1
0
1
0
0
1

3
1
2
2
12880
0
0
9
134217728
4000
100
1
0
1
0
0
1

3
1
8
4
12889
0
2
10
67108864
1000
250
100
1
0
1
0
0
1

3
1
1
1
12892
0
1
12
67108864
2000
250
2
1
1
0
1
0
0
1
0
3
1
1
1
12896
0
2
10
268435456
1000
250
100
1
0
1
0
0
1

3
1
1
1
12922
0
0
9
268435456
2000
500
1
0
1
0
0
1

3
1
2
2
12931
0
1
12
134217728
2000
500
88
1
1
0
1
0
0
1
0
3
1
2
1
12940
0
1
12
268435456
3000
100
19
1
1
0
1
0
0
1
0
3
1
2
1
12952
0
2
10
134217728
2000
50
5
1
0
1
0
0
1

3
1
2
1
12971
0
2
10
268435456
3000
50
10
1
0
1
0
0
1

3
1
4
4
12982
0
2
10
67108864
3000
500
10
1
0
1
0
0
1

3
1
2
1
12999
0
0
9
134217728
2000
50
1
0
1
0
0
1

3
1
2
1
13008
0
1
11
268435456
3000
50
82
0
1
0
1
0
0
1
3
1
2
1
13021
0
0
9
134217728
1000
250
1
0
1
0
0
1

3
1
8
4
13042
0
0
9
134217728
3000
50
1
0
1
0
0
1

3
1
1
1
13071
0
1
11
134217728
2000
50
1
0
1
0
1
0
0
1
3
1
1
1
13090
0
0
9
67108864
1000
500
1
0
1
0
0
1

3
1
4
1
13119
0
2
10
134217728
1000
50
5
1
0
1
0
0
1

3
1
8
2
13136
0
2
10
67108864
4000
50
1
1
0
1
0
0
1

3
1
4
2
13161
0
2
10
67108864
4000
100
1000
1
0
1
0
0
1

3
1
4
4
13179
0
0
9
268435456
3000
500
1
0
1
0
0
1

3
1
4
4
13204
0
2
10
134217728
3000
500
10
1
0
1
0
0
1

3
1
1
1
13225
0
1
12
67108864
4000
50
85
1
1
0
1
0
0
1
0
3
1
1
1
13244
0
2
10
67108864
3000
50
100
1
0
1
0
0
1

3
1
1
1
13255
0
2
10
67108864
3000
50
1000
1
0
1
0
0
1

3
1
2
1
13266
0
0
9
134217728
1000
100
1
0
1
0
0
1

3
1
1
1
13291
0
2
10
268435456
2000
50
5
1
0
1
0
0
1

3
1
4
2
13321
0
0
9
67108864
3000
100
1
0
1
0
0
1

3
1
4
2
13340
0
0
9
268435456
3000
100
1
0
1
0
0
1

3
1
8
8
13355
0
2
10
134217728
2000
500
10
1
0
1
0
0
1

3
1
2
1
13374
0
1
12
134217728
3000
50
73
1
1
0
1
0
0
1
0
3
1
2
1
13380
0
0
9
268435456
2000
50
1
0
1
0
0
1

3
1
8
1
13405
0
0
9
67108864
2000
250
1
0
1
0
0
1

3
1
8
2
13433
0
2
10
67108864
2000
500
100
1
0
1
0
0
1

3
1
4
2
13456
0
2
10
134217728
1000
100
100
1
0
1
0
0
1

3
1
1
1
13478
0
0
9
268435456
2000
500
1
0
1
0
0
1

3
1
2
1
13500
0
1
12
134217728
1000
50
10
1
1
0
1
0
0
1
0
3
1
1
1
13501
0
2
10
67108864
4000
500
10
1
0
1
0
0
1

3
1
4
1
13511
0
2
10
134217728
4000
250
1
1
0
1
0
0
1

3
1
2
2
13518
0
2
10
268435456
3000
250
1000
1
0
1
0
0
1

3
1
4
1
13546
0
0
9
67108864
2000
100
1
0
1
0
0
1

3
1
2
1
13563
0
0
9
134217728
3000
1000
1
0
1
0
0
1

3
1
1
1
13579
0
0
9
268435456
3000
500
1
0
1
0
0
1

3
1
2
1
13581
0
1
12
268435456
2000
100
51
1
1
0
1
0
0
1
0
3
1
8
4
13603
0
2
10
67108864
2000
100
10
1
0
1
0
0
1

3
1
1
1
13633
0
2
10
67108864
4000
50
1
1
0
1
0
0
1

3
1
2
1
13658
0
0
9
67108864
4000
500
1
0
1
0
0
1

3
1
8
4
13664
0
1
11
268435456
3000
100
89
0
1
0
1
0
0
1
3
1
1
1
13665
0
2
10
67108864
3000
50
100
1
0
1
0
0
1

3
1
4
2
13673
0
0
9
134217728
4000
100
1
0
1
0
0
1

3
1
8
4
13691
0
0
9
268435456
2000
500
1
0
1
0
0
1

3
1
4
2
13700
0
1
11
67108864
1000
250
81
0
1
0
1
0
0
1
3
1
4
4
13702
0
0
9
67108864
4000
250
1
0
1
0
0
1

3
1
4
2
13713
0
0
9
268435456
1000
500
1
0
1
0
0
1

3
1
1
1
13728
0
0
9
67108864
3000
500
1
0
1
0
0
1

3
1
1
1
13758
0
0
9
67108864
4000
100
1
0
1
0
0
1

3
1
1
1
13776
0
2
10
67108864
4000
100
1
1
0
1
0
0
1

3
1
8
4
13780
0
0
9
268435456
3000
50
1
0
1
0
0
1

3
1
4
2
13783
0
1
12
134217728
3000
50
50
1
1
0
1
0
0
1
0
3
1
4
4
13813
0
1
11
134217728
2000
500
70
0
1
0
1
0
0
1
3
1
2
1
13823
0
1
11
268435456
3000
500
57
0
1
0
1
0
0
1
3
1
4
2
13841
0
0
9
268435456
3000
500
1
0
1
0
0
1

3
1
2
1
13859
0
2
10
67108864
2000
250
1000
1
0
1
0
0
1

3
1
8
2
13883
0
2
10
268435456
3000
500
1
1
0
1
0
0
1

3
1
4
2
13907
0
1
11
134217728
4000
1000
93
0
1
0
1
0
0
1
3
1
1
1
13937
0
0
9
134217728
1000
1000
1
0
1
0
0
1

3
1
4
1
13942
0
1
12
67108864
1000
1000
33
1
1
0
1
0
0
1
0
3
1
1
1
13954
0
2
10
268435456
2000
100
5
1
0
1
0
0
1

3
1
4
2
13965
0
1
11
67108864
2000
50
48
0
1
0
1
0
0
1
3
1
4
2
13968
0
2
10
268435456
1000
500
1
1
0
1
0
0
1

3
1
8
2
13979
0
2
10
268435456
3000
250
1000
1
0
1
0
0
1

3
1
1
1
13983
0
1
11
67108864
3000
100
91
0
1
0
1
0
0
1
3
1
8
8
13985
0
0
9
67108864
1000
500
1
0
1
0
0
1

3
1
1
1
13997
0
1
11
268435456
3000
250
96
0
1
0
1
0
0
1
3
1
1
1
14027
0
1
12
268435456
3000
500
28
1
1
0
1
0
0
1
0
3
1
4
4
14057
0
2
10
268435456
3000
50
1000
1
0
1
0
0
1

3
1
4
4
14072
0
1
12
67108864
3000
250
89
1
1
0
1
0
0
1
0
3
1
4
2
14098
0
2
10
268435456
2000
500
10
1
0
1
0
0
1

3
1
4
1
14118
0
2
10
134217728
3000
100
100
1
0
1
0
0
1

3
1
2
1
14132
0
1
11
67108864
3000
1000
4
0
1
0
1
0
0
1
3
1
8
1
14149
0
0
9
134217728
1000
100
1
0
1
0
0
1

3
1
4
4
14172
0
0
9
67108864
3000
50
1
0
1
0
0
1

3
1
8
8
14178
0
2
10
268435456
1000
50
100
1
0
1
0
0
1

3
1
4
2
14200
0
1
12
134217728
4000
1000
97
1
1
0
1
0
0
1
0
3
1
4
4
14219
0
1
12
67108864
2000
500
93
1
1
0
1
0
0
1
0
3
1
2
1
14224
0
2
10
67108864
3000
250
100
1
0
1
0
0
1

3
1
2
1
14246
0
2
10
134217728
3000
1000
1000
1
0
1
0
0
1

3
1
8
4
14249
0
2
10
268435456
3000
500
10
1
0
1
0
0
1

3
1
8
8
14255
0
0
9
134217728
1000
250
1
0
1
0
0
1

3
1
8
8
14270
0
0
9
67108864
2000
500
1
0
1
0
0
1

3
1
4
2
14277
0
0
9
268435456
3000
250
1
0
1
0
0
1

3
1
4
1
14288
0
2
10
134217728
3000
50
1000
1
0
1
0
0
1

3
1
4
1
14308
0
2
10
134217728
1000
50
1
1
0
1
0
0
1

3
1
4
2
14335
0
1
12
67108864
4000
50
28
1
1
0
1
0
0
1
0
3
1
2
1
14346
0
1
11
134217728
3000
1000
20
0
1
0
1
0
0
1
3
1
4
2
14369
0
0
9
67108864
4000
50
1
0
1
0
0
1

3
1
1
1
14382
0
2
10
67108864
1000
500
10
1
0
1
0
0
1

3
1
2
1
14402
0
0
9
268435456
3000
50
1
0
1
0
0
1

3
1
4
2
14409
0
0
9
268435456
1000
100
1
0
1
0
0
1

3
1
8
1
14415
0
0
9
268435456
2000
50
1
0
1
0
0
1

3
1
4
4
14440
0
2
10
67108864
2000
500
1000
1
0
1
0
0
1

3
1
2
1
14448
0
0
9
134217728
1000
500
1
0
1
0
0
1

3
1
8
1
14471
0
2
10
134217728
2000
1000
1
1
0
1
0
0
1

3
1
2
2
14501
0
0
9
268435456
1000
50
1
0
1
0
0
1

3
1
1
1
14510
0
0
9
67108864
2000
250
1
0
1
0
0
1

3
1
4
1
14533
0
1
11
134217728
3000
500
73
0
1
0
1
0
0
1
3
1
8
1
14553
0
1
12
67108864
1000
250
93
1
1
0
1
0
0
1
0
3
1
2
1
14569
0
2
10
268435456
3000
500
1000
1
0
1
0
0
1

3
1
8
2
14594
0
0
9
134217728
1000
1000
1
0
1
0
0
1

3
1
1
1
14620
0
2
10
67108864
2000
1000
100
1
0
1
0
0
1

3
1
1
1
14633
0
1
12
268435456
3000
250
96
1
1
0
1
0
0
1
0
3
1
2
1
14649
0
0
9
134217728
2000
250
1
0
1
0
0
1

3
1
2
2
14662
0
1
11
67108864
1000
100
52
0
1
0
1
0
0
1
3
1
2
1
14688
0
0
9
67108864
1000
50
1
0
1
0
0
1

3
1
2
1
14699
0
1
11
134217728
3000
100
38
0
1
0
1
0
0
1
3
1
4
4
14720
0
0
9
67108864
2000
500
1
0
1
0
0
1

3
1
8
1
14736
0
2
10
268435456
2000
500
10
1
0
1
0
0
1

3
1
1
1
14737
0
2
10
134217728
4000
100
100
1
0
1
0
0
1

3
1
2
1
14752
0
2
10
134217728
1000
50
1
1
0
1
0
0
1

3
1
2
1
14774
0
1
11
67108864
1000
50
3
0
1
0
1
0
0
1
3
1
8
1
14799
0
1
11
268435456
3000
250
75
0
1
0
1
0
0
1
3
1
2
1
14800
0
1
12
67108864
4000
50
49
1
1
0
1
0
0
1
0
3
1
2
1
14809
0
2
10
268435456
2000
100
10
1
0
1
0
0
1

3
1
4
1
14819
0
0
9
134217728
1000
250
1
0
1
0
0
1

3
1
4
2
14831
0
2
10
67108864
4000
50
100
1
0
1
0
0
1

3
1
4
1
14861
0
1
12
67108864
2000
100
75
1
1
0
1
0
0
1
0
3
1
4
2
14874
0
2
10
67108864
1000
50
1000
1
0
1
0
0
1

3
1
1
1
14886
0
2
10
268435456
3000
500
1000
1
0
1
0
0
1

3
1
2
1
14912
0
2
10
134217728
4000
1000
10
1
0
1
0
0
1

3
1
2
1
14937
0
1
12
67108864
3000
100
47
1
1
0
1
0
0
1
0
3
1
1
1
14958
0
0
9
67108864
1000
500
1
0
1
0
0
1

3
1
2
1
14972
0
0
9
134217728
1000
250
1
0
1
0
0
1

3
1
2
1
14976
0
2
10
67108864
2000
50
5
1
0
1
0
0
1

3
1
1
1
14994
0
0
9
67108864
4000
50
1
0
1
0
0
1

3
1
2
1
15021
0
0
9
268435456
2000
50
1
0
1
0
0
1

3
1
4
2
15037
0
2
10
134217728
4000
250
1000
1
0
1
0
0
1

3
1
1
1
15054
0
0
9
134217728
2000
500
1
0
1
0
0
1

3
1
2
1
15065
0
1
11
67108864
2000
250
15
0
1
0
1
0
0
1
3
1
8
4
15077
0
0
9
268435456
2000
100
1
0
1
0
0
1

3
1
4
2
15082
0
1
11
134217728
2000
100
49
0
1
0
1
0
0
1
3
1
1
1
15108
0
0
9
268435456
2000
50
1
0
1
0
0
1

3
1
1
1
15129
0
2
10
268435456
2000
100
5
1
0
1
0
0
1

3
1
4
4
15133
0
1
12
134217728
3000
1000
63
1
1
0
1
0
0
1
0
3
1
4
2
15152
0
2
10
268435456
1000
500
1
1
0
1
0
0
1

3
1
4
2
15153
0
0
9
268435456
3000
250
1
0
1
0
0
1

3
1
1
1
15170
0
2
10
268435456
3000
500
5
1
0
1
0
0
1

3
1
1
1
15184
0
2
10
134217728
4000
100
10
1
0
1
0
0
1

3
1
8
1
15204
0
0
9
67108864
1000
500
1
0
1
0
0
1

3
1
2
1
15223
0
0
9
268435456
2000
50
1
0
1
0
0
1

3
1
2
1
15227
0
1
12
268435456
2000
500
84
1
1
0
1
0
0
1
0
3
1
1
1
15253
0
2
10
268435456
1000
500
1
1
0
1
0
0
1

3
1
8
8
15266
0
2
10
67108864
2000
100
10
1
0
1
0
0
1

3
1
2
2
15284
0
0
9
67108864
1000
1000
1
0
1
0
0
1

3
1
8
4
15297
0
1
12
134217728
1000
100
71
1
1
0
1
0
0
1
0
3
1
1
1
15300
0
1
12
67108864
3000
250
25
1
1
0
1
0
0
1
0
3
1
4
2
15323
0
1
11
67108864
1000
50
63
0
1
0
1
0
0
1
3
1
1
1
15324
0
2
10
134217728
2000
500
10
1
0
1
0
0
1

3
1
1
1
15327
0
0
9
134217728
1000
50
1
0
1
0
0
1

3
1
8
1
15330
0
0
9
134217728
2000
500
1
0
1
0
0
1

3
1
4
4
15336
0
0
9
67108864
1000
50
1
0
1
0
0
1

3
1
4
1
15361
0
1
11
67108864
1000
250
45
0
1
0
1
0
0
1
3
1
1
1
15385
0
2
10
67108864
4000
100
10
1
0
1
0
0
1

3
1
8
2
15387
0
2
10
134217728
3000
500
1000
1
0
1
0
0
1

3
1
8
4
15404
0
0
9
134217728
1000
50
1
0
1
0
0
1

3
1
1
1
15412
0
0
9
67108864
1000
50
1
0
1
0
0
1

3
1
4
1
15417
0
0
9
268435456
1000
50
1
0
1
0
0
1

3
1
1
1
15436
0
0
9
134217728
3000
250
1
0
1
0
0
1

3
1
4
2
15451
0
1
12
134217728
1000
500
45
1
1
0
1
0
0
1
0
3
1
2
1
15454
0
0
9
67108864
2000
250
1
0
1
0
0
1

3
1
4
4
15464
0
0
9
67108864
3000
250
1
0
1
0
0
1

3
1
4
1
15478
0
0
9
134217728
1000
100
1
0
1
0
0
1

3
1
1
1
15493
0
0
9
268435456
3000
250
1
0
1
0
0
1

3
1
2
1
15503
0
1
11
268435456
2000
100
65
0
1
0
1
0
0
1
3
1
8
2
15512
0
2
10
268435456
2000
500
1000
1
0
1
0
0
1

3
1
2
2
15539
0
0
9
67108864
2000
100
1
0
1
0
0
1

3
1
1
1
15569
0
2
10
268435456
3000
100
1
1
0
1
0
0
1

3
1
2
1
15571
0
1
12
268435456
2000
500
26
1
1
0
1
0
0
1
0
3
1
1
1
15574
0
0
9
134217728
4000
500
1
0
1
0
0
1

3
1
2
1
15591
0
1
11
268435456
3000
500
26
0
1
0
1
0
0
1
3
1
4
2
15614
0
2
10
268435456
3000
100
10
1
0
1
0
0
1

3
1
2
1
15628
0
2
10
268435456
1000
500
1000
1
0
1
0
0
1

3
1
4
1
15653
0
0
9
134217728
3000
100
1
0
1
0
0
1

3
1
4
1
15666
0
0
9
268435456
2000
500
1
0
1
0
0
1

3
1
4
1
15669
0
1
12
134217728
4000
50
25
1
1
0
1
0
0
1
0
3
1
1
1
15680
0
1
11
67108864
3000
500
38
0
1
0
1
0
0
1
3
1
2
2
15709
0
1
12
134217728
4000
1000
17
1
1
0
1
0
0
1
0
3
1
2
1
15727
0
0
9
268435456
3000
500
1
0
1
0
0
1

3
1
1
1
15742
0
1
12
67108864
4000
100
11
1
1
0
1
0
0
1
0
3
1
4
4
15760
0
2
10
134217728
3000
50
100
1
0
1
0
0
1

3
1
2
2
15762
0
1
11
67108864
2000
250
56
0
1
0
1
0
0
1
3
1
1
1
15766
0
0
9
134217728
1000
1000
1
0
1
0
0
1

3
1
2
2
15796
0
2
10
268435456
3000
250
5
1
0
1
0
0
1

3
1
4
2
15799
0
2
10
134217728
4000
50
1
1
0
1
0
0
1

3
1
4
4
15827
0
0
9
268435456
3000
50
1
0
1
0
0
1

3
1
4
2
15855
0
1
12
134217728
2000
1000
24
1
1
0
1
0
0
1
0
3
1
2
2
15873
0
0
9
134217728
4000
500
1
0
1
0
0
1

3
1
8
2
15896
0
0
9
67108864
2000
1000
1
0
1
0
0
1

3
1
4
2
15921
0
1
12
67108864
1000
1000
71
1
1
0
1
0
0
1
0
3
1
8
2
15941
0
1
11
134217728
3000
250
24
0
1
0
1
0
0
1
3
1
8
1
15947
0
0
9
67108864
2000
50
1
0
1
0
0
1

3
1
1
1
15961
0
2
10
268435456
1000
250
100
1
0
1
0
0
1

3
1
1
1
15986
0
2
10
67108864
3000
50
100
1
0
1
0
0
1

3
1
2
1
15991
0
1
11
268435456
3000
500
20
0
1
0
1
0
0
1
3
1
4
2
16009
0
0
9
67108864
1000
250
1
0
1
0
0
1

3
1
2
1
16026
0
2
10
134217728
2000
1000
5
1
0
1
0
0
1

3
1
4
2
16029
0
0
9
134217728
1000
50
1
0
1
0
0
1

3
1
2
1
16042
0
0
9
268435456
3000
100
1
0
1
0
0
1

3
1
4
4
16043
0
2
10
67108864
2000
50
100
1
0
1
0
0
1

3
1
2
1
16055
0
0
9
134217728
3000
500
1
0
1
0
0
1

3
1
2
2
16064
0
2
10
134217728
4000
50
1
1
0
1
0
0
1

3
1
4
1
16070
0
2
10
134217728
2000
250
1000
1
0
1
0
0
1

3
1
2
2
16073
0
1
12
268435456
3000
500
99
1
1
0
1
0
0
1
0
3
1
1
1
16103
0
1
12
268435456
3000
50
32
1
1
0
1
0
0
1
0
3
1
8
1
16122
0
0
9
268435456
1000
500
1
0
1
0
0
1

3
1
1
1
16123
0
0
9
67108864
2000
500
1
0
1
0
0
1

3
1
1
1
16129
0
2
10
268435456
3000
100
100
1
0
1
0
0
1

3
1
2
1
16133
0
0
9
134217728
2000
100
1
0
1
0
0
1

3
1
2
1
16142
0
0
9
268435456
2000
50
1
0
1
0
0
1

3
1
1
1
16153
0
2
10
134217728
4000
250
5
1
0
1
0
0
1

3
1
2
1
16162
0
2
10
268435456
3000
500
100
1
0
1
0
0
1

3
1
8
4
16163
0
0
9
134217728
2000
100
1
0
1
0
0
1

3
1
4
1
16171
0
0
9
134217728
1000
1000
1
0
1
0
0
1

3
1
8
1
16195
0
1
12
67108864
3000
250
15
1
1
0
1
0
0
1
0
3
1
1
1
16216
0
2
10
67108864
1000
50
5
1
0
1
0
0
1

3
1
4
4
16234
0
1
12
134217728
3000
50
97
1
1
0
1
0
0
1
0
3
1
2
1
16256
0
0
9
134217728
4000
250
1
0
1
0
0
1

3
1
2
1
16264
0
0
9
268435456
2000
250
1
0
1
0
0
1

3
1
8
8
16285
0
2
10
67108864
1000
50
10
1
0
1
0
0
1

3
1
8
8
16294
0
0
9
268435456
2000
500
1
0
1
0
0
1

3
1
2
1
16296
0
2
10
134217728
2000
500
100
1
0
1
0
0
1

3
1
4
2
16315
0
0
9
67108864
3000
100
1
0
1
0
0
1

3
1
4
2
16322
0
2
10
67108864
1000
1000
100
1
0
1
0
0
1

3
1
8
2
16331
0
2
10
134217728
1000
500
1
1
0
1
0
0
1

3
1
1
1
16340
0
1
12
67108864
2000
50
72
1
1
0
1
0
0
1
0
3
1
1
1
16357
0
0
9
67108864
4000
100
1
0
1
0
0
1

3
1
2
2
16362
0
1
12
268435456
3000
100
80
1
1
0
1
0
0
1
0
3
1
1
1
16389
0
1
12
134217728
4000
50
26
1
1
0
1
0
0
1
0
3
1
4
1
16418
0
2
10
67108864
4000
250
5
1
0
1
0
0
1

3
1
4
4
16428
0
2
10
268435456
3000
50
1000
1
0
1
0
0
1

3
1
2
1
16443
0
2
10
134217728
2000
100
10
1
0
1
0
0
1

3
1
1
1
16446
0
0
9
134217728
2000
100
1
0
1
0
0
1

3
1
1
1
16459
0
1
11
67108864
2000
100
53
0
1
0
1
0
0
1
3
1
4
4
16481
0
2
10
268435456
1000
500
5
1
0
1
0
0
1

3
1
1
1
16508
0
0
9
134217728
3000
500
1
0
1
0
0
1

3
1
8
8
16532
0
0
9
134217728
4000
50
1
0
1
0
0
1

3
1
4
2
16555
0
0
9
268435456
3000
100
1
0
1
0
0
1

3
1
2
1
16579
0
2
10
268435456
3000
250
100
1
0
1
0
0
1

3
1
4
2
16601
0
0
9
268435456
1000
500
1
0
1
0
0
1

3
1
4
1
16619
0
2
10
268435456
3000
50
100
1
0
1
0
0
1

3
1
4
2
16627
0
1
12
134217728
4000
500
1
1
1
0
1
0
0
1
0
3
1
2
2
16640
0
0
9
67108864
2000
1000
1
0
1
0
0
1

3
1
8
2
16641
0
2
10
268435456
1000
50
1000
1
0
1
0
0
1

3
1
2
2
16655
0
2
10
268435456
1000
500
10
1
0
1
0
0
1

3
1
1
1
16684
0
1
12
67108864
3000
100
67
1
1
0
1
0
0
1
0
3
1
8
4
16685
0
2
10
134217728
1000
1000
5
1
0
1
0
0
1

3
1
4
2
16687
0
2
10
67108864
4000
500
1
1
0
1
0
0
1

3
1
4
1
16698
0
2
10
134217728
4000
1000
5
1
0
1
0
0
1

3
1
2
1
16701
0
1
12
134217728
4000
100
22
1
1
0
1
0
0
1
0
3
1
2
1
16720
0
1
12
268435456
3000
50
84
1
1
0
1
0
0
1
0
3
1
4
2
16745
0
2
10
134217728
1000
100
5
1
0
1
0
0
1

3
1
1
1
16757
0
0
9
67108864
2000
100
1
0
1
0
0
1

3
1
4
2
16766
0
1
12
134217728
1000
1000
44
1
1
0
1
0
0
1
0
3
1
8
2
16776
0
2
10
67108864
1000
500
10
1
0
1
0
0
1

3
1
4
4
16794
0
2
10
67108864
2000
250
1000
1
0
1
0
0
1

3
1
2
1
16821
0
0
9
268435456
3000
250
1
0
1
0
0
1

3
1
1
1
16829
0
0
9
134217728
2000
100
1
0
1
0
0
1

3
1
8
2
16837
0
1
12
67108864
1000
1000
99
1
1
0
1
0
0
1
0
3
1
8
4
16852
0
2
10
268435456
3000
500
1000
1
0
1
0
0
1

3
1
2
1
16881
0
0
9
67108864
1000
100
1
0
1
0
0
1

3
1
1
1
16901
0
2
10
67108864
3000
500
1
1
0
1
0
0
1

3
1
4
4
16924
0
0
9
67108864
3000
100
1
0
1
0
0
1

3
1
4
2
16931
0
2
10
67108864
2000
100
1
1
0
1
0
0
1

3
1
2
2
16932
0
2
10
134217728
3000
250
5
1
0
1
0
0
1

3
1
8
4
16939
0
1
11
67108864
1000
500
90
0
1
0
1
0
0
1
3
1
4
2
16966
0
2
10
134217728
3000
1000
1
1
0
1
0
0
1

3
1
1
1
16986
0
1
12
268435456
2000
500
53
1
1
0
1
0
0
1
0
3
1
1
1
16997
0
1
12
134217728
1000
500
0
1
1
0
1
0
0
1
0
3
1
1
1
17023
0
0
9
67108864
3000
250
1
0
1
0
0
1

3
1
1
1
17051
0
0
9
67108864
1000
50
1
0
1
0
0
1

3
1
2
2
17076
0
1
12
268435456
3000
500
41
1
1
0
1
0
0
1
0
3
1
4
4
17099
0
2
10
268435456
2000
250
100
1
0
1
0
0
1

3
1
8
8
17102
0
0
9
134217728
2000
1000
1
0
1
0
0
1

3
1
8
8
17120
0
0
9
67108864
4000
1000
1
0
1
0
0
1

3
1
1
1
17141
0
1
11
268435456
3000
500
13
0
1
0
1
0
0
1
3
1
4
2
17170
0
0
9
268435456
3000
250
1
0
1
0
0
1

3
1
4
2
17180
0
1
12
134217728
4000
250
32
1
1
0
1
0
0
1
0
3
1
4
1
17186
0
2
10
134217728
2000
1000
10
1
0
1
0
0
1

3
1
8
2
17206
0
2
10
67108864
1000
100
1
1
0
1
0
0
1

3
1
2
2
17220
0
1
12
134217728
3000
500
81
1
1
0
1
0
0
1
0
3
1
1
1
17246
0
1
11
134217728
2000
500
90
0
1
0
1
0
0
1
3
1
1
1
17271
0
1
12
268435456
2000
50
43
1
1
0
1
0
0
1
0
3
1
2
2
17274
0
0
9
134217728
2000
250
1
0
1
0
0
1

3
1
2
1
17286
0
1
12
67108864
2000
250
30
1
1
0
1
0
0
1
0
3
1
4
2
17292
0
1
11
67108864
2000
500
89
0
1
0
1
0
0
1
3
1
8
4
17300
0
1
11
67108864
4000
1000
55
0
1
0
1
0
0
1
3
1
2
1
17329
0
1
12
67108864
3000
250
89
1
1
0
1
0
0
1
0
3
1
2
1
17337
0
1
12
268435456
1000
500
80
1
1
0
1
0
0
1
0
3
1
4
4
17343
0
1
12
67108864
3000
500
4
1
1
0
1
0
0
1
0
3
1
4
2
17345
0
1
12
67108864
3000
500
19
1
1
0
1
0
0
1
0
3
1
1
1
17356
0
0
9
67108864
3000
100
1
0
1
0
0
1

3
1
2
2
17372
0
0
9
268435456
3000
250
1
0
1
0
0
1

3
1
1
1
17388
0
2
10
134217728
4000
1000
100
1
0
1
0
0
1

3
1
1
1
17393
0
2
10
67108864
2000
100
1000
1
0
1
0
0
1

3
1
4
2
17408
0
2
10
67108864
1000
250
10
1
0
1
0
0
1

3
1
8
1
17433
0
0
9
67108864
2000
1000
1
0
1
0
0
1

3
1
2
1
17434
0
0
9
268435456
3000
500
1
0
1
0
0
1

3
1
8
2
17447
0
1
11
268435456
1000
100
2
0
1
0
1
0
0
1
3
1
2
1
17471
0
1
11
67108864
3000
250
78
0
1
0
1
0
0
1
3
1
2
1
17484
0
2
10
67108864
3000
500
100
1
0
1
0
0
1

3
1
2
1
17514
0
0
9
67108864
3000
1000
1
0
1
0
0
1

3
1
1
1
17539
0
0
9
134217728
2000
250
1
0
1
0
0
1

3
1
1
1
17551
0
1
12
268435456
3000
50
58
1
1
0
1
0
0
1
0
3
1
2
1
17557
0
2
10
134217728
4000
500
5
1
0
1
0
0
1

3
1
4
2
17558
0
0
9
67108864
2000
500
1
0
1
0
0
1

3
1
1
1
17580
0
2
10
134217728
2000
50
1000
1
0
1
0
0
1

3
1
4
2
17606
0
0
9
268435456
1000
500
1
0
1
0
0
1

3
1
4
4
17618
0
1
11
134217728
1000
250
20
0
1
0
1
0
0
1
3
1
4
4
17642
0
2
10
134217728
3000
100
1000
1
0
1
0
0
1

3
1
8
8
17656
0
0
9
268435456
3000
50
1
0
1
0
0
1

3
1
8
4
17666
0
0
9
67108864
1000
1000
1
0
1
0
0
1

3
1
4
1
17689
0
0
9
134217728
3000
1000
1
0
1
0
0
1

3
1
8
4
17717
0
2
10
268435456
3000
500
10
1
0
1
0
0
1

3
1
4
4
17733
0
2
10
134217728
4000
100
1
1
0
1
0
0
1

3
1
2
2
17740
0
1
12
268435456
2000
250
38
1
1
0
1
0
0
1
0
3
1
2
2
17756
0
1
11
268435456
2000
100
68
0
1
0
1
0
0
1
3
1
2
1
17784
0
0
9
268435456
2000
50
1
0
1
0
0
1

3
1
2
1
17806
0
2
10
268435456
1000
50
5
1
0
1
0
0
1

3
1
1
1
17813
0
2
10
134217728
3000
1000
1000
1
0
1
0
0
1

3
1
4
2
17822
0
0
9
67108864
1000
500
1
0
1
0
0
1

3
1
4
1
17848
0
2
10
67108864
1000
250
10
1
0
1
0
0
1

3
1
8
8
17872
0
2
10
134217728
2000
100
1
1
0
1
0
0
1

3
1
2
2
17896
0
2
10
268435456
1000
500
5
1
0
1
0
0
1

3
1
4
4
17899
0
2
10
134217728
4000
250
1000
1
0
1
0
0
1

3
1
4
2
17900
0
2
10
134217728
4000
250
1
1
0
1
0
0
1

3
1
1
1
17928
0
0
9
268435456
2000
250
1
0
1
0
0
1

3
1
8
4
17940
0
2
10
134217728
3000
50
1
1
0
1
0
0
1

3
1
1
1
17969
0
0
9
134217728
4000
50
1
0
1
0
0
1

3
1
1
1
17983
0
0
9
268435456
1000
100
1
0
1
0
0
1

3
1
4
1
18004
0
1
12
67108864
4000
100
28
1
1
0
1
0
0
1
0
3
1
8
4
18006
0
0
9
67108864
4000
500
1
0
1
0
0
1

3
1
2
2
18019
0
0
9
268435456
1000
500
1
0
1
0
0
1

3
1
4
2
18036
0
2
10
268435456
2000
250
10
1
0
1
0
0
1

3
1
4
2
18051
0
1
11
268435456
3000
250
29
0
1
0
1
0
0
1
3
1
4
2
18080
0
1
11
67108864
1000
250
11
0
1
0
1
0
0
1
3
1
8
4
18098
0
2
10
67108864
2000
100
10
1
0
1
0
0
1

3
1
8
1
18099
0
1
12
268435456
1000
100
47
1
1
0
1
0
0
1
0
3
1
2
2
18106
0
0
9
67108864
2000
50
1
0
1
0
0
1

3
1
4
2
18117
0
1
12
67108864
1000
1000
10
1
1
0
1
0
0
1
0
3
1
8
1
18127
0
1
12
67108864
3000
50
95
1
1
0
1
0
0
1
0
3
1
4
2
18132
0
0
9
67108864
2000
250
1
0
1
0
0
1

3
1
2
1
18161
0
2
10
268435456
2000
100
1
1
0
1
0
0
1

3
1
4
2
18179
0
2
10
67108864
2000
100
1
1
0
1
0
0
1

3
1
8
4
18201
0
0
9
268435456
1000
100
1
0
1
0
0
1

3
1
8
1
18219
0
0
9
67108864
1000
100
1
0
1
0
0
1

3
1
4
2
18229
0
2
10
134217728
3000
50
5
1
0
1
0
0
1

3
1
4
1
18254
0
1
11
134217728
3000
1000
32
0
1
0
1
0
0
1
3
1
2
1
18267
0
2
10
67108864
1000
100
100
1
0
1
0
0
1

3
1
1
1
18281
0
0
9
268435456
3000
50
1
0
1
0
0
1

3
1
8
1
18298
0
1
12
67108864
3000
100
95
1
1
0
1
0
0
1
0
3
1
1
1
18322
0
1
11
134217728
4000
100
9
0
1
0
1
0
0
1
3
1
4
4
18344
0
2
10
134217728
2000
100
1
1
0
1
0
0
1

3
1
2
2
18350
0
1
12
268435456
3000
100
58
1
1
0
1
0
0
1
0
3
1
1
1
18375
0
0
9
268435456
2000
250
1
0
1
0
0
1

3
1
2
1
18378
0
2
10
268435456
1000
50
1000
1
0
1
0
0
1

3
1
4
4
18402
0
1
12
67108864
2000
250
12
1
1
0
1
0
0
1
0
3
1
2
1
18431
0
0
9
67108864
2000
250
1
0
1
0
0
1

3
1
2
1
18443
0
2
10
134217728
4000
50
10
1
0
1
0
0
1

3
1
1
1
18462
0
0
9
134217728
2000
500
1
0
1
0
0
1

3
1
1
1
18469
0
2
10
134217728
1000
250
1
1
0
1
0
0
1

3
1
1
1
18478
0
1
12
67108864
4000
100
69
1
1
0
1
0
0
1
0
3
1
4
2
18484
0
0
9
67108864
3000
1000
1
0
1
0
0
1

3
1
4
4
18490
0
1
12
67108864
2000
500
76
1
1
0
1
0
0
1
0
3
1
8
1
18504
0
0
9
134217728
1000
50
1
0
1
0
0
1

3
1
8
8
18523
0
0
9
67108864
3000
500
1
0
1
0
0
1

3
1
2
2
18529
0
1
12
134217728
1000
1000
67
1
1
0
1
0
0
1
0
3
1
4
1
18530
0
1
12
134217728
3000
100
45
1
1
0
1
0
0
1
0
3
1
8
1
18535
0
0
9
134217728
2000
1000
1
0
1
0
0
1

3
1
2
1
18556
0
0
9
134217728
1000
50
1
0
1
0
0
1

3
1
2
1
18577
0
0
9
268435456
2000
50
1
0
1
0
0
1

3
1
2
1
18594
0
2
10
134217728
3000
100
1000
1
0
1
0
0
1

3
1
1
1
18599
0
1
11
268435456
3000
500
44
0
1
0
1
0
0
1
3
1
4
1
18608
0
0
9
268435456
3000
50
1
0
1
0
0
1

3
1
1
1
18625
0
0
9
67108864
4000
250
1
0
1
0
0
1

3
1
4
4
18643
0
2
10
67108864
2000
50
10
1
0
1
0
0
1

3
1
8
4
18673
0
2
10
268435456
3000
500
1
1
0
1
0
0
1

3
1
1
1
18683
0
2
10
134217728
3000
100
10
1
0
1
0
0
1

3
1
8
4
18686
0
1
11
268435456
1000
500
61
0
1
0
1
0
0
1
3
1
8
1
18694
0
2
10
134217728
1000
250
10
1
0
1
0
0
1

3
1
2
1
18718
0
2
10
268435456
3000
250
10
1
0
1
0
0
1

3
1
1
1
18719
0
2
10
67108864
4000
250
10
1
0
1
0
0
1

3
1
1
1
18724
0
0
9
134217728
3000
100
1
0
1
0
0
1

3
1
4
4
18729
0
2
10
134217728
2000
500
1000
1
0
1
0
0
1

3
1
2
1
18756
0
2
10
268435456
2000
50
100
1
0
1
0
0
1

3
1
2
1
18768
0
1
12
268435456
3000
100
47
1
1
0
1
0
0
1
0
3
1
1
1
18784
0
0
9
134217728
3000
500
1
0
1
0
0
1

3
1
1
1
18813
0
2
10
67108864
1000
1000
1000
1
0
1
0
0
1

3
1
1
1
18835
0
1
12
67108864
3000
1000
85
1
1
0
1
0
0
1
0
3
1
4
4
18856
0
0
9
134217728
3000
50
1
0
1
0
0
1

3
1
8
2
18877
0
0
9
268435456
2000
500
1
0
1
0
0
1

3
1
4
2
18893
0
1
11
268435456
2000
250
93
0
1
0
1
0
0
1
3
1
4
2
18909
0
1
11
134217728
2000
1000
36
0
1
0
1
0
0
1
3
1
8
1
18929
0
2
10
268435456
3000
250
100
1
0
1
0
0
1

3
1
4
4
18956
0
0
9
134217728
2000
250
1
0
1
0
0
1

3
1
4
1
18984
0
0
9
134217728
1000
250
1
0
1
0
0
1

3
1
4
4
19013
0
2
10
134217728
4000
100
10
1
0
1
0
0
1

3
1
2
1
19017
0
0
9
67108864
1000
250
1
0
1
0
0
1

3
1
4
4
19024
0
0
9
268435456
1000
500
1
0
1
0
0
1

3
1
1
1
19025
0
2
10
134217728
2000
1000
5
1
0
1
0
0
1

3
1
4
2
19029
0
1
12
67108864
4000
50
82
1
1
0
1
0
0
1
0
3
1
1
1
19033
0
0
9
67108864
3000
500
1
0
1
0
0
1

3
1
2
2
19048
0
0
9
268435456
1000
100
1
0
1
0
0
1

3
1
2
1
19077
0
1
11
268435456
2000
500
16
0
1
0
1
0
0
1
3
1
8
2
19087
0
0
9
134217728
4000
50
1
0
1
0
0
1

3
1
1
1
19109
0
0
9
134217728
2000
250
1
0
1
0
0
1

3
1
1
1
19134
0
0
9
134217728
4000
500
1
0
1
0
0
1

3
1
1
1
19146
0
0
9
268435456
3000
250
1
0
1
0
0
1

3
1
4
4
19174
0
2
10
268435456
3000
500
1000
1
0
1
0
0
1

3
1
2
1
19176
0
0
9
134217728
1000
250
1
0
1
0
0
1

3
1
1
1
19200
0
0
9
67108864
4000
1000
1
0
1
0
0
1

3
1
4
2
19205
0
1
11
67108864
3000
1000
56
0
1
0
1
0
0
1
3
1
2
1
19228
0
1
11
134217728
1000
1000
49
0
1
0
1
0
0
1
3
1
4
2
19245
0
0
9
268435456
2000
500
1
0
1
0
0
1

3
1
4
2
19257
0
0
9
134217728
2000
1000
1
0
1
0
0
1

3
1
2
1
19259
0
1
11
134217728
1000
250
8
0
1
0
1
0
0
1
3
1
1
1
19289
0
2
10
67108864
1000
250
10
1
0
1
0
0
1

3
1
8
8
19298
0
1
12
268435456
2000
500
39
1
1
0
1
0
0
1
0
3
1
4
4
19310
0
1
11
134217728
3000
50
65
0
1
0
1
0
0
1
3
1
8
8
19322
0
1
11
67108864
1000
100
19
0
1
0
1
0
0
1
3
1
2
1
19352
0
2
10
67108864
1000
250
10
1
0
1
0
0
1

3
1
2
1
19354
0
1
12
67108864
1000
500
59
1
1
0
1
0
0
1
0
3
1
2
1
19372
0
2
10
67108864
1000
1000
100
1
0
1
0
0
1

3
1
1
1
19398
0
1
12
134217728
1000
500
87
1
1
0
1
0
0
1
0
3
1
4
2
19406
0
0
9
134217728
3000
100
1
0
1
0
0
1

3
1
4
4
19415
0
0
9
134217728
4000
250
1
0
1
0
0
1

3
1
8
1
19441
0
2
10
134217728
2000
50
100
1
0
1
0
0
1

3
1
8
1
19471
0
1
11
67108864
2000
100
27
0
1
0
1
0
0
1
3
1
2
1
19488
0
2
10
268435456
3000
500
100
1
0
1
0
0
1

3
1
4
4
19515
0
2
10
134217728
4000
100
1
1
0
1
0
0
1

3
1
8
4
19526
0
2
10
67108864
1000
250
100
1
0
1
0
0
1

3
1
1
1
19530
0
0
9
67108864
4000
100
1
0
1
0
0
1

3
1
1
1
19555
0
1
12
134217728
1000
500
32
1
1
0
1
0
0
1
0
3
1
8
4
19583
0
2
10
268435456
1000
500
10
1
0
1
0
0
1

3
1
8
4
19610
0
0
9
134217728
1000
500
1
0
1
0
0
1

3
1
4
2
19627
0
2
10
134217728
1000
100
100
1
0
1
0
0
1

3
1
2
1
19654
0
2
10
134217728
2000
100
5
1
0
1
0
0
1

3
1
4
2
19668
0
0
9
268435456
1000
50
1
0
1
0
0
1

3
1
4
4
19690
0
0
9
268435456
1000
100
1
0
1
0
0
1

3
1
8
2
19691
0
0
9
67108864
3000
500
1
0
1
0
0
1

3
1
4
2
19720
0
2
10
67108864
3000
500
10
1
0
1
0
0
1

3
1
2
1
19739
0
1
11
67108864
4000
500
63
0
1
0
1
0
0
1
3
1
1
1
19757
0
0
9
67108864
3000
1000
1
0
1
0
0
1

3
1
2
1
19780
0
2
10
67108864
2000
1000
5
1
0
1
0
0
1

3
1
1
1
19808
0
2
10
134217728
2000
50
1000
1
0
1
0
0
1

3
1
4
1
19812
0
0
9
134217728
2000
250
1
0
1
0
0
1

3
1
1
1
19823
0
2
10
67108864
4000
500
100
1
0
1
0
0
1

3
1
2
1
19849
0
1
11
67108864
3000
500
10
0
1
0
1
0
0
1
3
1
1
1
19862
0
1
11
67108864
1000
500
39
0
1
0
1
0
0
1
3
1
8
2
19887
0
1
12
134217728
4000
250
31
1
1
0
1
0
0
1
0
3
1
8
1
19898
0
2
10
134217728
3000
250
100
1
0
1
0
0
1

3
1
8
1
19907
0
1
11
67108864
4000
500
66
0
1
0
1
0
0
1
3
1
1
1
19916
0
1
11
268435456
2000
500
82
0
1
0
1
0
0
1
3
1
4
1
19920
0
1
12
134217728
3000
250
10
1
1
0
1
0
0
1
0
3
1
1
1
19935
0
0
9
134217728
4000
100
1
0
1
0
0
1

3
1
8
2
19937
0
2
10
268435456
2000
500
1
1
0
1
0
0
1

3
1
1
1
19950
0
1
12
268435456
2000
250
72
1
1
0
1
0
0
1
0
3
1
2
1
19969
0
0
9
268435456
2000
50
1
0
1
0
0
1

3
1
4
1
19980
0
1
12
67108864
4000
1000
67
1
1
0
1
0
0
1
0
3
1
1
1
19991
0
0
9
268435456
3000
250
1
0
1
0
0
1

3
1
4
1
20014
0
0
9
134217728
3000
1000
1
0
1
0
0
1

3
1
8
4
20019
0
2
10
134217728
3000
100
100
1
0
1
0
0
1

3
1
2
1
20039
0
0
9
268435456
3000
50
1
0
1
0
0
1

3
1
1
1
20046
0
1
11
268435456
1000
500
27
0
1
0
1
0
0
1
3
1
8
8
20066
0
0
9
67108864
2000
50
1
0
1
0
0
1

3
1
1
1
20095
0
0
9
67108864
3000
100
1
0
1
0
0
1

3
1
2
1
20114
0
2
10
134217728
2000
50
1000
1
0
1
0
0
1

3
1
8
1
20138
0
0
9
67108864
2000
1000
1
0
1
0
0
1

3
1
4
2
20140
0
1
11
67108864
1000
1000
50
0
1
0
1
0
0
1
3
1
4
2
20142
0
2
10
268435456
3000
50
10
1
0
1
0
0
1

3
1
8
1
20154
0
0
9
134217728
2000
50
1
0
1
0
0
1

3
1
8
8
20165
0
1
11
134217728
3000
50
74
0
1
0
1
0
0
1
3
1
1
1
20177
0
2
10
67108864
3000
100
5
1
0
1
0
0
1

3
1
1
1
20204
0
1
11
134217728
3000
1000
24
0
1
0
1
0
0
1
3
1
8
8
20221
0
1
12
134217728
3000
100
93
1
1
0
1
0
0
1
0
3
1
8
2
20224
0
2
10
67108864
2000
1000
5
1
0
1
0
0
1

3
1
2
1
20230
0
2
10
67108864
4000
1000
10
1
0
1
0
0
1

3
1
2
2
20235
0
0
9
67108864
2000
100
1
0
1
0
0
1

3
1
1
1
20242
0
0
9
268435456
1000
100
1
0
1
0
0
1

3
1
1
1
20252
0
0
9
268435456
3000
100
1
0
1
0
0
1

3
1
4
2
20280
0
1
11
67108864
4000
500
99
0
1
0
1
0
0
1
3
1
8
4
20302
0
0
9
134217728
2000
500
1
0
1
0
0
1

3
1
8
2
20328
0
2
10
134217728
3000
1000
1
1
0
1
0
0
1

3
1
1
1
20354
0
1
11
67108864
4000
1000
83
0
1
0
1
0
0
1
3
1
1
1
20368
0
0
9
134217728
3000
250
1
0
1
0
0
1

3
1
1
1
20390
0
1
12
67108864
3000
1000
19
1
1
0
1
0
0
1
0
3
1
4
2
20413
0
1
12
134217728
4000
250
74
1
1
0
1
0
0
1
0
3
1
2
2
20421
0
0
9
134217728
1000
500
1
0
1
0
0
1

3
1
4
1
20422
0
0
9
67108864
3000
50
1
0
1
0
0
1

3
1
4
4
20425
0
0
9
134217728
3000
50
1
0
1
0
0
1

3
1
4
2
20436
0
0
9
67108864
2000
250
1
0
1
0
0
1

3
1
8
2
20455
0
1
12
134217728
1000
500
85
1
1
0
1
0
0
1
0
3
1
4
2
20475
0
0
9
268435456
3000
100
1
0
1
0
0
1

3
1
4
4
20497
0
1
11
268435456
2000
50
39
0
1
0
1
0
0
1
3
1
1
1
20522
0
2
10
268435456
1000
250
5
1
0
1
0
0
1

3
1
2
2
20549
0
0
9
268435456
3000
100
1
0
1
0
0
1

3
1
2
1
20569
0
2
10
268435456
3000
500
100
1
0
1
0
0
1

3
1
2
1
20590
0
0
9
67108864
2000
50
1
0
1
0
0
1

3
1
8
4
20593
0
0
9
134217728
1000
500
1
0
1
0
0
1

3
1
2
1
20605
0
0
9
67108864
3000
500
1
0
1
0
0
1

3
1
1
1
20609
0
1
11
268435456
3000
100
14
0
1
0
1
0
0
1
3
1
2
2
20635
0
0
9
134217728
4000
500
1
0
1
0
0
1

3
1
1
1
20644
0
1
12
134217728
4000
250
3
1
1
0
1
0
0
1
0
3
1
8
8
20645
0
1
11
67108864
3000
500
25
0
1
0
1
0
0
1
3
1
8
1
20651
0
1
12
134217728
1000
250
43
1
1
0
1
0
0
1
0
3
1
4
4
20655
0
0
9
268435456
3000
50
1
0
1
0
0
1

3
1
2
2
20671
0
1
11
67108864
2000
500
51
0
1
0
1
0
0
1
3
1
2
1
20675
0
0
9
67108864
3000
50
1
0
1
0
0
1

3
1
8
8
20696
0
0
9
134217728
3000
250
1
0
1
0
0
1

3
1
1
1
20698
0
1
11
268435456
2000
500
31
0
1
0
1
0
0
1
3
1
2
1
20727
0
0
9
268435456
3000
500
1
0
1
0
0
1

3
1
8
2
20751
0
0
9
134217728
3000
500
1
0
1
0
0
1

3
1
2
1
20770
0
1
11
134217728
4000
100
59
0
1
0
1
0
0
1
3
1
8
8
20771
0
2
10
134217728
2000
250
1
1
0
1
0
0
1

3
1
8
2
20778
0
1
11
268435456
3000
500
82
0
1
0
1
0
0
1
3
1
4
2
20803
0
1
12
268435456
3000
500
6
1
1
0
1
0
0
1
0
3
1
8
8
20828
0
0
9
67108864
4000
100
1
0
1
0
0
1

3
1
2
1
20830
0
1
12
134217728
2000
100
80
1
1
0
1
0
0
1
0
3
1
1
1
20858
0
2
10
134217728
4000
50
100
1
0
1
0
0
1

3
1
8
8
20876
0
2
10
134217728
3000
500
100
1
0
1
0
0
1

3
1
8
2
20886
0
2
10
67108864
2000
500
100
1
0
1
0
0
1

3
1
1
1
20904
0
2
10
67108864
3000
100
10
1
0
1
0
0
1

3
1
1
1
20910
0
2
10
67108864
4000
250
10
1
0
1
0
0
1

3
1
2
1
20936
0
0
9
134217728
4000
1000
1
0
1
0
0
1

3
1
2
1
20943
0
0
9
268435456
1000
250
1
0
1
0
0
1

3
1
1
1
20955
0
2
10
134217728
3000
50
1
1
0
1
0
0
1

3
1
4
2
20981
0
2
10
268435456
2000
250
1000
1
0
1
0
0
1

3
1
8
8
20998
0
2
10
67108864
1000
250
5
1
0
1
0
0
1

3
1
8
1
21005
0
2
10
268435456
2000
500
1000
1
0
1
0
0
1

3
1
1
1
21013
0
0
9
67108864
2000
50
1
0
1
0
0
1

3
1
4
1
21016
0
2
10
67108864
2000
100
5
1
0
1
0
0
1

3
1
2
1
21037
0
2
10
67108864
3000
500
1000
1
0
1
0
0
1

3
1
1
1
21043
0
0
9
67108864
3000
500
1
0
1
0
0
1

3
1
4
1
21055
0
2
10
268435456
1000
250
1
1
0
1
0
0
1

3
1
8
4
21057
0
1
11
268435456
2000
500
49
0
1
0
1
0
0
1
3
1
4
1
21082
0
0
9
134217728
4000
250
1
0
1
0
0
1

3
1
4
1
21089
0
2
10
134217728
1000
100
10
1
0
1
0
0
1

3
1
8
1
21099
0
1
11
134217728
4000
100
12
0
1
0
1
0
0
1
3
1
4
2
21113
0
2
10
134217728
4000
250
100
1
0
1
0
0
1

3
1
8
4
21141
0
2
10
67108864
3000
500
5
1
0
1
0
0
1

3
1
8
4
21142
0
1
12
67108864
1000
250
41
1
1
0
1
0
0
1
0
3
1
1
1
21143
0
0
9
67108864
2000
100
1
0
1
0
0
1

3
1
1
1
21155
0
1
11
268435456
1000
50
50
0
1
0
1
0
0
1
3
1
2
1
21176
0
2
10
134217728
2000
250
1000
1
0
1
0
0
1

3
1
2
2
21188
0
2
10
134217728
4000
500
1
1
0
1
0
0
1

3
1
4
2
21191
0
1
11
134217728
4000
100
60
0
1
0
1
0
0
1
3
1
8
1
21197
0
1
11
67108864
4000
250
76
0
1
0
1
0
0
1
3
1
8
1
21221
0
2
10
67108864
4000
100
1
1
0
1
0
0
1

3
1
1
1
21236
0
0
9
268435456
1000
250
1
0
1
0
0
1

3
1
4
4
21266
0
2
10
67108864
3000
1000
5
1
0
1
0
0
1

3
1
8
4
21273
0
1
12
134217728
3000
250
36
1
1
0
1
0
0
1
0
3
1
1
1
21301
0
1
11
134217728
4000
500
3
0
1
0
1
0
0
1
3
1
1
1
21322
0
1
12
67108864
2000
500
13
1
1
0
1
0
0
1
0
3
1
1
1
21341
0
2
10
134217728
1000
250
5
1
0
1
0
0
1

3
1
4
2
21347
0
1
11
134217728
1000
250
25
0
1
0
1
0
0
1
3
1
4
2
21363
0
2
10
67108864
3000
500
100
1
0
1
0
0
1

3
1
8
4
21383
0
2
10
67108864
2000
1000
100
1
0
1
0
0
1

3
1
8
4
21399
0
2
10
134217728
3000
500
1
1
0
1
0
0
1

3
1
8
1
21425
0
0
9
67108864
1000
1000
1
0
1
0
0
1

3
1
1
1
21451
0
1
12
268435456
3000
100
78
1
1
0
1
0
0
1
0
3
1
2
1
21476
0
1
12
268435456
3000
100
64
1
1
0
1
0
0
1
0
3
1
4
2
21481
0
0
9
134217728
3000
100
1
0
1
0
0
1

3
1
8
4
21504
0
0
9
134217728
4000
1000
1
0
1
0
0
1

3
1
4
4
21514
0
1
12
67108864
3000
100
66
1
1
0
1
0
0
1
0
3
1
2
1
21521
0
0
9
134217728
1000
50
1
0
1
0
0
1

3
1
4
2
21549
0
0
9
67108864
2000
100
1
0
1
0
0
1

3
1
1
1
21574
0
2
10
268435456
3000
500
5
1
0
1
0
0
1

3
1
2
1
21588
0
0
9
67108864
1000
50
1
0
1
0
0
1

3
1
4
2
21591
0
2
10
268435456
3000
100
1
1
0
1
0
0
1

3
1
1
1
21618
0
0
9
134217728
4000
500
1
0
1
0
0
1

3
1
1
1
21631
0
1
12
134217728
2000
50
92
1
1
0
1
0
0
1
0
3
1
2
2
21658
0
0
9
268435456
2000
100
1
0
1
0
0
1

3
1
2
2
21661
0
0
9
134217728
4000
1000
1
0
1
0
0
1

3
1
4
4
21681
0
0
9
268435456
3000
250
1
0
1
0
0
1

3
1
1
1
21689
0
2
10
134217728
3000
500
1
1
0
1
0
0
1

3
1
1
1
21697
0
0
9
268435456
2000
500
1
0
1
0
0
1

3
1
2
1
21726
0
2
10
268435456
3000
500
100
1
0
1
0
0
1

3
1
2
2
21745
0
1
11
268435456
3000
250
66
0
1
0
1
0
0
1
3
1
8
4
21749
0
1
11
268435456
2000
500
21
0
1
0
1
0
0
1
3
1
1
1
21776
0
1
11
268435456
3000
500
70
0
1
0
1
0
0
1
3
1
4
2
21778
0
2
10
268435456
3000
500
100
1
0
1
0
0
1

3
1
1
1
21784
0
2
10
134217728
3000
250
1
1
0
1
0
0
1

3
1
8
2
21786
0
1
12
67108864
3000
500
95
1
1
0
1
0
0
1
0
3
1
1
1
21804
0
2
10
134217728
3000
50
1
1
0
1
0
0
1

3
1
8
4
21823
0
1
12
268435456
2000
500
18
1
1
0
1
0
0
1
0
3
1
2
1
21825
0
1
11
268435456
3000
50
54
0
1
0
1
0
0
1
3
1
1
1
21829
0
2
10
67108864
3000
500
1000
1
0
1
0
0
1

3
1
2
2
21855
0
1
11
67108864
1000
500
51
0
1
0
1
0
0
1
3
1
1
1
21860
0
1
12
268435456
3000
50
8
1
1
0
1
0
0
1
0
3
1
4
2
21865
0
2
10
67108864
4000
1000
5
1
0
1
0
0
1

3
1
4
2
21882
0
2
10
67108864
1000
250
100
1
0
1
0
0
1

3
1
2
2
21909
0
1
11
134217728
2000
50
6
0
1
0
1
0
0
1
3
1
4
4
21911
0
2
10
67108864
2000
50
1000
1
0
1
0
0
1

3
1
2
2
21925
0
2
10
268435456
1000
500
10
1
0
1
0
0
1

3
1
2
1
21940
0
1
12
67108864
1000
500
22
1
1
0
1
0
0
1
0
3
1
1
1
21958
0
1
11
268435456
1000
500
3
0
1
0
1
0
0
1
3
1
2
2
21982
0
1
11
67108864
3000
100
83
0
1
0
1
0
0
1
3
1
1
1
21998
0
1
12
268435456
3000
50
80
1
1
0
1
0
0
1
0
3
1
4
2
22017
0
2
10
67108864
4000
500
100
1
0
1
0
0
1

3
1
2
1
22039
0
2
10
67108864
1000
250
1
1
0
1
0
0
1

3
1
4
2
22043
0
1
12
67108864
1000
50
69
1
1
0
1
0
0
1
0
3
1
2
2
22071
0
1
11
67108864
3000
500
52
0
1
0
1
0
0
1
3
1
8
4
22090
0
1
11
268435456
1000
500
93
0
1
0
1
0
0
1
3
1
8
1
22113
0
1
12
134217728
3000
100
53
1
1
0
1
0
0
1
0
3
1
8
1
22133
0
2
10
268435456
2000
100
1
1
0
1
0
0
1

3
1
2
1
22150
0
1
11
134217728
4000
1000
35
0
1
0
1
0
0
1
3
1
8
4
22167
0
1
11
67108864
2000
500
74
0
1
0
1
0
0
1
3
1
1
1
22172
0
2
10
67108864
1000
250
1
1
0
1
0
0
1

3
1
4
4
22182
0
1
12
67108864
1000
1000
89
1
1
0
1
0
0
1
0
3
1
2
1
22184
0
2
10
268435456
1000
500
1000
1
0
1
0
0
1

3
1
1
1
22199
0
2
10
134217728
4000
250
100
1
0
1
0
0
1

3
1
8
4
22203
0
1
12
134217728
1000
1000
5
1
1
0
1
0
0
1
0
3
1
2
1
22208
0
1
12
67108864
1000
500
38
1
1
0
1
0
0
1
0
3
1
8
4
22233
0
2
10
268435456
3000
250
1
1
0
1
0
0
1

3
1
2
1
22236
0
2
10
134217728
2000
1000
10
1
0
1
0
0
1

3
1
1
1
22249
0
1
12
134217728
2000
50
34
1
1
0
1
0
0
1
0
3
1
2
1
22254
0
1
11
67108864
4000
500
31
0
1
0
1
0
0
1
3
1
8
2
22266
0
1
11
67108864
1000
500
42
0
1
0
1
0
0
1
3
1
2
1
22279
0
1
12
67108864
4000
500
38
1
1
0
1
0
0
1
0
3
1
2
2
22281
0
1
12
134217728
4000
250
1
1
1
0
1
0
0
1
0
3
1
4
4
22287
0
2
10
67108864
1000
50
100
1
0
1
0
0
1

3
1
2
1
22299
0
1
11
268435456
3000
100
81
0
1
0
1
0
0
1
3
1
4
2
22301
0
2
10
268435456
3000
100
100
1
0
1
0
0
1

3
1
8
4
22318
0
1
12
134217728
1000
500
65
1
1
0
1
0
0
1
0
3
1
4
2
22344
0
2
10
134217728
1000
100
5
1
0
1
0
0
1

3
1
8
8
22347
0
2
10
67108864
1000
100
5
1
0
1
0
0
1

3
1
8
2
22367
0
1
12
67108864
2000
500
65
1
1
0
1
0
0
1
0
3
1
4
4
22389
0
2
10
134217728
4000
500
5
1
0
1
0
0
1

3
1
2
1
22414
0
2
10
268435456
3000
250
5
1
0
1
0
0
1

3
1
2
2
22429
0
1
11
67108864
3000
100
75
0
1
0
1
0
0
1
3
1
4
2
22443
0
1
11
134217728
4000
500
2
0
1
0
1
0
0
1
3
1
2
1
22466
0
1
12
134217728
1000
500
30
1
1
0
1
0
0
1
0
3
1
8
1
22478
0
2
10
268435456
3000
50
100
1
0
1
0
0
1

3
1
8
4
22480
0
2
10
268435456
2000
500
100
1
0
1
0
0
1

3
1
1
1
22496
0
1
11
134217728
4000
50
86
0
1
0
1
0
0
1
3
1
1
1
22526
0
1
12
67108864
4000
250
44
1
1
0
1
0
0
1
0
3
1
8
4
22533
0
1
11
134217728
3000
500
85
0
1
0
1
0
0
1
3
1
2
2
22538
0
2
10
268435456
3000
500
100
1
0
1
0
0
1

3
1
1
1
22549
0
1
12
67108864
2000
100
79
1
1
0
1
0
0
1
0
3
1
4
2
22565
0
2
10
268435456
3000
50
100
1
0
1
0
0
1

3
1
1
1
22572
0
1
12
134217728
3000
250
41
1
1
0
1
0
0
1
0
3
1
1
1
22589
0
1
11
268435456
3000
500
29
0
1
0
1
0
0
1
3
1
8
4
22615
0
2
10
134217728
1000
50
10
1
0
1
0
0
1

3
1
8
2
22638
0
2
10
268435456
3000
250
100
1
0
1
0
0
1

3
1
1
1
22650
0
1
11
268435456
2000
50
75
0
1
0
1
0
0
1
3
1
8
1
22680
0
1
11
134217728
3000
500
19
0
1
0
1
0
0
1
3
1
4
2
22685
0
1
11
134217728
4000
100
2
0
1
0
1
0
0
1
3
1
1
1
22710
0
1
12
67108864
1000
50
91
1
1
0
1
0
0
1
0
3
1
8
4
22740
0
1
12
134217728
3000
100
56
1
1
0
1
0
0
1
0
3
1
8
8
22759
0
1
11
67108864
4000
50
20
0
1
0
1
0
0
1
3
1
1
1
22787
0
2
10
134217728
4000
50
10
1
0
1
0
0
1

3
1
8
2
22812
0
1
11
67108864
1000
500
15
0
1
0
1
0
0
1
3
1
1
1
22831
0
2
10
134217728
3000
100
10
1
0
1
0
0
1

3
1
1
1
22846
0
2
10
268435456
3000
100
5
1
0
1
0
0
1

3
1
4
2
22850
0
2
10
134217728
4000
100
100
1
0
1
0
0
1

3
1
2
1
22859
0
1
12
268435456
3000
500
22
1
1
0
1
0
0
1
0
3
1
8
8
22866
0
1
11
134217728
2000
1000
18
0
1
0
1
0
0
1
3
1
1
1
22876
0
1
11
268435456
1000
250
80
0
1
0
1
0
0
1
3
1
8
8
22905
0
2
10
67108864
1000
500
100
1
0
1
0
0
1

3
1
4
4
22915
0
1
12
134217728
1000
1000
82
1
1
0
1
0
0
1
0
3
1
2
2
22941
0
1
11
268435456
2000
50
9
0
1
0
1
0
0
1
3
1
8
2
22949
0
2
10
268435456
3000
250
100
1
0
1
0
0
1

3
1
4
2
22969
0
2
10
134217728
2000
50
100
1
0
1
0
0
1

3
1
4
2
22986
0
2
10
268435456
3000
250
100
1
0
1
0
0
1

