1500

0
1
1
1
17
0
2
10
67108864
3000
1000
10
1
0
1
0
0
1

1
1
4
4
33
0
1
12
268435456
3000
100
19
1
1
0
1
0
0
1
0
1
1
8
1
52
0
0
9
67108864
2000
500
1
0
1
0
0
1

0
1
1
1
75
0
1
12
134217728
4000
1000
42
1
1
0
1
0
0
1
0
1
1
1
1
101
0
2
10
67108864
4000
500
100
1
0
1
0
0
1

0
1
2
1
129
0
1
11
67108864
4000
50
35
0
1
0
1
0
0
1
1
1
2
1
154
0
1
11
134217728
4000
100
79
0
1
0
1
0
0
1
0
1
1
1
181
0
2
10
67108864
1000
250
100
1
0
1
0
0
1

0
1
4
2
193
0
2
10
67108864
3000
500
100
1
0
1
0
0
1

0
1
4
2
203
0
0
9
134217728
4000
100
1
0
1
0
0
1

1
1
4
2
209
0
0
9
134217728
2000
500
1
0
1
0
0
1

0
1
4
1
215
0
2
10
134217728
4000
1000
1000
1
0
1
0
0
1

0
1
4
1
240
0
2
10
67108864
4000
100
1000
1
0
1
0
0
1

1
1
1
1
260
0
1
11
268435456
3000
50
84
0
1
0
1
0
0
1
0
1
4
2
267
0
0
9
268435456
2000
500
1
0
1
0
0
1

1
1
2
2
289
0
1
11
134217728
3000
100
8
0
1
0
1
0
0
1
1
1
8
4
296
0
1
11
67108864
3000
1000
34
0
1
0
1
0
0
1
0
1
2
2
311
0
0
9
134217728
4000
250
1
0
1
0
0
1

0
1
4
4
312
0
0
9
67108864
2000
1000
1
0
1
0
0
1

0
1
2
1
336
0
0
9
67108864
4000
1000
1
0
1
0
0
1

0
1
2
1
362
0
1
12
134217728
3000
50
12
1
1
0
1
0
0
1
0
0
1
4
1
373
0
0
9
268435456
3000
500
1
0
1
0
0
1

0
1
2
2
385
0
2
10
134217728
1000
500
1
1
0
1
0
0
1

0
1
2
2
391
0
2
10
268435456
2000
250
100
1
0
1
0
0
1

0
1
4
4
408
0
0
9
134217728
3000
500
1
0
1
0
0
1

1
1
1
1
423
0
0
9
134217728
3000
500
1
0
1
0
0
1

0
1
4
1
425
0
1
11
268435456
1000
500
75
0
1
0
1
0
0
1
1
1
2
1
427
0
2
10
268435456
2000
500
1000
1
0
1
0
0
1

1
1
4
4
430
0
1
11
268435456
2000
250
2
0
1
0
1
0
0
1
0
1
1
1
457
0
1
12
67108864
1000
1000
26
1
1
0
1
0
0
1
0
0
1
2
2
468
0
0
9
268435456
3000
500
1
0
1
0
0
1

0
1
2
2
485
0
2
10
67108864
3000
500
100
1
0
1
0
0
1

1
1
8
8
514
0
1
11
67108864
2000
1000
18
0
1
0
1
0
0
1
1
1
4
2
527
0
1
11
268435456
1000
250
39
0
1
0
1
0
0
1
0
1
4
1
533
0
1
12
134217728
4000
100
47
1
1
0
1
0
0
1
0
0
1
4
4
560
0
0
9
134217728
1000
50
1
0
1
0
0
1

0
1
8
8
585
0
2
10
134217728
2000
250
5
1
0
1
0
0
1

1
1
4
1
586
0
2
10
268435456
2000
50
1000
1
0
1
0
0
1

0
1
4
2
612
0
2
10
268435456
3000
500
10
1
0
1
0
0
1

1
1
1
1
629
0
2
10
67108864
2000
1000
5
1
0
1
0
0
1

0
1
1
1
631
0
2
10
268435456
2000
250
1
1
0
1
0
0
1

0
1
8
8
634
0
2
10
134217728
2000
100
1000
1
0
1
0
0
1

1
1
1
1
663
0
2
10
67108864
2000
100
1
1
0
1
0
0
1

0
1
8
2
683
0
2
10
67108864
1000
500
100
1
0
1
0
0
1

1
1
4
2
697
0
0
9
134217728
1000
100
1
0
1
0
0
1

0
1
1
1
714
0
0
9
134217728
4000
50
1
0
1
0
0
1

1
1
1
1
733
0
2
10
268435456
3000
500
100
1
0
1
0
0
1

1
1
4
2
748
0
2
10
67108864
3000
100
10
1
0
1
0
0
1

0
1
1
1
754
0
2
10
268435456
1000
50
100
1
0
1
0
0
1

1
1
1
1
761
0
1
11
134217728
1000
50
84
0
1
0
1
0
0
1
0
1
8
1
765
0
0
9
268435456
2000
250
1
0
1
0
0
1

1
1
2
2
785
0
2
10
268435456
3000
100
10
1
0
1
0
0
1

1
1
2
2
796
0
1
12
134217728
3000
50
52
1
1
0
1
0
0
1
0
1
1
4
2
797
0
1
11
67108864
2000
500
2
0
1
0
1
0
0
1
0
1
2
1
802
0
2
10
67108864
3000
250
1000
1
0
1
0
0
1

1
1
2
1
830
0
2
10
134217728
4000
100
5
1
0
1
0
0
1

1
1
2
1
858
0
2
10
67108864
3000
1000
10
1
0
1
0
0
1

1
1
2
1
876
0
1
11
268435456
2000
250
46
0
1
0
1
0
0
1
1
1
4
2
899
0
0
9
268435456
2000
250
1
0
1
0
0
1

1
1
4
4
924
0
1
11
67108864
4000
500
34
0
1
0
1
0
0
1
1
1
2
1
936
0
2
10
268435456
3000
50
5
1
0
1
0
0
1

1
1
8
4
943
0
0
9
268435456
3000
500
1
0
1
0
0
1

0
1
1
1
965
0
2
10
134217728
3000
250
1
1
0
1
0
0
1

0
1
1
1
974
0
2
10
268435456
2000
500
1000
1
0
1
0
0
1

1
1
2
1
996
0
2
10
134217728
2000
100
1000
1
0
1
0
0
1

0
1
2
1
1015
0
1
12
268435456
3000
500
20
1
1
0
1
0
0
1
0
1
1
8
4
1040
0
0
9
134217728
4000
50
1
0
1
0
0
1

1
1
4
4
1066
0
2
10
134217728
1000
100
10
1
0
1
0
0
1

0
1
1
1
1073
0
2
10
134217728
3000
1000
10
1
0
1
0
0
1

0
1
4
1
1092
0
2
10
268435456
2000
500
5
1
0
1
0
0
1

0
1
2
1
1110
0
2
10
268435456
1000
100
10
1
0
1
0
0
1

0
1
2
1
1137
0
1
11
134217728
3000
250
4
0
1
0
1
0
0
1
0
1
1
1
1140
0
1
12
67108864
3000
500
86
1
1
0
1
0
0
1
0
0
1
4
4
1142
0
0
9
67108864
1000
250
1
0
1
0
0
1

0
1
4
2
1171
0
1
11
67108864
2000
250
83
0
1
0
1
0
0
1
0
1
1
1
1173
0
1
11
134217728
4000
1000
99
0
1
0
1
0
0
1
1
1
4
2
1187
0
1
11
268435456
2000
50
72
0
1
0
1
0
0
1
0
1
4
2
1199
0
2
10
268435456
2000
500
5
1
0
1
0
0
1

0
1
8
2
1209
0
0
9
134217728
3000
1000
1
0
1
0
0
1

1
1
8
4
1215
0
2
10
268435456
1000
250
1000
1
0
1
0
0
1

1
1
1
1
1241
0
2
10
67108864
3000
500
100
1
0
1
0
0
1

1
1
4
2
1261
0
0
9
268435456
1000
500
1
0
1
0
0
1

0
1
8
4
1279
0
1
12
134217728
1000
250
30
1
1
0
1
0
0
1
0
0
1
1
1
1287
0
2
10
67108864
4000
250
10
1
0
1
0
0
1

1
1
8
8
1316
0
1
12
268435456
3000
50
45
1
1
0
1
0
0
1
0
1
1
2
2
1323
0
1
11
268435456
2000
100
68
0
1
0
1
0
0
1
1
1
2
2
1335
0
0
9
268435456
3000
50
1
0
1
0
0
1

0
1
1
1
1364
0
0
9
67108864
1000
500
1
0
1
0
0
1

0
1
8
8
1392
0
0
9
134217728
3000
50
1
0
1
0
0
1

0
1
4
2
1406
0
0
9
268435456
3000
500
1
0
1
0
0
1

0
1
2
1
1424
0
2
10
134217728
2000
250
5
1
0
1
0
0
1

1
1
1
1
1432
0
1
12
268435456
1000
100
76
1
1
0
1
0
0
1
0
0
1
4
4
1461
0
1
12
67108864
3000
250
97
1
1
0
1
0
0
1
0
1
1
4
2
1488
0
0
9
134217728
3000
500
1
0
1
0
0
1

1
1
4
2
1512
0
0
9
67108864
2000
250
1
0
1
0
0
1

1
1
8
1
1529
0
2
10
134217728
4000
500
5
1
0
1
0
0
1

0
1
1
1
1555
0
2
10
268435456
3000
50
1000
1
0
1
0
0
1

0
1
4
1
1571
0
0
9
67108864
4000
500
1
0
1
0
0
1

0
1
1
1
1576
0
0
9
268435456
3000
500
1
0
1
0
0
1

0
1
1
1
1591
0
1
11
134217728
3000
100
74
0
1
0
1
0
0
1
0
1
4
1
1603
0
2
10
67108864
4000
50
10
1
0
1
0
0
1

1
1
4
1
1610
0
0
9
67108864
1000
250
1
0
1
0
0
1

0
1
8
4
1626
0
1
11
134217728
3000
100
81
0
1
0
1
0
0
1
0
1
8
4
1654
0
1
12
67108864
4000
250
10
1
1
0
1
0
0
1
0
0
1
2
1
1682
0
2
10
67108864
2000
500
5
1
0
1
0
0
1

0
1
8
1
1686
0
1
12
67108864
2000
1000
33
1
1
0
1
0
0
1
0
1
1
2
1
1705
0
2
10
134217728
2000
50
1
1
0
1
0
0
1

0
1
2
2
1735
0
1
11
134217728
1000
100
72
0
1
0
1
0
0
1
0
1
4
4
1739
0
1
12
134217728
2000
100
18
1
1
0
1
0
0
1
0
0
1
4
2
1755
0
1
12
134217728
1000
500
25
1
1
0
1
0
0
1
0
0
1
8
8
1783
0
0
9
268435456
3000
250
1
0
1
0
0
1

0
1
4
4
1807
0
0
9
67108864
1000
250
1
0
1
0
0
1

0
1
2
2
1837
0
1
12
268435456
3000
100
18
1
1
0
1
0
0
1
0
0
1
8
8
1846
0
2
10
268435456
2000
50
1
1
0
1
0
0
1

1
1
4
1
1850
0
2
10
67108864
1000
500
1
1
0
1
0
0
1

0
1
2
1
1861
0
0
9
67108864
2000
50
1
0
1
0
0
1

0
1
2
2
1888
0
2
10
268435456
3000
250
10
1
0
1
0
0
1

0
1
4
1
1911
0
1
12
67108864
4000
50
22
1
1
0
1
0
0
1
0
1
1
1
1
1927
0
0
9
67108864
3000
1000
1
0
1
0
0
1

1
1
4
2
1951
0
2
10
134217728
1000
50
100
1
0
1
0
0
1

1
1
2
1
1966
0
1
11
134217728
1000
1000
54
0
1
0
1
0
0
1
0
1
1
1
1988
0
1
11
134217728
3000
500
17
0
1
0
1
0
0
1
1
1
4
2
1992
0
1
11
268435456
1000
50
84
0
1
0
1
0
0
1
1
1
2
1
2002
0
1
11
268435456
3000
500
17
0
1
0
1
0
0
1
0
1
1
1
2005
0
1
12
134217728
3000
250
84
1
1
0
1
0
0
1
0
0
1
2
1
2027
0
2
10
67108864
4000
1000
100
1
0
1
0
0
1

1
1
8
1
2033
0
2
10
67108864
1000
500
5
1
0
1
0
0
1

1
1
4
2
2060
0
2
10
134217728
1000
50
5
1
0
1
0
0
1

1
1
2
1
2064
0
0
9
67108864
1000
100
1
0
1
0
0
1

0
1
1
1
2072
0
2
10
134217728
4000
500
1
1
0
1
0
0
1

0
1
8
8
2088
0
0
9
134217728
3000
50
1
0
1
0
0
1

0
1
8
2
2100
0
0
9
67108864
2000
250
1
0
1
0
0
1

1
1
1
1
2126
0
0
9
268435456
2000
100
1
0
1
0
0
1

0
1
2
1
2139
0
0
9
268435456
1000
250
1
0
1
0
0
1

1
1
8
4
2147
0
2
10
67108864
2000
500
10
1
0
1
0
0
1

1
1
8
1
2150
0
1
11
134217728
1000
1000
20
0
1
0
1
0
0
1
1
1
1
1
2166
0
2
10
134217728
1000
100
1
1
0
1
0
0
1

0
1
2
2
2168
0
2
10
268435456
3000
50
1
1
0
1
0
0
1

0
1
4
2
2171
0
1
11
67108864
4000
50
0
0
1
0
1
0
0
1
0
1
2
1
2188
0
2
10
67108864
2000
500
10
1
0
1
0
0
1

1
1
4
1
2194
0
2
10
67108864
3000
1000
1
1
0
1
0
0
1

1
1
2
2
2200
0
2
10
67108864
4000
1000
1000
1
0
1
0
0
1

1
1
8
1
2207
0
0
9
268435456
2000
500
1
0
1
0
0
1

1
1
1
1
2217
0
0
9
268435456
2000
100
1
0
1
0
0
1

0
1
4
2
2235
0
1
12
268435456
3000
50
63
1
1
0
1
0
0
1
0
1
1
8
4
2257
0
1
11
268435456
3000
500
53
0
1
0
1
0
0
1
0
1
8
1
2264
0
1
12
134217728
3000
500
28
1
1
0
1
0
0
1
0
0
1
1
1
2268
0
2
10
134217728
3000
100
10
1
0
1
0
0
1

1
1
8
1
2283
0
0
9
67108864
4000
250
1
0
1
0
0
1

0
1
2
1
2312
0
0
9
268435456
3000
500
1
0
1
0
0
1

1
1
8
1
2315
0
2
10
134217728
4000
50
1
1
0
1
0
0
1

1
1
1
1
2331
0
1
12
67108864
1000
500
52
1
1
0
1
0
0
1
0
1
1
2
2
2351
0
1
11
134217728
4000
1000
17
0
1
0
1
0
0
1
0
1
8
4
2376
0
0
9
67108864
4000
50
1
0
1
0
0
1

0
1
1
1
2385
0
0
9
67108864
2000
250
1
0
1
0
0
1

1
1
8
2
2389
0
0
9
134217728
2000
500
1
0
1
0
0
1

1
1
2
1
2395
0
0
9
268435456
3000
500
1
0
1
0
0
1

1
1
2
2
2400
0
2
10
67108864
2000
50
10
1
0
1
0
0
1

1
1
4
2
2404
0
1
11
134217728
2000
100
14
0
1
0
1
0
0
1
1
1
4
1
2434
0
1
12
67108864
3000
100
93
1
1
0
1
0
0
1
0
0
1
2
2
2445
0
0
9
134217728
3000
500
1
0
1
0
0
1

1
1
8
1
2457
0
1
12
67108864
3000
1000
63
1
1
0
1
0
0
1
0
0
1
4
2
2484
0
1
11
268435456
1000
500
77
0
1
0
1
0
0
1
0
1
4
4
2485
0
2
10
268435456
1000
500
1
1
0
1
0
0
1

1
1
8
4
2490
0
0
9
268435456
3000
500
1
0
1
0
0
1

1
1
2
1
2496
0
0
9
134217728
3000
250
1
0
1
0
0
1

0
1
1
1
2518
0
2
10
134217728
2000
250
100
1
0
1
0
0
1

1
1
8
2
2533
0
2
10
134217728
3000
250
1
1
0
1
0
0
1

0
1
1
1
2557
0
0
9
268435456
1000
100
1
0
1
0
0
1

0
1
2
1
2564
0
1
11
67108864
1000
500
96
0
1
0
1
0
0
1
1
1
2
2
2565
0
2
10
134217728
3000
1000
100
1
0
1
0
0
1

0
1
1
1
2593
0
2
10
67108864
2000
500
5
1
0
1
0
0
1

1
1
1
1
2603
0
2
10
268435456
1000
50
100
1
0
1
0
0
1

1
1
2
2
2623
0
2
10
134217728
4000
100
1000
1
0
1
0
0
1

0
1
2
1
2633
0
0
9
67108864
4000
250
1
0
1
0
0
1

1
1
1
1
2659
0
0
9
134217728
4000
500
1
0
1
0
0
1

0
1
2
1
2685
0
2
10
67108864
4000
1000
10
1
0
1
0
0
1

0
1
1
1
2702
0
1
12
134217728
2000
50
27
1
1
0
1
0
0
1
0
1
1
2
1
2723
0
0
9
268435456
3000
250
1
0
1
0
0
1

1
1
4
2
2742
0
2
10
134217728
2000
50
100
1
0
1
0
0
1

1
1
4
4
2745
0
1
11
268435456
2000
100
98
0
1
0
1
0
0
1
1
1
2
2
2757
0
0
9
268435456
3000
500
1
0
1
0
0
1

0
1
1
1
2773
0
2
10
134217728
2000
50
1
1
0
1
0
0
1

0
1
2
1
2774
0
1
11
134217728
2000
50
11
0
1
0
1
0
0
1
0
1
4
1
2785
0
0
9
67108864
4000
1000
1
0
1
0
0
1

0
1
4
4
2803
0
1
11
268435456
1000
500
38
0
1
0
1
0
0
1
1
1
4
4
2833
0
0
9
67108864
1000
1000
1
0
1
0
0
1

0
1
8
8
2861
0
2
10
67108864
3000
1000
5
1
0
1
0
0
1

1
1
2
1
2885
0
0
9
268435456
3000
500
1
0
1
0
0
1

0
1
8
2
2901
0
1
12
67108864
2000
50
8
1
1
0
1
0
0
1
0
1
1
2
1
2910
0
2
10
134217728
3000
500
5
1
0
1
0
0
1

0
1
4
4
2938
0
0
9
134217728
2000
500
1
0
1
0
0
1

1
1
8
8
2945
0
2
10
134217728
4000
1000
1
1
0
1
0
0
1

1
1
4
4
2961
0
2
10
134217728
3000
250
5
1
0
1
0
0
1

0
1
8
4
2986
0
0
9
67108864
2000
50
1
0
1
0
0
1

1
1
2
1
2990
0
0
9
67108864
4000
500
1
0
1
0
0
1

1
1
8
8
3005
0
1
11
134217728
3000
100
23
0
1
0
1
0
0
1
0
1
1
1
3006
0
1
11
134217728
2000
100
29
0
1
0
1
0
0
1
1
1
2
1
3008
0
0
9
134217728
4000
1000
1
0
1
0
0
1

1
1
2
1
3021
0
0
9
67108864
1000
100
1
0
1
0
0
1

0
1
4
4
3038
0
2
10
268435456
3000
250
10
1
0
1
0
0
1

1
1
1
1
3067
0
2
10
67108864
3000
50
100
1
0
1
0
0
1

1
1
8
1
3095
0
1
12
134217728
4000
1000
13
1
1
0
1
0
0
1
0
0
1
8
4
3117
0
2
10
268435456
3000
50
100
1
0
1
0
0
1

1
1
4
2
3118
0
2
10
268435456
3000
500
1000
1
0
1
0
0
1

0
1
8
1
3133
0
1
12
268435456
1000
250
40
1
1
0
1
0
0
1
0
1
1
2
1
3147
0
1
12
67108864
3000
50
86
1
1
0
1
0
0
1
0
0
1
2
1
3160
0
2
10
268435456
1000
500
10
1
0
1
0
0
1

1
1
2
1
3162
0
0
9
268435456
2000
50
1
0
1
0
0
1

1
1
8
4
3163
0
1
11
268435456
3000
100
47
0
1
0
1
0
0
1
0
1
1
1
3182
0
0
9
67108864
4000
1000
1
0
1
0
0
1

1
1
8
2
3193
0
1
11
268435456
3000
100
6
0
1
0
1
0
0
1
0
1
1
1
3220
0
2
10
134217728
4000
1000
1
1
0
1
0
0
1

1
1
2
2
3234
0
1
11
67108864
2000
500
23
0
1
0
1
0
0
1
1
1
4
4
3262
0
0
9
268435456
1000
250
1
0
1
0
0
1

1
1
2
1
3270
0
1
12
67108864
1000
100
84
1
1
0
1
0
0
1
0
0
1
4
1
3298
0
2
10
67108864
3000
1000
5
1
0
1
0
0
1

0
1
2
1
3312
0
0
9
268435456
3000
250
1
0
1
0
0
1

0
1
2
2
3338
0
0
9
134217728
2000
1000
1
0
1
0
0
1

1
1
1
1
3358
0
0
9
268435456
2000
50
1
0
1
0
0
1

1
1
8
1
3371
0
1
11
67108864
3000
250
89
0
1
0
1
0
0
1
0
1
1
1
3372
0
1
12
67108864
2000
100
15
1
1
0
1
0
0
1
0
0
1
8
4
3375
0
1
11
134217728
2000
1000
80
0
1
0
1
0
0
1
0
1
8
4
3382
0
0
9
134217728
3000
50
1
0
1
0
0
1

1
1
4
2
3403
0
1
11
268435456
3000
250
5
0
1
0
1
0
0
1
1
1
4
1
3425
0
0
9
268435456
3000
500
1
0
1
0
0
1

1
1
2
1
3433
0
0
9
67108864
4000
100
1
0
1
0
0
1

1
1
1
1
3452
0
0
9
268435456
3000
50
1
0
1
0
0
1

1
1
1
1
3456
0
2
10
67108864
1000
100
10
1
0
1
0
0
1

0
1
1
1
3478
0
2
10
134217728
4000
1000
5
1
0
1
0
0
1

0
1
1
1
3486
0
1
12
67108864
4000
250
11
1
1
0
1
0
0
1
0
1
1
1
1
3493
0
2
10
134217728
3000
1000
100
1
0
1
0
0
1

1
1
2
1
3506
0
0
9
134217728
2000
250
1
0
1
0
0
1

1
1
8
1
3535
0
1
11
134217728
2000
500
20
0
1
0
1
0
0
1
0
1
2
1
3556
0
0
9
134217728
1000
1000
1
0
1
0
0
1

0
1
2
1
3578
0
0
9
268435456
2000
250
1
0
1
0
0
1

1
1
1
1
3595
0
1
11
134217728
4000
250
87
0
1
0
1
0
0
1
0
1
8
1
3622
0
2
10
134217728
1000
1000
5
1
0
1
0
0
1

0
1
4
4
3642
0
2
10
268435456
2000
100
1000
1
0
1
0
0
1

1
1
8
8
3645
0
1
12
268435456
1000
500
23
1
1
0
1
0
0
1
0
1
1
1
1
3659
0
1
12
134217728
1000
100
84
1
1
0
1
0
0
1
0
1
1
1
1
3675
0
2
10
268435456
3000
500
10
1
0
1
0
0
1

0
1
4
2
3678
0
1
12
134217728
1000
50
77
1
1
0
1
0
0
1
0
0
1
4
4
3694
0
2
10
268435456
1000
250
1
1
0
1
0
0
1

0
1
8
4
3700
0
2
10
268435456
3000
500
100
1
0
1
0
0
1

1
1
4
4
3706
0
0
9
134217728
1000
500
1
0
1
0
0
1

1
1
8
2
3713
0
1
12
268435456
2000
50
57
1
1
0
1
0
0
1
0
0
1
2
1
3723
0
0
9
268435456
1000
100
1
0
1
0
0
1

0
1
4
1
3727
0
2
10
268435456
3000
500
5
1
0
1
0
0
1

1
1
1
1
3732
0
0
9
67108864
3000
50
1
0
1
0
0
1

1
1
2
1
3761
0
2
10
268435456
1000
100
1000
1
0
1
0
0
1

1
1
2
1
3770
0
2
10
67108864
2000
250
1000
1
0
1
0
0
1

0
1
1
1
3783
0
0
9
268435456
3000
500
1
0
1
0
0
1

1
1
2
2
3795
0
0
9
67108864
3000
50
1
0
1
0
0
1

1
1
8
4
3819
0
0
9
268435456
2000
250
1
0
1
0
0
1

0
1
2
2
3833
0
2
10
268435456
2000
100
5
1
0
1
0
0
1

0
1
1
1
3838
0
0
9
268435456
2000
500
1
0
1
0
0
1

0
1
1
1
3865
0
1
12
268435456
2000
250
78
1
1
0
1
0
0
1
0
1
1
2
1
3878
0
2
10
268435456
3000
500
1000
1
0
1
0
0
1

0
1
1
1
3901
0
0
9
134217728
2000
50
1
0
1
0
0
1

0
1
8
2
3908
0
0
9
268435456
1000
500
1
0
1
0
0
1

0
1
2
1
3911
0
2
10
134217728
3000
100
10
1
0
1
0
0
1

1
1
2
1
3917
0
2
10
67108864
1000
100
1000
1
0
1
0
0
1

1
1
8
1
3931
0
2
10
134217728
4000
100
10
1
0
1
0
0
1

1
1
2
1
3953
0
2
10
134217728
4000
1000
10
1
0
1
0
0
1

0
1
1
1
3971
0
1
12
268435456
1000
500
70
1
1
0
1
0
0
1
0
1
1
2
1
3981
0
0
9
134217728
4000
500
1
0
1
0
0
1

0
1
2
1
3997
0
1
12
134217728
1000
100
28
1
1
0
1
0
0
1
0
0
1
8
2
3999
0
1
11
67108864
1000
1000
89
0
1
0
1
0
0
1
1
1
8
4
4018
0
0
9
67108864
3000
1000
1
0
1
0
0
1

1
1
1
1
4047
0
0
9
134217728
1000
250
1
0
1
0
0
1

1
1
2
1
4050
0
2
10
268435456
1000
100
100
1
0
1
0
0
1

0
1
8
8
4058
0
0
9
67108864
1000
100
1
0
1
0
0
1

1
1
1
1
4072
0
1
11
134217728
1000
100
40
0
1
0
1
0
0
1
1
1
8
4
4086
0
0
9
268435456
3000
250
1
0
1
0
0
1

0
1
8
1
4092
0
0
9
134217728
1000
250
1
0
1
0
0
1

0
1
2
1
4099
0
1
12
268435456
3000
500
69
1
1
0
1
0
0
1
0
1
1
4
2
4129
0
1
12
134217728
1000
500
40
1
1
0
1
0
0
1
0
0
1
1
1
4152
0
0
9
67108864
1000
500
1
0
1
0
0
1

0
1
8
2
4162
0
0
9
268435456
3000
100
1
0
1
0
0
1

1
1
4
4
4170
0
0
9
134217728
3000
100
1
0
1
0
0
1

0
1
8
1
4176
0
2
10
268435456
2000
500
100
1
0
1
0
0
1

1
1
4
2
4178
0
2
10
67108864
2000
1000
5
1
0
1
0
0
1

1
1
1
1
4187
0
1
12
268435456
3000
250
20
1
1
0
1
0
0
1
0
1
1
1
1
4200
0
0
9
67108864
3000
1000
1
0
1
0
0
1

0
1
4
4
4202
0
2
10
134217728
2000
500
1000
1
0
1
0
0
1

1
1
8
2
4218
0
1
12
134217728
3000
1000
38
1
1
0
1
0
0
1
0
0
1
8
8
4219
0
2
10
268435456
3000
100
5
1
0
1
0
0
1

0
1
1
1
4231
0
2
10
67108864
2000
1000
100
1
0
1
0
0
1

0
1
1
1
4234
0
0
9
268435456
3000
250
1
0
1
0
0
1

1
1
2
1
4262
0
2
10
268435456
2000
500
10
1
0
1
0
0
1

0
1
1
1
4273
0
2
10
67108864
1000
1000
1000
1
0
1
0
0
1

1
1
4
2
4300
0
2
10
134217728
2000
500
10
1
0
1
0
0
1

1
1
2
1
4305
0
0
9
268435456
3000
500
1
0
1
0
0
1

1
1
8
2
4313
0
0
9
134217728
2000
500
1
0
1
0
0
1

1
1
8
8
4323
0
0
9
134217728
3000
250
1
0
1
0
0
1

1
1
2
1
4335
0
2
10
67108864
4000
1000
1000
1
0
1
0
0
1

0
1
2
1
4361
0
1
11
268435456
3000
250
42
0
1
0
1
0
0
1
1
1
4
2
4371
0
1
11
268435456
1000
100
3
0
1
0
1
0
0
1
0
1
1
1
4392
0
0
9
268435456
1000
100
1
0
1
0
0
1

0
1
8
8
4410
0
2
10
268435456
3000
250
1000
1
0
1
0
0
1

1
1
1
1
4415
0
1
11
67108864
2000
50
69
0
1
0
1
0
0
1
1
1
2
2
4427
0
1
12
134217728
4000
1000
70
1
1
0
1
0
0
1
0
0
1
2
1
4449
0
1
12
268435456
3000
500
21
1
1
0
1
0
0
1
0
1
1
2
2
4465
0
2
10
268435456
3000
250
10
1
0
1
0
0
1

1
1
4
2
4485
0
2
10
268435456
3000
500
1000
1
0
1
0
0
1

0
1
2
1
4511
0
1
12
268435456
1000
100
7
1
1
0
1
0
0
1
0
1
1
2
2
4527
0
0
9
134217728
1000
1000
1
0
1
0
0
1

1
1
1
1
4533
0
1
12
67108864
1000
1000
35
1
1
0
1
0
0
1
0
0
1
8
2
4535
0
2
10
268435456
1000
250
1
1
0
1
0
0
1

1
1
2
1
4545
0
1
12
67108864
2000
500
64
1
1
0
1
0
0
1
0
0
1
8
8
4556
0
2
10
268435456
1000
100
1000
1
0
1
0
0
1

0
1
8
2
4584
0
2
10
134217728
1000
50
5
1
0
1
0
0
1

1
1
1
1
4607
0
1
12
268435456
3000
100
69
1
1
0
1
0
0
1
0
1
1
1
1
4635
0
2
10
67108864
4000
100
10
1
0
1
0
0
1

1
1
4
1
4643
0
0
9
67108864
2000
100
1
0
1
0
0
1

1
1
1
1
4669
0
1
12
268435456
1000
100
27
1
1
0
1
0
0
1
0
0
1
1
1
4680
0
2
10
134217728
3000
250
1000
1
0
1
0
0
1

1
1
1
1
4694
0
2
10
134217728
4000
1000
5
1
0
1
0
0
1

0
1
8
1
4709
0
2
10
134217728
4000
250
100
1
0
1
0
0
1

0
1
8
1
4713
0
1
11
268435456
1000
500
33
0
1
0
1
0
0
1
0
1
8
1
4741
0
2
10
268435456
1000
500
1000
1
0
1
0
0
1

0
1
8
8
4761
0
2
10
134217728
3000
50
5
1
0
1
0
0
1

0
1
1
1
4780
0
1
12
134217728
1000
50
25
1
1
0
1
0
0
1
0
0
1
2
2
4790
0
0
9
134217728
2000
100
1
0
1
0
0
1

1
1
4
2
4815
0
2
10
134217728
2000
500
100
1
0
1
0
0
1

1
1
4
1
4842
0
1
12
134217728
1000
1000
90
1
1
0
1
0
0
1
0
0
1
8
8
4848
0
2
10
67108864
3000
500
5
1
0
1
0
0
1

0
1
2
1
4852
0
0
9
67108864
2000
250
1
0
1
0
0
1

0
1
2
2
4870
0
0
9
67108864
2000
1000
1
0
1
0
0
1

0
1
4
2
4896
0
2
10
134217728
3000
100
100
1
0
1
0
0
1

0
1
1
1
4904
0
0
9
67108864
4000
500
1
0
1
0
0
1

1
1
2
1
4925
0
0
9
134217728
1000
50
1
0
1
0
0
1

1
1
2
1
4929
0
1
12
67108864
3000
250
27
1
1
0
1
0
0
1
0
0
1
2
1
4938
0
0
9
67108864
1000
50
1
0
1
0
0
1

0
1
1
1
4944
0
2
10
268435456
2000
500
5
1
0
1
0
0
1

1
1
4
2
4951
0
0
9
268435456
3000
500
1
0
1
0
0
1

0
1
8
2
4960
0
0
9
67108864
1000
100
1
0
1
0
0
1

0
1
8
4
4969
0
1
12
134217728
2000
500
16
1
1
0
1
0
0
1
0
0
1
8
4
4998
0
2
10
67108864
3000
1000
10
1
0
1
0
0
1

0
1
8
8
5003
0
1
12
134217728
3000
100
88
1
1
0
1
0
0
1
0
1
1
2
1
5011
0
1
12
268435456
3000
250
9
1
1
0
1
0
0
1
0
0
1
4
1
5021
0
2
10
67108864
2000
1000
5
1
0
1
0
0
1

0
1
2
1
5048
0
2
10
268435456
3000
500
1000
1
0
1
0
0
1

0
1
8
1
5074
0
0
9
67108864
3000
500
1
0
1
0
0
1

0
1
1
1
5079
0
2
10
134217728
2000
1000
100
1
0
1
0
0
1

1
1
1
1
5090
0
2
10
134217728
3000
250
10
1
0
1
0
0
1

1
1
2
1
5091
0
0
9
268435456
3000
100
1
0
1
0
0
1

1
1
4
1
5109
0
2
10
67108864
2000
1000
5
1
0
1
0
0
1

0
1
8
2
5130
0
1
11
134217728
1000
500
18
0
1
0
1
0
0
1
1
1
2
2
5140
0
1
12
67108864
4000
250
20
1
1
0
1
0
0
1
0
0
1
8
4
5160
0
2
10
67108864
3000
1000
10
1
0
1
0
0
1

0
1
1
1
5186
0
0
9
134217728
4000
500
1
0
1
0
0
1

0
1
2
1
5206
0
1
12
268435456
2000
500
55
1
1
0
1
0
0
1
0
0
1
4
4
5228
0
2
10
268435456
1000
250
1000
1
0
1
0
0
1

0
1
8
2
5235
0
0
9
134217728
3000
50
1
0
1
0
0
1

0
1
4
2
5239
0
0
9
67108864
3000
50
1
0
1
0
0
1

1
1
1
1
5250
0
0
9
268435456
2000
250
1
0
1
0
0
1

0
1
1
1
5256
0
0
9
134217728
3000
250
1
0
1
0
0
1

1
1
1
1
5265
0
2
10
134217728
1000
100
100
1
0
1
0
0
1

0
1
2
1
5268
0
0
9
67108864
3000
50
1
0
1
0
0
1

0
1
4
2
5295
0
1
12
134217728
1000
50
76
1
1
0
1
0
0
1
0
1
1
1
1
5316
0
1
11
134217728
2000
250
11
0
1
0
1
0
0
1
0
1
2
1
5338
0
1
12
67108864
3000
50
25
1
1
0
1
0
0
1
0
0
1
8
4
5342
0
0
9
268435456
3000
100
1
0
1
0
0
1

1
1
1
1
5359
0
2
10
268435456
2000
50
1
1
0
1
0
0
1

1
1
4
4
5380
0
2
10
134217728
2000
500
10
1
0
1
0
0
1

0
1
8
2
5400
0
0
9
134217728
3000
1000
1
0
1
0
0
1

1
1
8
8
5425
0
2
10
134217728
3000
1000
1
1
0
1
0
0
1

1
1
4
4
5451
0
0
9
134217728
1000
250
1
0
1
0
0
1

0
1
2
1
5472
0
1
12
268435456
2000
50
48
1
1
0
1
0
0
1
0
1
1
1
1
5490
0
1
12
67108864
3000
100
36
1
1
0
1
0
0
1
0
0
1
4
2
5507
0
1
12
134217728
3000
500
52
1
1
0
1
0
0
1
0
1
1
2
2
5512
0
2
10
268435456
3000
250
1
1
0
1
0
0
1

0
1
2
2
5519
0
0
9
67108864
4000
1000
1
0
1
0
0
1

1
1
2
2
5528
0
1
12
67108864
4000
100
35
1
1
0
1
0
0
1
0
0
1
1
1
5531
0
0
9
134217728
2000
100
1
0
1
0
0
1

0
1
8
1
5549
0
0
9
268435456
3000
250
1
0
1
0
0
1

0
1
2
1
5575
0
2
10
67108864
4000
1000
1000
1
0
1
0
0
1

0
1
8
2
5583
0
2
10
268435456
2000
500
1000
1
0
1
0
0
1

0
1
8
4
5593
0
0
9
134217728
4000
50
1
0
1
0
0
1

0
1
4
2
5623
0
2
10
134217728
4000
500
100
1
0
1
0
0
1

1
1
2
1
5636
0
2
10
134217728
3000
1000
1000
1
0
1
0
0
1

1
1
2
1
5653
0
0
9
134217728
1000
250
1
0
1
0
0
1

0
1
4
2
5657
0
1
12
134217728
4000
100
47
1
1
0
1
0
0
1
0
0
1
1
1
5663
0
0
9
67108864
3000
1000
1
0
1
0
0
1

0
1
8
4
5671
0
2
10
134217728
4000
250
100
1
0
1
0
0
1

1
1
2
1
5688
0
0
9
134217728
1000
1000
1
0
1
0
0
1

1
1
2
1
5694
0
2
10
67108864
2000
250
100
1
0
1
0
0
1

0
1
4
2
5703
0
2
10
67108864
4000
1000
100
1
0
1
0
0
1

0
1
2
1
5717
0
1
11
268435456
3000
500
1
0
1
0
1
0
0
1
0
1
8
4
5724
0
2
10
67108864
3000
500
10
1
0
1
0
0
1

1
1
2
1
5737
0
1
12
67108864
2000
50
74
1
1
0
1
0
0
1
0
1
1
1
1
5760
0
0
9
268435456
3000
500
1
0
1
0
0
1

1
1
1
1
5778
0
2
10
134217728
4000
1000
1
1
0
1
0
0
1

1
1
8
8
5784
0
2
10
268435456
3000
50
5
1
0
1
0
0
1

1
1
4
4
5796
0
1
12
67108864
4000
50
46
1
1
0
1
0
0
1
0
1
1
2
1
5808
0
1
12
268435456
3000
50
11
1
1
0
1
0
0
1
0
0
1
2
1
5816
0
2
10
268435456
3000
100
1
1
0
1
0
0
1

1
1
2
1
5830
0
1
11
134217728
1000
500
24
0
1
0
1
0
0
1
0
1
2
1
5841
0
2
10
268435456
2000
500
100
1
0
1
0
0
1

1
1
4
4
5843
0
1
12
134217728
2000
50
32
1
1
0
1
0
0
1
0
1
1
2
1
5860
0
2
10
67108864
2000
100
10
1
0
1
0
0
1

0
1
8
2
5876
0
2
10
268435456
1000
500
1000
1
0
1
0
0
1

1
1
1
1
5877
0
0
9
134217728
2000
50
1
0
1
0
0
1

1
1
2
1
5897
0
1
11
134217728
2000
250
35
0
1
0
1
0
0
1
1
1
4
4
5926
0
1
12
268435456
1000
250
35
1
1
0
1
0
0
1
0
0
1
1
1
5951
0
2
10
268435456
3000
50
5
1
0
1
0
0
1

1
1
8
8
5955
0
2
10
134217728
3000
50
1
1
0
1
0
0
1

1
1
4
2
5982
0
1
12
67108864
3000
50
73
1
1
0
1
0
0
1
0
0
1
4
4
5987
0
1
12
67108864
2000
50
65
1
1
0
1
0
0
1
0
1
1
2
1
6013
0
0
9
268435456
1000
50
1
0
1
0
0
1

1
1
2
2
6029
0
0
9
67108864
1000
250
1
0
1
0
0
1

1
1
8
8
6058
0
2
10
67108864
1000
500
10
1
0
1
0
0
1

0
1
8
2
6078
0
1
12
268435456
3000
250
1
1
1
0
1
0
0
1
0
0
1
1
1
6098
0
0
9
67108864
3000
250
1
0
1
0
0
1

1
1
4
2
6123
0
0
9
67108864
3000
100
1
0
1
0
0
1

1
1
4
4
6151
0
0
9
67108864
4000
1000
1
0
1
0
0
1

1
1
4
2
6179
0
2
10
134217728
4000
250
1
1
0
1
0
0
1

1
1
4
4
6199
0
1
12
268435456
2000
50
9
1
1
0
1
0
0
1
0
0
1
4
1
6218
0
0
9
268435456
3000
50
1
0
1
0
0
1

1
1
8
2
6245
0
0
9
268435456
3000
500
1
0
1
0
0
1

1
1
4
2
6261
0
2
10
268435456
3000
100
100
1
0
1
0
0
1

0
1
8
8
6266
0
2
10
67108864
2000
250
5
1
0
1
0
0
1

1
1
8
2
6296
0
0
9
134217728
3000
250
1
0
1
0
0
1

1
1
2
1
6325
0
2
10
67108864
3000
1000
10
1
0
1
0
0
1

0
1
2
2
6337
0
0
9
67108864
3000
1000
1
0
1
0
0
1

1
1
1
1
6340
0
1
11
268435456
3000
500
81
0
1
0
1
0
0
1
0
1
2
1
6344
0
1
11
134217728
3000
50
11
0
1
0
1
0
0
1
0
1
4
1
6368
0
2
10
134217728
3000
50
5
1
0
1
0
0
1

1
1
2
1
6383
0
2
10
67108864
1000
500
1
1
0
1
0
0
1

1
1
1
1
6409
0
2
10
134217728
4000
1000
5
1
0
1
0
0
1

0
1
1
1
6430
0
1
12
67108864
2000
1000
60
1
1
0
1
0
0
1
0
0
1
8
4
6442
0
2
10
67108864
1000
1000
1
1
0
1
0
0
1

0
1
8
2
6443
0
2
10
134217728
3000
250
10
1
0
1
0
0
1

1
1
2
1
6449
0
2
10
268435456
3000
500
100
1
0
1
0
0
1

1
1
1
1
6469
0
0
9
134217728
3000
50
1
0
1
0
0
1

1
1
2
1
6472
0
1
11
134217728
2000
1000
40
0
1
0
1
0
0
1
1
1
8
2
6499
0
0
9
67108864
3000
1000
1
0
1
0
0
1

0
1
2
1
6513
0
2
10
67108864
2000
500
10
1
0
1
0
0
1

1
1
4
2
6522
0
1
12
268435456
3000
250
88
1
1
0
1
0
0
1
0
1
1
8
1
6544
0
1
12
67108864
3000
50
22
1
1
0
1
0
0
1
0
1
1
2
2
6555
0
2
10
134217728
1000
1000
100
1
0
1
0
0
1

1
1
4
2
6559
0
1
11
134217728
4000
500
78
0
1
0
1
0
0
1
1
1
2
1
6572
0
1
12
268435456
3000
500
93
1
1
0
1
0
0
1
0
1
1
2
1
6589
0
0
9
67108864
4000
500
1
0
1
0
0
1

0
1
8
1
6610
0
0
9
134217728
2000
100
1
0
1
0
0
1

0
1
4
2
6638
0
0
9
67108864
3000
500
1
0
1
0
0
1

0
1
8
4
6653
0
1
12
268435456
3000
50
29
1
1
0
1
0
0
1
0
0
1
4
2
6676
0
1
12
268435456
3000
500
75
1
1
0
1
0
0
1
0
0
1
2
2
6699
0
0
9
134217728
3000
250
1
0
1
0
0
1

1
1
4
4
6717
0
2
10
268435456
3000
500
100
1
0
1
0
0
1

1
1
8
1
6747
0
1
11
268435456
1000
500
3
0
1
0
1
0
0
1
0
1
1
1
6758
0
0
9
134217728
1000
250
1
0
1
0
0
1

0
1
4
4
6770
0
1
11
268435456
1000
250
44
0
1
0
1
0
0
1
1
1
4
4
6789
0
2
10
67108864
3000
250
10
1
0
1
0
0
1

0
1
4
2
6812
0
2
10
67108864
2000
250
5
1
0
1
0
0
1

1
1
1
1
6832
0
2
10
134217728
2000
1000
1000
1
0
1
0
0
1

1
1
4
2
6841
0
1
11
268435456
1000
100
97
0
1
0
1
0
0
1
1
1
2
1
6848
0
0
9
134217728
4000
100
1
0
1
0
0
1

0
1
4
1
6860
0
0
9
268435456
1000
250
1
0
1
0
0
1

1
1
8
4
6876
0
0
9
67108864
2000
250
1
0
1
0
0
1

0
1
8
8
6881
0
0
9
134217728
4000
500
1
0
1
0
0
1

1
1
4
1
6898
0
1
12
67108864
1000
100
94
1
1
0
1
0
0
1
0
1
1
8
2
6918
0
1
11
67108864
2000
100
9
0
1
0
1
0
0
1
1
1
2
2
6924
0
0
9
134217728
2000
50
1
0
1
0
0
1

1
1
8
8
6931
0
1
12
67108864
3000
500
61
1
1
0
1
0
0
1
0
1
1
8
4
6954
0
0
9
67108864
3000
1000
1
0
1
0
0
1

0
1
4
2
6979
0
2
10
67108864
2000
500
1
1
0
1
0
0
1

0
1
1
1
7002
0
2
10
67108864
4000
100
1
1
0
1
0
0
1

1
1
2
1
7017
0
1
11
134217728
1000
1000
36
0
1
0
1
0
0
1
0
1
8
1
7036
0
0
9
67108864
2000
250
1
0
1
0
0
1

0
1
2
1
7062
0
2
10
268435456
2000
500
1
1
0
1
0
0
1

0
1
4
4
7081
0
1
11
268435456
3000
100
67
0
1
0
1
0
0
1
1
1
2
2
7083
0
2
10
268435456
1000
250
10
1
0
1
0
0
1

1
1
8
4
7101
0
2
10
134217728
2000
50
10
1
0
1
0
0
1

1
1
2
1
7102
0
2
10
67108864
2000
50
10
1
0
1
0
0
1

0
1
2
1
7112
0
0
9
67108864
2000
50
1
0
1
0
0
1

1
1
4
2
7136
0
0
9
67108864
1000
500
1
0
1
0
0
1

0
1
8
4
7139
0
1
12
67108864
4000
100
75
1
1
0
1
0
0
1
0
0
1
4
2
7143
0
2
10
268435456
2000
500
5
1
0
1
0
0
1

1
1
2
1
7169
0
2
10
134217728
4000
250
5
1
0
1
0
0
1

0
1
2
1
7193
0
0
9
268435456
3000
100
1
0
1
0
0
1

0
1
4
4
7214
0
2
10
67108864
1000
250
5
1
0
1
0
0
1

0
1
2
1
7235
0
0
9
268435456
3000
50
1
0
1
0
0
1

1
1
8
1
7237
0
1
12
134217728
1000
250
77
1
1
0
1
0
0
1
0
0
1
2
2
7252
0
1
11
67108864
2000
100
57
0
1
0
1
0
0
1
0
1
4
2
7272
0
1
12
268435456
2000
250
97
1
1
0
1
0
0
1
0
0
1
8
2
7282
0
0
9
268435456
3000
50
1
0
1
0
0
1

0
1
1
1
7283
0
0
9
134217728
2000
1000
1
0
1
0
0
1

1
1
1
1
7284
0
0
9
134217728
4000
500
1
0
1
0
0
1

0
1
8
8
7303
0
0
9
268435456
2000
100
1
0
1
0
0
1

1
1
8
4
7333
0
0
9
268435456
3000
250
1
0
1
0
0
1

0
1
1
1
7349
0
0
9
134217728
3000
50
1
0
1
0
0
1

0
1
4
4
7353
0
2
10
134217728
3000
50
10
1
0
1
0
0
1

0
1
8
8
7373
0
0
9
268435456
3000
50
1
0
1
0
0
1

1
1
1
1
7377
0
0
9
67108864
3000
500
1
0
1
0
0
1

0
1
4
4
7391
0
0
9
134217728
3000
100
1
0
1
0
0
1

0
1
1
1
7399
0
1
12
67108864
4000
1000
21
1
1
0
1
0
0
1
0
0
1
4
1
7406
0
2
10
134217728
3000
500
10
1
0
1
0
0
1

1
1
8
8
7427
0
2
10
134217728
2000
100
1000
1
0
1
0
0
1

1
1
4
2
7436
0
2
10
67108864
4000
1000
10
1
0
1
0
0
1

1
1
2
2
7450
0
2
10
268435456
1000
500
5
1
0
1
0
0
1

0
1
8
2
7455
0
0
9
268435456
3000
100
1
0
1
0
0
1

0
1
8
4
7466
0
2
10
67108864
4000
250
100
1
0
1
0
0
1

1
1
1
1
7467
0
2
10
268435456
3000
250
5
1
0
1
0
0
1

0
1
4
1
7497
0
2
10
67108864
1000
500
5
1
0
1
0
0
1

0
1
4
1
7507
0
0
9
268435456
3000
500
1
0
1
0
0
1

1
1
8
4
7533
0
1
11
268435456
3000
500
12
0
1
0
1
0
0
1
1
1
8
8
7543
0
0
9
268435456
1000
50
1
0
1
0
0
1

1
1
2
1
7564
0
1
12
67108864
1000
50
23
1
1
0
1
0
0
1
0
0
1
4
4
7579
0
0
9
67108864
3000
1000
1
0
1
0
0
1

1
1
4
1
7600
0
2
10
67108864
2000
1000
1000
1
0
1
0
0
1

0
1
2
1
7616
0
2
10
268435456
1000
500
1
1
0
1
0
0
1

1
1
8
1
7646
0
0
9
67108864
2000
250
1
0
1
0
0
1

1
1
1
1
7653
0
1
12
134217728
4000
50
11
1
1
0
1
0
0
1
0
1
1
2
2
7677
0
0
9
67108864
2000
100
1
0
1
0
0
1

0
1
4
4
7688
0
2
10
134217728
3000
250
100
1
0
1
0
0
1

1
1
2
2
7698
0
2
10
67108864
1000
100
1
1
0
1
0
0
1

0
1
2
1
7720
0
1
11
67108864
1000
1000
61
0
1
0
1
0
0
1
1
1
1
1
7739
0
0
9
67108864
2000
100
1
0
1
0
0
1

1
1
8
8
7767
0
1
11
268435456
2000
250
45
0
1
0
1
0
0
1
0
1
2
1
7784
0
0
9
67108864
3000
50
1
0
1
0
0
1

0
1
4
2
7804
0
2
10
134217728
2000
250
5
1
0
1
0
0
1

0
1
8
2
7833
0
0
9
67108864
3000
100
1
0
1
0
0
1

0
1
1
1
7846
0
0
9
134217728
4000
100
1
0
1
0
0
1

1
1
2
2
7848
0
2
10
268435456
3000
50
1000
1
0
1
0
0
1

0
1
8
2
7870
0
2
10
67108864
3000
1000
1000
1
0
1
0
0
1

0
1
4
4
7878
0
0
9
67108864
4000
100
1
0
1
0
0
1

1
1
8
2
7905
0
2
10
67108864
2000
1000
5
1
0
1
0
0
1

1
1
8
2
7915
0
0
9
134217728
4000
50
1
0
1
0
0
1

1
1
1
1
7940
0
0
9
67108864
3000
250
1
0
1
0
0
1

0
1
4
4
7960
0
1
11
134217728
2000
250
37
0
1
0
1
0
0
1
1
1
2
2
7989
0
0
9
134217728
1000
500
1
0
1
0
0
1

0
1
4
4
7994
0
2
10
67108864
4000
250
1
1
0
1
0
0
1

1
1
8
4
7998
0
1
11
268435456
3000
250
57
0
1
0
1
0
0
1
1
1
1
1
8015
0
0
9
268435456
2000
250
1
0
1
0
0
1

0
1
1
1
8022
0
1
12
268435456
3000
100
87
1
1
0
1
0
0
1
0
0
1
4
2
8031
0
0
9
67108864
4000
500
1
0
1
0
0
1

1
1
2
1
8043
0
0
9
134217728
4000
250
1
0
1
0
0
1

1
1
8
8
8052
0
2
10
134217728
2000
500
10
1
0
1
0
0
1

0
1
8
2
8071
0
0
9
67108864
3000
250
1
0
1
0
0
1

1
1
2
1
8096
0
1
12
268435456
2000
250
12
1
1
0
1
0
0
1
0
0
1
2
1
8113
0
1
12
268435456
3000
50
40
1
1
0
1
0
0
1
0
0
1
2
2
8120
0
2
10
134217728
3000
250
1
1
0
1
0
0
1

0
1
8
2
8133
0
2
10
134217728
1000
500
1000
1
0
1
0
0
1

1
1
4
4
8141
0
0
9
67108864
3000
1000
1
0
1
0
0
1

1
1
8
2
8156
0
1
12
268435456
3000
500
24
1
1
0
1
0
0
1
0
0
1
1
1
8157
0
0
9
268435456
3000
250
1
0
1
0
0
1

1
1
2
2
8163
0
2
10
67108864
2000
1000
10
1
0
1
0
0
1

1
1
2
1
8193
0
2
10
268435456
1000
100
5
1
0
1
0
0
1

1
1
2
1
8200
0
2
10
134217728
4000
250
1
1
0
1
0
0
1

0
1
8
8
8221
0
2
10
268435456
2000
500
1
1
0
1
0
0
1

0
1
1
1
8236
0
1
11
134217728
4000
100
35
0
1
0
1
0
0
1
0
1
4
1
8266
0
2
10
67108864
2000
1000
5
1
0
1
0
0
1

1
1
2
1
8268
0
0
9
134217728
2000
1000
1
0
1
0
0
1

0
1
8
2
8274
0
2
10
268435456
2000
100
5
1
0
1
0
0
1

1
1
8
4
8295
0
2
10
268435456
2000
250
1
1
0
1
0
0
1

1
1
8
2
8324
0
2
10
268435456
2000
250
5
1
0
1
0
0
1

0
1
4
2
8342
0
1
11
134217728
4000
250
39
0
1
0
1
0
0
1
1
1
2
1
8361
0
1
12
134217728
2000
50
44
1
1
0
1
0
0
1
0
0
1
8
8
8388
0
0
9
67108864
4000
50
1
0
1
0
0
1

1
1
8
8
8411
0
0
9
67108864
2000
250
1
0
1
0
0
1

0
1
2
2
8416
0
1
11
67108864
3000
500
59
0
1
0
1
0
0
1
0
1
4
1
8421
0
0
9
268435456
2000
500
1
0
1
0
0
1

1
1
8
1
8428
0
1
12
268435456
1000
50
68
1
1
0
1
0
0
1
0
0
1
8
4
8433
0
2
10
134217728
1000
1000
10
1
0
1
0
0
1

0
1
8
4
8438
0
1
11
134217728
1000
100
57
0
1
0
1
0
0
1
1
1
8
8
8441
0
2
10
67108864
3000
50
100
1
0
1
0
0
1

0
1
4
2
8461
0
2
10
268435456
1000
50
100
1
0
1
0
0
1

1
1
4
1
8468
0
2
10
268435456
2000
500
100
1
0
1
0
0
1

1
1
2
1
8473
0
1
12
134217728
1000
1000
83
1
1
0
1
0
0
1
0
0
1
8
4
8485
0
2
10
268435456
3000
500
10
1
0
1
0
0
1

1
1
2
1
8487
0
2
10
134217728
2000
50
100
1
0
1
0
0
1

0
1
2
1
8499
0
1
12
134217728
2000
250
60
1
1
0
1
0
0
1
0
1
1
4
1
8501
0
1
11
134217728
4000
50
60
0
1
0
1
0
0
1
0
1
4
2
8504
0
2
10
134217728
3000
500
5
1
0
1
0
0
1

1
1
2
1
8531
0
1
11
134217728
3000
250
61
0
1
0
1
0
0
1
1
1
1
1
8555
0
1
11
67108864
2000
50
88
0
1
0
1
0
0
1
0
1
8
2
8573
0
1
11
268435456
3000
100
31
0
1
0
1
0
0
1
1
1
8
2
8579
0
2
10
134217728
2000
50
100
1
0
1
0
0
1

1
1
1
1
8598
0
2
10
134217728
2000
250
100
1
0
1
0
0
1

1
1
8
4
8602
0
0
9
268435456
3000
500
1
0
1
0
0
1

1
1
8
1
8627
0
1
11
134217728
4000
100
3
0
1
0
1
0
0
1
1
1
1
1
8653
0
2
10
67108864
4000
100
1000
1
0
1
0
0
1

0
1
1
1
8658
0
0
9
268435456
2000
50
1
0
1
0
0
1

1
1
8
1
8672
0
2
10
134217728
2000
250
10
1
0
1
0
0
1

0
1
8
8
8674
0
2
10
67108864
2000
250
10
1
0
1
0
0
1

1
1
8
8
8676
0
0
9
134217728
2000
250
1
0
1
0
0
1

1
1
1
1
8689
0
1
12
67108864
4000
250
47
1
1
0
1
0
0
1
0
1
1
1
1
8706
0
1
12
67108864
3000
100
63
1
1
0
1
0
0
1
0
0
1
1
1
8709
0
2
10
134217728
3000
1000
10
1
0
1
0
0
1

1
1
4
2
8712
0
1
11
67108864
2000
500
6
0
1
0
1
0
0
1
0
1
4
2
8736
0
2
10
67108864
2000
50
10
1
0
1
0
0
1

0
1
8
4
8752
0
2
10
67108864
1000
500
1
1
0
1
0
0
1

0
1
8
4
8778
0
2
10
268435456
2000
50
5
1
0
1
0
0
1

0
1
4
1
8800
0
2
10
134217728
1000
500
5
1
0
1
0
0
1

0
1
8
1
8819
0
2
10
134217728
1000
1000
1
1
0
1
0
0
1

1
1
4
4
8823
0
1
11
67108864
4000
500
46
0
1
0
1
0
0
1
0
1
8
2
8853
0
2
10
268435456
3000
250
1000
1
0
1
0
0
1

1
1
2
2
8854
0
2
10
268435456
2000
50
100
1
0
1
0
0
1

0
1
8
8
8882
0
1
11
134217728
4000
250
54
0
1
0
1
0
0
1
0
1
8
4
8898
0
1
12
268435456
3000
50
77
1
1
0
1
0
0
1
0
1
1
1
1
8899
0
1
12
134217728
3000
500
51
1
1
0
1
0
0
1
0
1
1
8
4
8901
0
2
10
268435456
1000
100
100
1
0
1
0
0
1

1
1
2
1
8915
0
0
9
134217728
1000
1000
1
0
1
0
0
1

0
1
1
1
8941
0
0
9
134217728
1000
1000
1
0
1
0
0
1

1
1
8
1
8944
0
0
9
67108864
3000
50
1
0
1
0
0
1

0
1
2
2
8948
0
2
10
134217728
4000
50
1000
1
0
1
0
0
1

0
1
4
2
8970
0
2
10
134217728
2000
100
1000
1
0
1
0
0
1

0
1
4
1
8981
0
0
9
67108864
4000
1000
1
0
1
0
0
1

1
1
8
8
8984
0
2
10
134217728
2000
100
1
1
0
1
0
0
1

0
1
1
1
9003
0
0
9
134217728
2000
250
1
0
1
0
0
1

1
1
1
1
9015
0
2
10
268435456
3000
250
10
1
0
1
0
0
1

0
1
8
8
9043
0
0
9
134217728
1000
50
1
0
1
0
0
1

0
1
1
1
9071
0
2
10
67108864
4000
1000
5
1
0
1
0
0
1

0
1
2
2
9078
0
1
11
67108864
2000
500
77
0
1
0
1
0
0
1
0
1
2
1
9096
0
0
9
134217728
1000
500
1
0
1
0
0
1

0
1
1
1
9120
0
2
10
67108864
4000
1000
10
1
0
1
0
0
1

1
1
2
2
9147
0
1
11
268435456
1000
50
5
0
1
0
1
0
0
1
0
1
8
1
9172
0
1
12
67108864
3000
500
95
1
1
0
1
0
0
1
0
0
1
1
1
9193
0
1
12
134217728
2000
250
7
1
1
0
1
0
0
1
0
0
1
8
4
9197
0
1
12
67108864
2000
250
68
1
1
0
1
0
0
1
0
1
1
2
2
9222
0
0
9
268435456
3000
50
1
0
1
0
0
1

1
1
8
1
9236
0
1
12
67108864
3000
500
2
1
1
0
1
0
0
1
0
1
1
4
2
9237
0
0
9
67108864
3000
250
1
0
1
0
0
1

0
1
4
4
9255
0
0
9
67108864
2000
500
1
0
1
0
0
1

1
1
2
1
9267
0
1
11
134217728
1000
1000
65
0
1
0
1
0
0
1
0
1
2
1
9295
0
0
9
268435456
3000
500
1
0
1
0
0
1

0
1
1
1
9319
0
1
11
67108864
1000
500
5
0
1
0
1
0
0
1
1
1
2
1
9339
0
1
11
134217728
3000
250
94
0
1
0
1
0
0
1
0
1
2
2
9350
0
2
10
67108864
1000
1000
100
1
0
1
0
0
1

1
1
1
1
9358
0
1
11
134217728
1000
100
26
0
1
0
1
0
0
1
0
1
2
1
9359
0
0
9
67108864
1000
1000
1
0
1
0
0
1

1
1
1
1
9369
0
1
11
134217728
3000
500
40
0
1
0
1
0
0
1
1
1
4
2
9394
0
0
9
67108864
3000
1000
1
0
1
0
0
1

1
1
1
1
9417
0
0
9
268435456
3000
500
1
0
1
0
0
1

0
1
1
1
9418
0
1
12
268435456
3000
100
60
1
1
0
1
0
0
1
0
1
1
2
1
9430
0
2
10
268435456
2000
100
1
1
0
1
0
0
1

1
1
1
1
9446
0
1
11
67108864
3000
1000
24
0
1
0
1
0
0
1
0
1
2
1
9466
0
0
9
134217728
1000
250
1
0
1
0
0
1

0
1
2
1
9470
0
1
11
268435456
3000
50
20
0
1
0
1
0
0
1
1
1
1
1
9476
0
2
10
134217728
2000
250
10
1
0
1
0
0
1

1
1
8
4
9504
0
2
10
268435456
3000
500
1000
1
0
1
0
0
1

0
1
8
2
9519
0
2
10
134217728
3000
500
1000
1
0
1
0
0
1

1
1
4
2
9542
0
2
10
134217728
3000
100
1000
1
0
1
0
0
1

1
1
1
1
9555
0
1
11
134217728
3000
500
60
0
1
0
1
0
0
1
1
1
1
1
9564
0
1
12
67108864
2000
1000
16
1
1
0
1
0
0
1
0
0
1
1
1
9593
0
2
10
134217728
1000
50
1000
1
0
1
0
0
1

0
1
8
2
9608
0
0
9
268435456
1000
500
1
0
1
0
0
1

1
1
1
1
9623
0
2
10
134217728
2000
100
10
1
0
1
0
0
1

0
1
8
2
9626
0
2
10
268435456
2000
500
5
1
0
1
0
0
1

0
1
8
1
9627
0
1
12
268435456
1000
50
50
1
1
0
1
0
0
1
0
0
1
8
8
9649
0
0
9
268435456
2000
500
1
0
1
0
0
1

1
1
2
1
9662
0
2
10
268435456
2000
500
5
1
0
1
0
0
1

1
1
2
1
9682
0
1
11
268435456
2000
500
35
0
1
0
1
0
0
1
1
1
8
8
9691
0
2
10
67108864
1000
100
1
1
0
1
0
0
1

0
1
4
2
9705
0
0
9
268435456
2000
500
1
0
1
0
0
1

1
1
4
2
9718
0
1
11
134217728
3000
50
65
0
1
0
1
0
0
1
0
1
1
1
9731
0
0
9
67108864
2000
250
1
0
1
0
0
1

0
1
4
2
9759
0
2
10
268435456
1000
250
1000
1
0
1
0
0
1

1
1
2
1
9769
0
1
11
67108864
2000
50
44
0
1
0
1
0
0
1
1
1
1
1
9781
0
0
9
67108864
2000
50
1
0
1
0
0
1

1
1
2
2
9805
0
0
9
134217728
2000
1000
1
0
1
0
0
1

0
1
8
4
9816
0
1
12
67108864
1000
500
33
1
1
0
1
0
0
1
0
1
1
1
1
9837
0
1
12
268435456
2000
50
85
1
1
0
1
0
0
1
0
1
1
8
8
9844
0
0
9
268435456
3000
500
1
0
1
0
0
1

0
1
4
2
9863
0
2
10
67108864
1000
500
1
1
0
1
0
0
1

1
1
8
1
9886
0
2
10
268435456
3000
500
100
1
0
1
0
0
1

0
1
1
1
9906
0
1
11
67108864
2000
500
52
0
1
0
1
0
0
1
1
1
8
4
9919
0
2
10
268435456
3000
500
1
1
0
1
0
0
1

0
1
8
4
9933
0
2
10
67108864
4000
100
1
1
0
1
0
0
1

0
1
8
2
9960
0
1
12
134217728
2000
500
47
1
1
0
1
0
0
1
0
0
1
4
2
9971
0
1
11
67108864
3000
1000
54
0
1
0
1
0
0
1
1
1
2
2
9986
0
1
11
134217728
1000
1000
95
0
1
0
1
0
0
1
0
1
8
4
10003
0
0
9
134217728
4000
1000
1
0
1
0
0
1

0
1
8
1
10011
0
2
10
134217728
1000
1000
1000
1
0
1
0
0
1

0
1
4
4
10016
0
1
11
268435456
2000
500
65
0
1
0
1
0
0
1
0
1
8
4
10044
0
2
10
268435456
1000
250
1
1
0
1
0
0
1

0
1
4
2
10069
0
1
11
67108864
4000
1000
40
0
1
0
1
0
0
1
1
1
1
1
10078
0
1
12
134217728
3000
50
53
1
1
0
1
0
0
1
0
0
1
8
4
10085
0
2
10
67108864
4000
1000
1000
1
0
1
0
0
1

1
1
4
2
10110
0
0
9
268435456
3000
250
1
0
1
0
0
1

0
1
8
4
10123
0
2
10
134217728
1000
500
1
1
0
1
0
0
1

1
1
4
1
10143
0
2
10
268435456
2000
50
1
1
0
1
0
0
1

0
1
8
1
10164
0
1
12
67108864
3000
100
65
1
1
0
1
0
0
1
0
0
1
4
4
10189
0
0
9
268435456
1000
100
1
0
1
0
0
1

0
1
4
2
10199
0
2
10
134217728
2000
1000
1
1
0
1
0
0
1

0
1
8
8
10219
0
1
11
134217728
3000
100
19
0
1
0
1
0
0
1
0
1
2
1
10224
0
1
12
134217728
4000
100
68
1
1
0
1
0
0
1
0
1
1
4
4
10254
0
0
9
134217728
4000
100
1
0
1
0
0
1

1
1
2
1
10282
0
1
11
268435456
2000
500
93
0
1
0
1
0
0
1
1
1
2
1
10288
0
0
9
67108864
1000
500
1
0
1
0
0
1

1
1
8
2
10303
0
1
12
134217728
4000
1000
5
1
1
0
1
0
0
1
0
0
1
1
1
10323
0
0
9
67108864
3000
250
1
0
1
0
0
1

0
1
8
8
10324
0
2
10
67108864
2000
50
10
1
0
1
0
0
1

1
1
8
1
10339
0
2
10
67108864
4000
100
1000
1
0
1
0
0
1

0
1
1
1
10367
0
2
10
134217728
3000
100
1
1
0
1
0
0
1

1
1
2
1
10389
0
0
9
134217728
1000
500
1
0
1
0
0
1

0
1
2
1
10390
0
0
9
67108864
4000
250
1
0
1
0
0
1

1
1
4
1
10397
0
1
11
268435456
1000
250
81
0
1
0
1
0
0
1
1
1
2
1
10418
0
2
10
134217728
3000
500
1000
1
0
1
0
0
1

1
1
4
2
10431
0
2
10
134217728
2000
250
1000
1
0
1
0
0
1

0
1
1
1
10442
0
2
10
268435456
2000
50
5
1
0
1
0
0
1

0
1
2
1
10461
0
0
9
67108864
1000
500
1
0
1
0
0
1

0
1
4
2
10465
0
1
12
134217728
3000
1000
95
1
1
0
1
0
0
1
0
1
1
2
2
10488
0
0
9
134217728
4000
250
1
0
1
0
0
1

1
1
8
2
10498
0
2
10
268435456
3000
50
100
1
0
1
0
0
1

1
1
1
1
10509
0
2
10
134217728
4000
50
100
1
0
1
0
0
1

1
1
1
1
10535
0
0
9
67108864
3000
50
1
0
1
0
0
1

1
1
8
8
10561
0
1
11
268435456
3000
100
84
0
1
0
1
0
0
1
1
1
2
1
10583
0
1
11
268435456
3000
500
69
0
1
0
1
0
0
1
0
1
2
1
10588
0
1
12
67108864
2000
100
25
1
1
0
1
0
0
1
0
1
1
1
1
10592
0
0
9
134217728
4000
500
1
0
1
0
0
1

0
1
8
8
10620
0
0
9
268435456
3000
500
1
0
1
0
0
1

0
1
1
1
10622
0
0
9
67108864
1000
1000
1
0
1
0
0
1

1
1
4
4
10650
0
0
9
67108864
4000
1000
1
0
1
0
0
1

0
1
8
8
10657
0
2
10
134217728
2000
1000
100
1
0
1
0
0
1

0
1
1
1
10680
0
1
11
134217728
1000
100
4
0
1
0
1
0
0
1
1
1
4
2
10681
0
0
9
268435456
3000
500
1
0
1
0
0
1

0
1
2
1
10693
0
2
10
67108864
4000
500
10
1
0
1
0
0
1

1
1
1
1
10709
0
1
11
67108864
3000
100
8
0
1
0
1
0
0
1
0
1
2
1
10714
0
1
11
67108864
2000
100
12
0
1
0
1
0
0
1
0
1
8
4
10741
0
1
11
67108864
1000
250
97
0
1
0
1
0
0
1
0
1
4
4
10769
0
1
11
134217728
2000
50
58
0
1
0
1
0
0
1
1
1
1
1
10775
0
1
11
67108864
4000
1000
48
0
1
0
1
0
0
1
1
1
2
1
10796
0
2
10
67108864
4000
250
10
1
0
1
0
0
1

1
1
4
1
10821
0
0
9
67108864
3000
100
1
0
1
0
0
1

0
1
4
2
10840
0
1
12
268435456
2000
100
90
1
1
0
1
0
0
1
0
1
1
4
2
10848
0
0
9
134217728
2000
100
1
0
1
0
0
1

0
1
2
1
10860
0
1
12
67108864
3000
100
14
1
1
0
1
0
0
1
0
0
1
8
1
10871
0
0
9
268435456
2000
250
1
0
1
0
0
1

1
1
1
1
10886
0
2
10
268435456
1000
500
100
1
0
1
0
0
1

1
1
4
1
10908
0
1
12
134217728
3000
50
4
1
1
0
1
0
0
1
0
1
1
2
2
10915
0
1
12
268435456
3000
50
69
1
1
0
1
0
0
1
0
0
1
8
8
10926
0
1
11
268435456
1000
500
44
0
1
0
1
0
0
1
0
1
4
1
10933
0
1
11
67108864
2000
50
34
0
1
0
1
0
0
1
0
1
8
1
10941
0
0
9
134217728
4000
1000
1
0
1
0
0
1

1
1
4
2
10971
0
0
9
134217728
2000
50
1
0
1
0
0
1

1
1
1
1
10991
0
1
12
268435456
3000
500
74
1
1
0
1
0
0
1
0
1
1
1
1
11010
0
1
11
67108864
2000
50
67
0
1
0
1
0
0
1
1
1
4
4
11028
0
2
10
268435456
3000
500
5
1
0
1
0
0
1

1
1
4
1
11032
0
2
10
67108864
2000
250
1000
1
0
1
0
0
1

1
1
4
2
11036
0
1
12
134217728
3000
1000
89
1
1
0
1
0
0
1
0
1
1
1
1
11038
0
1
11
134217728
2000
50
60
0
1
0
1
0
0
1
1
1
2
1
11054
0
2
10
268435456
3000
250
1000
1
0
1
0
0
1

0
1
1
1
11075
0
0
9
134217728
4000
500
1
0
1
0
0
1

0
1
8
2
11088
0
0
9
67108864
2000
50
1
0
1
0
0
1

0
1
1
1
11092
0
0
9
134217728
4000
50
1
0
1
0
0
1

1
1
8
1
11112
0
1
11
67108864
4000
1000
70
0
1
0
1
0
0
1
0
1
2
1
11129
0
0
9
134217728
2000
250
1
0
1
0
0
1

0
1
1
1
11151
0
0
9
268435456
2000
500
1
0
1
0
0
1

1
1
8
2
11167
0
2
10
67108864
4000
1000
10
1
0
1
0
0
1

1
1
1
1
11184
0
1
12
134217728
4000
1000
65
1
1
0
1
0
0
1
0
0
1
1
1
11196
0
0
9
268435456
1000
500
1
0
1
0
0
1

0
1
1
1
11197
0
2
10
268435456
2000
500
1
1
0
1
0
0
1

1
1
8
8
11207
0
0
9
268435456
2000
250
1
0
1
0
0
1

0
1
2
1
11237
0
0
9
134217728
4000
500
1
0
1
0
0
1

0
1
1
1
11253
0
2
10
134217728
3000
50
100
1
0
1
0
0
1

0
1
8
2
11277
0
0
9
134217728
3000
500
1
0
1
0
0
1

0
1
8
8
11291
0
0
9
67108864
3000
100
1
0
1
0
0
1

0
1
4
4
11310
0
0
9
67108864
1000
50
1
0
1
0
0
1

0
1
1
1
11336
0
2
10
134217728
2000
100
100
1
0
1
0
0
1

0
1
1
1
11338
0
0
9
134217728
2000
50
1
0
1
0
0
1

0
1
1
1
11344
0
2
10
268435456
3000
250
10
1
0
1
0
0
1

0
1
4
2
11364
0
0
9
67108864
1000
1000
1
0
1
0
0
1

0
1
2
1
11387
0
0
9
134217728
4000
1000
1
0
1
0
0
1

0
1
2
1
11392
0
1
11
268435456
2000
500
25
0
1
0
1
0
0
1
0
1
4
4
11416
0
2
10
67108864
3000
250
5
1
0
1
0
0
1

0
1
4
1
11443
0
1
12
268435456
3000
50
78
1
1
0
1
0
0
1
0
0
1
1
1
11454
0
0
9
134217728
1000
50
1
0
1
0
0
1

0
1
1
1
11461
0
2
10
134217728
1000
1000
5
1
0
1
0
0
1

0
1
8
4
11487
0
2
10
134217728
3000
50
5
1
0
1
0
0
1

0
1
4
2
11500
0
1
12
134217728
2000
500
43
1
1
0
1
0
0
1
0
0
1
4
1
11528
0
0
9
268435456
3000
500
1
0
1
0
0
1

0
1
1
1
11546
0
2
10
268435456
1000
500
5
1
0
1
0
0
1

0
1
2
1
11566
0
2
10
134217728
1000
500
1000
1
0
1
0
0
1

0
1
8
2
11578
0
0
9
268435456
2000
500
1
0
1
0
0
1

0
1
4
1
11586
0
2
10
134217728
2000
250
100
1
0
1
0
0
1

0
1
4
2
11590
0
0
9
67108864
3000
50
1
0
1
0
0
1

0
1
2
1
11612
0
2
10
134217728
1000
1000
10
1
0
1
0
0
1

0
1
2
1
11620
0
0
9
134217728
3000
1000
1
0
1
0
0
1

0
1
2
2
11636
0
2
10
67108864
1000
500
10
1
0
1
0
0
1

0
1
8
2
11650
0
2
10
268435456
3000
500
100
1
0
1
0
0
1

0
1
2
2
11651
0
2
10
268435456
1000
50
5
1
0
1
0
0
1

0
1
2
1
11679
0
0
9
67108864
2000
100
1
0
1
0
0
1

0
1
2
1
11708
0
0
9
268435456
3000
50
1
0
1
0
0
1

0
1
8
8
11726
0
2
10
268435456
2000
50
100
1
0
1
0
0
1

0
1
1
1
11738
0
1
11
67108864
2000
500
57
0
1
0
1
0
0
1
0
1
1
1
11767
0
0
9
134217728
1000
250
1
0
1
0
0
1

0
1
2
1
11794
0
1
12
268435456
3000
50
8
1
1
0
1
0
0
1
0
0
1
1
1
11797
0
1
11
67108864
1000
1000
35
0
1
0
1
0
0
1
0
1
2
1
11823
0
0
9
67108864
1000
500
1
0
1
0
0
1

0
1
8
4
11835
0
1
11
268435456
3000
500
11
0
1
0
1
0
0
1
0
1
1
1
11852
0
1
11
134217728
1000
50
46
0
1
0
1
0
0
1
0
1
4
2
11854
0
2
10
268435456
2000
250
5
1
0
1
0
0
1

0
1
8
1
11859
0
0
9
134217728
3000
250
1
0
1
0
0
1

0
1
1
1
11878
0
0
9
268435456
3000
500
1
0
1
0
0
1

0
1
2
1
11899
0
1
11
67108864
2000
100
37
0
1
0
1
0
0
1
0
1
4
1
11923
0
0
9
134217728
4000
50
1
0
1
0
0
1

0
1
4
2
11924
0
0
9
134217728
1000
50
1
0
1
0
0
1

0
1
8
4
11940
0
0
9
67108864
4000
1000
1
0
1
0
0
1

0
1
2
1
11950
0
1
12
268435456
3000
100
35
1
1
0
1
0
0
1
0
0
1
4
1
11954
0
2
10
134217728
4000
250
5
1
0
1
0
0
1

0
1
4
2
11958
0
2
10
268435456
3000
100
100
1
0
1
0
0
1

0
1
8
4
11982
0
0
9
268435456
3000
500
1
0
1
0
0
1

0
1
2
1
11992
0
2
10
67108864
1000
250
1000
1
0
1
0
0
1

0
1
2
1
12007
0
0
9
134217728
1000
500
1
0
1
0
0
1

0
1
8
4
12036
0
2
10
134217728
2000
500
10
1
0
1
0
0
1

0
1
4
2
12045
0
0
9
268435456
2000
100
1
0
1
0
0
1

0
1
4
2
12058
0
1
12
134217728
2000
100
48
1
1
0
1
0
0
1
0
0
1
4
4
12078
0
2
10
134217728
2000
100
1
1
0
1
0
0
1

0
1
4
2
12079
0
0
9
268435456
3000
500
1
0
1
0
0
1

0
1
8
2
12089
0
0
9
134217728
1000
250
1
0
1
0
0
1

0
1
8
1
12108
0
1
12
134217728
4000
50
94
1
1
0
1
0
0
1
0
0
1
1
1
12114
0
2
10
268435456
1000
250
5
1
0
1
0
0
1

0
1
2
1
12137
0
2
10
134217728
1000
50
1
1
0
1
0
0
1

0
1
4
2
12156
0
2
10
268435456
3000
500
10
1
0
1
0
0
1

0
1
2
1
12186
0
2
10
67108864
2000
250
1000
1
0
1
0
0
1

0
1
2
1
12212
0
2
10
268435456
2000
100
1000
1
0
1
0
0
1

0
1
4
2
12233
0
1
11
134217728
2000
500
40
0
1
0
1
0
0
1
0
1
4
4
12242
0
1
11
67108864
1000
1000
63
0
1
0
1
0
0
1
0
1
2
1
12260
0
0
9
268435456
1000
50
1
0
1
0
0
1

0
1
8
1
12280
0
0
9
268435456
1000
100
1
0
1
0
0
1

0
1
2
2
12305
0
1
11
67108864
2000
50
5
0
1
0
1
0
0
1
0
1
4
1
12332
0
0
9
67108864
1000
500
1
0
1
0
0
1

0
1
1
1
12339
0
2
10
134217728
4000
500
100
1
0
1
0
0
1

0
1
4
4
12362
0
1
11
67108864
4000
250
51
0
1
0
1
0
0
1
0
1
4
1
12379
0
0
9
134217728
1000
1000
1
0
1
0
0
1

0
1
4
1
12399
0
0
9
67108864
2000
1000
1
0
1
0
0
1

0
1
4
4
12427
0
2
10
134217728
4000
250
1000
1
0
1
0
0
1

0
1
4
2
12435
0
2
10
268435456
3000
250
10
1
0
1
0
0
1

0
1
1
1
12455
0
0
9
134217728
4000
1000
1
0
1
0
0
1

0
1
8
4
12457
0
0
9
268435456
3000
50
1
0
1
0
0
1

0
1
2
1
12478
0
2
10
67108864
1000
1000
100
1
0
1
0
0
1

0
1
4
2
12504
0
0
9
268435456
3000
100
1
0
1
0
0
1

0
1
8
1
12526
0
1
11
268435456
3000
100
54
0
1
0
1
0
0
1
0
1
4
2
12550
0
1
12
268435456
3000
250
39
1
1
0
1
0
0
1
0
0
1
4
2
12565
0
1
11
134217728
3000
500
62
0
1
0
1
0
0
1
0
1
2
1
12568
0
2
10
268435456
3000
50
1000
1
0
1
0
0
1

0
1
1
1
12587
0
1
11
268435456
3000
250
41
0
1
0
1
0
0
1
0
1
4
2
12614
0
0
9
134217728
4000
250
1
0
1
0
0
1

0
1
8
1
12628
0
1
11
134217728
4000
250
42
0
1
0
1
0
0
1
0
1
2
2
12643
0
0
9
67108864
3000
500
1
0
1
0
0
1

0
1
4
2
12657
0
1
12
268435456
3000
500
43
1
1
0
1
0
0
1
0
0
1
2
1
12686
0
0
9
134217728
3000
250
1
0
1
0
0
1

0
1
1
1
12710
0
0
9
268435456
3000
50
1
0
1
0
0
1

0
1
4
1
12729
0
1
11
268435456
2000
100
91
0
1
0
1
0
0
1
0
1
1
1
12734
0
1
12
67108864
1000
50
77
1
1
0
1
0
0
1
0
0
1
1
1
12737
0
0
9
134217728
3000
250
1
0
1
0
0
1

0
1
1
1
12757
0
2
10
67108864
2000
500
100
1
0
1
0
0
1

0
1
1
1
12766
0
1
11
268435456
1000
500
72
0
1
0
1
0
0
1
0
1
4
2
12779
0
1
12
134217728
3000
500
50
1
1
0
1
0
0
1
0
0
1
1
1
12782
0
2
10
268435456
3000
250
5
1
0
1
0
0
1

0
1
8
2
12812
0
0
9
134217728
3000
1000
1
0
1
0
0
1

0
1
1
1
12822
0
1
12
67108864
3000
50
33
1
1
0
1
0
0
1
0
0
1
8
8
12823
0
0
9
134217728
1000
50
1
0
1
0
0
1

0
1
1
1
12840
0
2
10
67108864
3000
500
5
1
0
1
0
0
1

0
1
4
4
12849
0
2
10
67108864
4000
100
100
1
0
1
0
0
1

0
1
2
1
12877
0
0
9
67108864
2000
50
1
0
1
0
0
1

0
1
1
1
12903
0
1
12
268435456
3000
500
20
1
1
0
1
0
0
1
0
0
1
2
1
12921
0
1
12
67108864
2000
100
75
1
1
0
1
0
0
1
0
0
1
8
1
12933
0
2
10
268435456
1000
500
5
1
0
1
0
0
1

0
1
2
1
12955
0
2
10
134217728
1000
1000
5
1
0
1
0
0
1

0
1
2
2
12961
0
2
10
134217728
2000
1000
10
1
0
1
0
0
1

0
1
1
1
12965
0
0
9
268435456
3000
500
1
0
1
0
0
1

0
1
4
2
12993
0
2
10
134217728
4000
250
1
1
0
1
0
0
1

0
1
2
1
13005
0
0
9
134217728
2000
1000
1
0
1
0
0
1

0
1
1
1
13013
0
2
10
268435456
2000
100
1000
1
0
1
0
0
1

0
1
1
1
13015
0
2
10
268435456
3000
50
5
1
0
1
0
0
1

0
1
1
1
13037
0
1
12
268435456
3000
500
34
1
1
0
1
0
0
1
0
0
1
4
1
13042
0
2
10
268435456
1000
50
10
1
0
1
0
0
1

0
1
4
1
13059
0
0
9
67108864
1000
500
1
0
1
0
0
1

0
1
8
8
13080
0
1
11
67108864
4000
1000
60
0
1
0
1
0
0
1
0
1
8
1
13091
0
1
12
67108864
4000
250
68
1
1
0
1
0
0
1
0
0
1
1
1
13093
0
2
10
67108864
1000
1000
1000
1
0
1
0
0
1

0
1
8
4
13102
0
1
11
67108864
2000
500
9
0
1
0
1
0
0
1
0
1
1
1
13110
0
0
9
268435456
3000
250
1
0
1
0
0
1

0
1
2
1
13112
0
1
12
67108864
3000
100
52
1
1
0
1
0
0
1
0
0
1
8
8
13114
0
0
9
67108864
4000
50
1
0
1
0
0
1

0
1
8
8
13132
0
1
11
268435456
2000
500
54
0
1
0
1
0
0
1
0
1
2
1
13157
0
0
9
67108864
1000
250
1
0
1
0
0
1

0
1
8
4
13186
0
0
9
134217728
1000
500
1
0
1
0
0
1

0
1
2
1
13209
0
2
10
134217728
3000
50
100
1
0
1
0
0
1

0
1
8
4
13232
0
2
10
268435456
2000
250
10
1
0
1
0
0
1

0
1
8
2
13242
0
1
11
67108864
3000
100
58
0
1
0
1
0
0
1
0
1
8
8
13254
0
1
11
67108864
1000
250
50
0
1
0
1
0
0
1
0
1
2
1
13267
0
0
9
67108864
3000
100
1
0
1
0
0
1

0
1
2
1
13290
0
2
10
134217728
4000
1000
5
1
0
1
0
0
1

0
1
1
1
13320
0
0
9
67108864
4000
500
1
0
1
0
0
1

0
1
4
2
13338
0
2
10
134217728
3000
50
1000
1
0
1
0
0
1

0
1
8
1
13354
0
0
9
268435456
1000
50
1
0
1
0
0
1

0
1
8
1
13374
0
1
12
67108864
3000
100
13
1
1
0
1
0
0
1
0
0
1
1
1
13386
0
2
10
268435456
1000
100
10
1
0
1
0
0
1

0
1
4
1
13387
0
1
12
134217728
4000
500
46
1
1
0
1
0
0
1
0
0
1
2
1
13391
0
0
9
268435456
3000
100
1
0
1
0
0
1

0
1
4
2
13418
0
1
12
67108864
2000
1000
71
1
1
0
1
0
0
1
0
0
1
1
1
13439
0
2
10
134217728
4000
1000
1000
1
0
1
0
0
1

0
1
4
2
13456
0
1
12
268435456
3000
50
16
1
1
0
1
0
0
1
0
0
1
2
1
13468
0
1
11
67108864
4000
250
38
0
1
0
1
0
0
1
0
1
2
1
13496
0
2
10
268435456
3000
50
1
1
0
1
0
0
1

0
1
4
2
13511
0
1
11
268435456
3000
500
2
0
1
0
1
0
0
1
0
1
1
1
13534
0
0
9
134217728
2000
500
1
0
1
0
0
1

0
1
2
1
13561
0
1
11
67108864
1000
50
31
0
1
0
1
0
0
1
0
1
8
4
13589
0
1
11
268435456
2000
100
22
0
1
0
1
0
0
1
0
1
4
2
13616
0
2
10
134217728
4000
100
1000
1
0
1
0
0
1

0
1
8
1
13637
0
2
10
268435456
3000
250
1
1
0
1
0
0
1

0
1
1
1
13648
0
1
11
67108864
1000
1000
34
0
1
0
1
0
0
1
0
1
4
4
13671
0
2
10
268435456
2000
500
10
1
0
1
0
0
1

0
1
8
1
13678
0
1
11
134217728
3000
250
15
0
1
0
1
0
0
1
0
1
2
2
13683
0
1
11
134217728
3000
100
16
0
1
0
1
0
0
1
0
1
4
2
13713
0
1
11
134217728
2000
50
69
0
1
0
1
0
0
1
0
1
4
4
13734
0
1
12
134217728
3000
1000
69
1
1
0
1
0
0
1
0
0
1
1
1
13739
0
2
10
268435456
3000
500
10
1
0
1
0
0
1

0
1
4
1
13759
0
1
12
134217728
3000
50
36
1
1
0
1
0
0
1
0
0
1
4
2
13774
0
1
12
268435456
3000
500
60
1
1
0
1
0
0
1
0
0
1
8
2
13791
0
1
11
134217728
2000
100
15
0
1
0
1
0
0
1
0
1
4
4
13815
0
2
10
268435456
3000
100
1
1
0
1
0
0
1

0
1
1
1
13842
0
1
12
134217728
1000
50
4
1
1
0
1
0
0
1
0
0
1
1
1
13864
0
0
9
67108864
1000
1000
1
0
1
0
0
1

0
1
2
1
13887
0
2
10
268435456
3000
100
5
1
0
1
0
0
1

0
1
8
4
13908
0
0
9
134217728
3000
500
1
0
1
0
0
1

0
1
8
2
13921
0
1
11
134217728
3000
50
22
0
1
0
1
0
0
1
0
1
2
2
13928
0
2
10
134217728
1000
100
10
1
0
1
0
0
1

0
1
1
1
13948
0
0
9
268435456
3000
500
1
0
1
0
0
1

0
1
4
2
13959
0
1
12
134217728
2000
250
99
1
1
0
1
0
0
1
0
0
1
2
2
13977
0
0
9
134217728
3000
1000
1
0
1
0
0
1

0
1
4
2
14001
0
1
11
134217728
3000
50
9
0
1
0
1
0
0
1
0
1
2
1
14016
0
1
11
268435456
1000
50
74
0
1
0
1
0
0
1
0
1
2
1
14039
0
2
10
268435456
3000
250
1000
1
0
1
0
0
1

0
1
8
8
14053
0
1
12
134217728
3000
1000
61
1
1
0
1
0
0
1
0
0
1
2
1
14064
0
2
10
268435456
3000
250
100
1
0
1
0
0
1

0
1
8
2
14075
0
2
10
67108864
2000
500
100
1
0
1
0
0
1

0
1
2
1
14081
0
1
11
268435456
2000
100
20
0
1
0
1
0
0
1
0
1
2
1
14086
0
1
12
67108864
2000
50
36
1
1
0
1
0
0
1
0
0
1
4
1
14088
0
0
9
134217728
3000
250
1
0
1
0
0
1

0
1
1
1
14104
0
2
10
67108864
2000
250
5
1
0
1
0
0
1

0
1
4
2
14105
0
1
12
134217728
1000
100
41
1
1
0
1
0
0
1
0
0
1
2
1
14132
0
2
10
268435456
1000
100
1
1
0
1
0
0
1

0
1
8
2
14156
0
2
10
67108864
1000
1000
10
1
0
1
0
0
1

0
1
4
2
14166
0
2
10
268435456
3000
50
1000
1
0
1
0
0
1

0
1
1
1
14182
0
0
9
268435456
2000
250
1
0
1
0
0
1

0
1
8
4
14199
0
2
10
268435456
2000
100
1
1
0
1
0
0
1

0
1
8
4
14217
0
0
9
268435456
3000
250
1
0
1
0
0
1

0
1
4
2
14224
0
2
10
268435456
1000
500
1
1
0
1
0
0
1

0
1
8
4
14229
0
1
11
67108864
1000
50
49
0
1
0
1
0
0
1
0
1
2
1
14236
0
0
9
268435456
3000
500
1
0
1
0
0
1

0
1
4
4
14254
0
1
12
134217728
1000
500
2
1
1
0
1
0
0
1
0
0
1
2
1
14280
0
0
9
134217728
2000
500
1
0
1
0
0
1

0
1
1
1
14289
0
0
9
67108864
2000
1000
1
0
1
0
0
1

0
1
4
2
14295
0
2
10
268435456
3000
50
5
1
0
1
0
0
1

0
1
2
2
14307
0
2
10
134217728
1000
100
100
1
0
1
0
0
1

0
1
1
1
14329
0
2
10
268435456
3000
50
1
1
0
1
0
0
1

0
1
1
1
14358
0
1
12
268435456
3000
500
26
1
1
0
1
0
0
1
0
0
1
4
1
14370
0
1
11
134217728
3000
50
3
0
1
0
1
0
0
1
0
1
2
1
14397
0
1
12
268435456
2000
50
91
1
1
0
1
0
0
1
0
0
1
4
2
14403
0
2
10
134217728
2000
100
1
1
0
1
0
0
1

0
1
8
2
14425
0
2
10
268435456
3000
50
1
1
0
1
0
0
1

0
1
2
2
14430
0
0
9
268435456
2000
50
1
0
1
0
0
1

0
1
4
2
14439
0
2
10
67108864
3000
250
10
1
0
1
0
0
1

0
1
2
1
14459
0
2
10
268435456
2000
250
5
1
0
1
0
0
1

0
1
8
1
14488
0
2
10
67108864
3000
50
10
1
0
1
0
0
1

0
1
8
1
14499
0
1
11
268435456
3000
500
4
0
1
0
1
0
0
1
0
1
1
1
14506
0
2
10
67108864
2000
50
1000
1
0
1
0
0
1

0
1
2
1
14525
0
1
12
67108864
2000
250
28
1
1
0
1
0
0
1
0
0
1
8
2
14526
0
2
10
134217728
3000
500
5
1
0
1
0
0
1

0
1
1
1
14553
0
1
12
67108864
1000
250
57
1
1
0
1
0
0
1
0
0
1
4
2
14569
0
2
10
134217728
4000
1000
10
1
0
1
0
0
1

0
1
2
1
14588
0
2
10
268435456
3000
500
1
1
0
1
0
0
1

0
1
2
2
14613
0
2
10
134217728
3000
50
1
1
0
1
0
0
1

0
1
1
1
14619
0
2
10
67108864
3000
100
100
1
0
1
0
0
1

0
1
4
2
14639
0
0
9
67108864
2000
250
1
0
1
0
0
1

0
1
2
1
14648
0
1
12
268435456
2000
50
78
1
1
0
1
0
0
1
0
0
1
8
1
14659
0
0
9
67108864
2000
100
1
0
1
0
0
1

0
1
2
2
14685
0
1
12
134217728
1000
50
91
1
1
0
1
0
0
1
0
0
1
1
1
14710
0
0
9
67108864
1000
50
1
0
1
0
0
1

0
1
2
1
14724
0
0
9
67108864
2000
50
1
0
1
0
0
1

0
1
2
2
14734
0
2
10
268435456
3000
50
100
1
0
1
0
0
1

0
1
8
4
14753
0
2
10
67108864
4000
50
100
1
0
1
0
0
1

0
1
8
4
14766
0
2
10
268435456
1000
100
1000
1
0
1
0
0
1

0
1
8
2
14781
0
2
10
67108864
3000
100
5
1
0
1
0
0
1

0
1
2
2
14797
0
1
11
134217728
4000
50
20
0
1
0
1
0
0
1
0
1
2
1
14821
0
0
9
268435456
3000
100
1
0
1
0
0
1

0
1
2
1
14839
0
0
9
268435456
3000
500
1
0
1
0
0
1

0
1
8
4
14848
0
1
12
67108864
1000
250
30
1
1
0
1
0
0
1
0
0
1
2
1
14856
0
2
10
268435456
2000
100
1
1
0
1
0
0
1

0
1
2
1
14884
0
0
9
268435456
2000
50
1
0
1
0
0
1

0
1
2
1
14886
0
2
10
67108864
4000
50
100
1
0
1
0
0
1

0
1
1
1
14909
0
1
12
268435456
2000
500
29
1
1
0
1
0
0
1
0
0
1
8
2
14939
0
2
10
134217728
4000
50
10
1
0
1
0
0
1

0
1
8
8
14957
0
2
10
268435456
3000
50
5
1
0
1
0
0
1

0
1
8
8
14974
0
2
10
67108864
4000
50
10
1
0
1
0
0
1

0
1
1
1
14979
0
1
11
67108864
1000
50
35
0
1
0
1
0
0
1
0
1
1
1
14998
0
2
10
67108864
2000
250
1
1
0
1
0
0
1

0
1
4
4
15023
0
2
10
268435456
1000
50
5
1
0
1
0
0
1

0
1
4
2
15042
0
1
12
268435456
3000
500
0
1
1
0
1
0
0
1
0
0
1
2
2
15060
0
1
12
268435456
2000
250
84
1
1
0
1
0
0
1
0
0
1
2
1
15072
0
0
9
268435456
2000
250
1
0
1
0
0
1

0
1
8
4
15073
0
1
12
67108864
2000
1000
98
1
1
0
1
0
0
1
0
0
1
4
2
15084
0
1
12
67108864
3000
100
33
1
1
0
1
0
0
1
0
0
1
8
1
15114
0
1
11
268435456
3000
250
61
0
1
0
1
0
0
1
0
1
8
2
15125
0
0
9
268435456
3000
100
1
0
1
0
0
1

0
1
2
1
15140
0
1
12
134217728
3000
50
3
1
1
0
1
0
0
1
0
0
1
1
1
15147
0
2
10
67108864
3000
250
100
1
0
1
0
0
1

0
1
4
2
15172
0
1
11
134217728
2000
100
83
0
1
0
1
0
0
1
0
1
2
1
15202
0
1
12
134217728
1000
1000
93
1
1
0
1
0
0
1
0
0
1
1
1
15229
0
0
9
134217728
2000
50
1
0
1
0
0
1

0
1
1
1
15259
0
2
10
134217728
3000
50
1000
1
0
1
0
0
1

0
1
2
1
15282
0
1
11
268435456
3000
100
27
0
1
0
1
0
0
1
0
1
8
1
15303
0
2
10
67108864
1000
100
1000
1
0
1
0
0
1

0
1
4
1
15309
0
2
10
134217728
3000
250
1000
1
0
1
0
0
1

0
1
8
8
15316
0
2
10
134217728
3000
1000
1000
1
0
1
0
0
1

0
1
2
2
15329
0
0
9
268435456
3000
500
1
0
1
0
0
1

0
1
8
4
15330
0
2
10
67108864
1000
50
1000
1
0
1
0
0
1

0
1
4
2
15356
0
1
11
134217728
2000
50
98
0
1
0
1
0
0
1
0
1
4
2
15366
0
2
10
134217728
3000
250
5
1
0
1
0
0
1

0
1
2
1
15369
0
1
11
134217728
1000
1000
69
0
1
0
1
0
0
1
0
1
2
1
15376
0
0
9
134217728
4000
1000
1
0
1
0
0
1

0
1
4
4
15397
0
0
9
134217728
1000
500
1
0
1
0
0
1

0
1
4
4
15424
0
2
10
67108864
4000
1000
1
1
0
1
0
0
1

0
1
4
4
15428
0
2
10
67108864
4000
50
10
1
0
1
0
0
1

0
1
1
1
15445
0
1
11
67108864
1000
1000
95
0
1
0
1
0
0
1
0
1
4
2
15455
0
0
9
67108864
4000
250
1
0
1
0
0
1

0
1
2
1
15464
0
2
10
67108864
3000
500
10
1
0
1
0
0
1

0
1
8
8
15488
0
2
10
67108864
1000
50
1
1
0
1
0
0
1

0
1
4
4
15516
0
0
9
268435456
1000
250
1
0
1
0
0
1

0
1
1
1
15546
0
0
9
67108864
2000
100
1
0
1
0
0
1

0
1
4
2
15566
0
2
10
268435456
3000
500
5
1
0
1
0
0
1

0
1
8
2
15584
0
0
9
67108864
3000
50
1
0
1
0
0
1

0
1
1
1
15590
0
1
12
134217728
1000
1000
79
1
1
0
1
0
0
1
0
0
1
2
1
15612
0
0
9
134217728
3000
250
1
0
1
0
0
1

0
1
1
1
15617
0
1
12
268435456
3000
500
96
1
1
0
1
0
0
1
0
0
1
4
1
15631
0
0
9
268435456
2000
50
1
0
1
0
0
1

0
1
1
1
15660
0
2
10
268435456
2000
50
100
1
0
1
0
0
1

0
1
2
1
15663
0
0
9
67108864
4000
1000
1
0
1
0
0
1

0
1
4
1
15675
0
0
9
67108864
4000
500
1
0
1
0
0
1

0
1
4
2
15690
0
0
9
268435456
3000
100
1
0
1
0
0
1

0
1
4
2
15719
0
0
9
67108864
4000
500
1
0
1
0
0
1

0
1
4
1
15738
0
1
11
67108864
4000
250
16
0
1
0
1
0
0
1
0
1
2
1
15763
0
0
9
67108864
4000
100
1
0
1
0
0
1

0
1
8
1
15784
0
2
10
67108864
2000
50
100
1
0
1
0
0
1

0
1
1
1
15811
0
1
12
268435456
3000
250
40
1
1
0
1
0
0
1
0
0
1
1
1
15826
0
1
11
268435456
2000
100
18
0
1
0
1
0
0
1
0
1
2
1
15830
0
1
11
134217728
4000
250
40
0
1
0
1
0
0
1
0
1
8
8
15846
0
1
11
268435456
1000
500
82
0
1
0
1
0
0
1
0
1
4
2
15858
0
1
11
67108864
3000
100
90
0
1
0
1
0
0
1
0
1
1
1
15877
0
1
12
67108864
4000
250
25
1
1
0
1
0
0
1
0
0
1
4
4
15884
0
0
9
134217728
1000
1000
1
0
1
0
0
1

0
1
4
1
15904
0
0
9
268435456
3000
500
1
0
1
0
0
1

0
1
2
2
15934
0
1
12
67108864
1000
100
28
1
1
0
1
0
0
1
0
0
1
2
1
15937
0
2
10
67108864
2000
100
5
1
0
1
0
0
1

0
1
2
1
15948
0
1
11
134217728
1000
100
65
0
1
0
1
0
0
1
0
1
1
1
15978
0
2
10
268435456
1000
500
1000
1
0
1
0
0
1

0
1
8
4
15979
0
1
11
268435456
3000
100
33
0
1
0
1
0
0
1
0
1
4
2
16000
0
2
10
134217728
2000
1000
100
1
0
1
0
0
1

0
1
2
1
16015
0
0
9
134217728
1000
50
1
0
1
0
0
1

0
1
1
1
16039
0
2
10
268435456
2000
50
10
1
0
1
0
0
1

0
1
8
1
16044
0
0
9
268435456
2000
100
1
0
1
0
0
1

0
1
1
1
16070
0
2
10
268435456
2000
500
10
1
0
1
0
0
1

0
1
2
1
16086
0
0
9
134217728
1000
50
1
0
1
0
0
1

0
1
2
1
16097
0
1
12
268435456
2000
250
74
1
1
0
1
0
0
1
0
0
1
4
2
16110
0
2
10
67108864
4000
100
1
1
0
1
0
0
1

0
1
2
2
16132
0
0
9
268435456
2000
250
1
0
1
0
0
1

0
1
2
2
16147
0
0
9
134217728
3000
100
1
0
1
0
0
1

0
1
2
1
16156
0
2
10
67108864
4000
100
100
1
0
1
0
0
1

0
1
2
1
16182
0
1
12
268435456
2000
250
50
1
1
0
1
0
0
1
0
0
1
4
1
16194
0
1
11
134217728
2000
1000
43
0
1
0
1
0
0
1
0
1
4
2
16199
0
2
10
268435456
1000
500
10
1
0
1
0
0
1

0
1
1
1
16208
0
0
9
134217728
2000
250
1
0
1
0
0
1

0
1
4
2
16212
0
1
11
134217728
1000
250
64
0
1
0
1
0
0
1
0
1
8
1
16227
0
1
12
67108864
1000
250
9
1
1
0
1
0
0
1
0
0
1
4
2
16239
0
2
10
67108864
4000
500
1000
1
0
1
0
0
1

0
1
1
1
16263
0
0
9
268435456
2000
500
1
0
1
0
0
1

0
1
4
1
16264
0
0
9
67108864
1000
50
1
0
1
0
0
1

0
1
8
4
16290
0
0
9
134217728
4000
1000
1
0
1
0
0
1

0
1
1
1
16294
0
0
9
67108864
3000
50
1
0
1
0
0
1

0
1
1
1
16309
0
1
11
67108864
1000
500
58
0
1
0
1
0
0
1
0
1
4
1
16322
0
2
10
268435456
3000
50
100
1
0
1
0
0
1

0
1
1
1
16328
0
1
11
67108864
2000
250
5
0
1
0
1
0
0
1
0
1
1
1
16332
0
0
9
67108864
4000
250
1
0
1
0
0
1

0
1
2
1
16353
0
2
10
268435456
3000
100
100
1
0
1
0
0
1

0
1
1
1
16362
0
0
9
268435456
2000
500
1
0
1
0
0
1

0
1
8
4
16384
0
0
9
134217728
2000
100
1
0
1
0
0
1

0
1
8
1
16392
0
2
10
268435456
1000
250
100
1
0
1
0
0
1

0
1
2
1
16405
0
2
10
67108864
1000
250
100
1
0
1
0
0
1

0
1
1
1
16418
0
1
11
134217728
2000
1000
72
0
1
0
1
0
0
1
0
1
4
1
16429
0
1
11
268435456
2000
250
66
0
1
0
1
0
0
1
0
1
2
1
16440
0
0
9
134217728
2000
500
1
0
1
0
0
1

0
1
4
2
16447
0
1
12
67108864
4000
250
33
1
1
0
1
0
0
1
0
0
1
8
8
16469
0
2
10
134217728
4000
500
100
1
0
1
0
0
1

0
1
2
2
16488
0
1
12
268435456
2000
500
12
1
1
0
1
0
0
1
0
0
1
2
2
16508
0
0
9
67108864
3000
50
1
0
1
0
0
1

0
1
2
1
16533
0
0
9
67108864
3000
50
1
0
1
0
0
1

0
1
1
1
16556
0
1
12
134217728
2000
50
61
1
1
0
1
0
0
1
0
0
1
1
1
16568
0
0
9
268435456
3000
50
1
0
1
0
0
1

0
1
8
8
16582
0
2
10
268435456
3000
500
100
1
0
1
0
0
1

0
1
8
1
16592
0
2
10
67108864
4000
500
10
1
0
1
0
0
1

0
1
8
8
16610
0
2
10
67108864
2000
500
10
1
0
1
0
0
1

0
1
1
1
16620
0
2
10
134217728
1000
50
1
1
0
1
0
0
1

0
1
1
1
16642
0
2
10
134217728
4000
250
5
1
0
1
0
0
1

0
1
8
2
16672
0
0
9
134217728
4000
100
1
0
1
0
0
1

0
1
1
1
16679
0
2
10
268435456
1000
500
1
1
0
1
0
0
1

0
1
4
2
16704
0
2
10
134217728
1000
1000
10
1
0
1
0
0
1

0
1
2
1
16734
0
1
11
268435456
2000
250
14
0
1
0
1
0
0
1
0
1
2
1
16750
0
1
11
268435456
3000
500
13
0
1
0
1
0
0
1
0
1
2
1
16764
0
1
11
268435456
3000
100
31
0
1
0
1
0
0
1
0
1
1
1
16789
0
1
12
134217728
3000
250
74
1
1
0
1
0
0
1
0
0
1
2
1
16810
0
0
9
268435456
1000
500
1
0
1
0
0
1

0
1
2
2
16833
0
2
10
67108864
1000
1000
5
1
0
1
0
0
1

0
1
1
1
16862
0
1
11
268435456
1000
500
52
0
1
0
1
0
0
1
0
1
2
1
16886
0
0
9
67108864
4000
250
1
0
1
0
0
1

0
1
4
2
16894
0
2
10
134217728
4000
50
100
1
0
1
0
0
1

0
1
8
1
16908
0
1
12
268435456
1000
500
68
1
1
0
1
0
0
1
0
0
1
8
1
16921
0
2
10
268435456
1000
100
100
1
0
1
0
0
1

0
1
4
1
16922
0
1
11
67108864
2000
100
55
0
1
0
1
0
0
1
0
1
4
2
16923
0
2
10
67108864
3000
50
100
1
0
1
0
0
1

0
1
2
1
16929
0
0
9
67108864
1000
50
1
0
1
0
0
1

0
1
1
1
16937
0
2
10
67108864
3000
250
1
1
0
1
0
0
1

0
1
8
4
16940
0
1
12
67108864
4000
500
15
1
1
0
1
0
0
1
0
0
1
1
1
16958
0
1
12
67108864
4000
500
66
1
1
0
1
0
0
1
0
0
1
1
1
16961
0
0
9
268435456
2000
50
1
0
1
0
0
1

0
1
2
1
16991
0
1
11
67108864
4000
250
26
0
1
0
1
0
0
1
0
1
2
1
16992
0
1
12
67108864
1000
250
84
1
1
0
1
0
0
1
0
0
1
2
1
17005
0
1
12
134217728
4000
1000
45
1
1
0
1
0
0
1
0
0
1
2
1
17019
0
2
10
268435456
3000
500
10
1
0
1
0
0
1

0
1
2
1
17020
0
1
11
268435456
2000
500
56
0
1
0
1
0
0
1
0
1
4
4
17046
0
2
10
268435456
3000
50
10
1
0
1
0
0
1

0
1
2
1
17075
0
1
11
67108864
2000
50
88
0
1
0
1
0
0
1
0
1
1
1
17085
0
0
9
134217728
2000
1000
1
0
1
0
0
1

0
1
1
1
17097
0
2
10
67108864
2000
1000
10
1
0
1
0
0
1

0
1
4
2
17117
0
2
10
134217728
4000
500
10
1
0
1
0
0
1

0
1
8
8
17139
0
1
12
67108864
3000
1000
33
1
1
0
1
0
0
1
0
0
1
4
2
17143
0
2
10
268435456
2000
500
10
1
0
1
0
0
1

0
1
2
1
17144
0
1
12
268435456
3000
500
65
1
1
0
1
0
0
1
0
0
1
8
4
17145
0
0
9
134217728
2000
500
1
0
1
0
0
1

0
1
2
1
17152
0
2
10
268435456
3000
100
10
1
0
1
0
0
1

0
1
8
2
17182
0
0
9
67108864
1000
500
1
0
1
0
0
1

0
1
4
2
17197
0
2
10
268435456
3000
500
100
1
0
1
0
0
1

0
1
1
1
17204
0
1
12
134217728
3000
1000
60
1
1
0
1
0
0
1
0
0
1
1
1
17211
0
0
9
67108864
2000
500
1
0
1
0
0
1

0
1
2
1
17225
0
1
11
67108864
1000
50
91
0
1
0
1
0
0
1
0
1
1
1
17235
0
2
10
268435456
3000
500
1
1
0
1
0
0
1

0
1
4
2
17236
0
2
10
134217728
2000
1000
10
1
0
1
0
0
1

0
1
8
2
17246
0
0
9
67108864
2000
250
1
0
1
0
0
1

0
1
8
1
17251
0
2
10
268435456
3000
50
5
1
0
1
0
0
1

0
1
2
1
17269
0
2
10
67108864
2000
50
10
1
0
1
0
0
1

0
1
4
2
17288
0
1
11
67108864
3000
50
21
0
1
0
1
0
0
1
0
1
1
1
17314
0
0
9
67108864
2000
250
1
0
1
0
0
1

0
1
1
1
17336
0
1
12
134217728
2000
1000
62
1
1
0
1
0
0
1
0
0
1
4
1
17354
0
1
11
134217728
2000
250
84
0
1
0
1
0
0
1
0
1
8
1
17381
0
1
12
268435456
1000
50
38
1
1
0
1
0
0
1
0
0
1
2
2
17411
0
2
10
134217728
1000
100
1000
1
0
1
0
0
1

0
1
8
8
17440
0
2
10
134217728
1000
250
1
1
0
1
0
0
1

0
1
8
8
17464
0
1
12
67108864
3000
100
70
1
1
0
1
0
0
1
0
0
1
4
2
17486
0
0
9
268435456
2000
500
1
0
1
0
0
1

0
1
8
8
17492
0
0
9
268435456
1000
500
1
0
1
0
0
1

0
1
8
2
17521
0
0
9
268435456
3000
100
1
0
1
0
0
1

0
1
4
1
17546
0
1
11
134217728
4000
1000
2
0
1
0
1
0
0
1
0
1
8
2
17564
0
2
10
67108864
1000
100
100
1
0
1
0
0
1

0
1
2
1
17567
0
0
9
268435456
3000
100
1
0
1
0
0
1

0
1
2
1
17585
0
2
10
67108864
1000
1000
1
1
0
1
0
0
1

0
1
8
4
17586
0
0
9
67108864
4000
50
1
0
1
0
0
1

0
1
8
4
17597
0
0
9
134217728
2000
250
1
0
1
0
0
1

0
1
8
1
17613
0
1
11
134217728
1000
250
20
0
1
0
1
0
0
1
0
1
1
1
17630
0
2
10
268435456
3000
500
5
1
0
1
0
0
1

0
1
2
2
17651
0
1
12
67108864
4000
100
67
1
1
0
1
0
0
1
0
0
1
4
2
17657
0
2
10
268435456
1000
100
5
1
0
1
0
0
1

0
1
2
2
17661
0
0
9
134217728
4000
500
1
0
1
0
0
1

0
1
8
2
17688
0
2
10
134217728
3000
1000
1000
1
0
1
0
0
1

0
1
4
2
17693
0
2
10
134217728
4000
1000
1
1
0
1
0
0
1

0
1
8
2
17694
0
2
10
134217728
2000
100
1000
1
0
1
0
0
1

0
1
4
2
17715
0
0
9
134217728
4000
100
1
0
1
0
0
1

0
1
2
1
17723
0
0
9
268435456
2000
100
1
0
1
0
0
1

0
1
1
1
17727
0
1
12
268435456
1000
100
17
1
1
0
1
0
0
1
0
0
1
1
1
17737
0
1
12
268435456
3000
250
61
1
1
0
1
0
0
1
0
0
1
4
2
17749
0
1
12
67108864
2000
500
50
1
1
0
1
0
0
1
0
0
1
2
1
17763
0
1
11
134217728
2000
500
97
0
1
0
1
0
0
1
0
1
4
1
17768
0
1
12
268435456
3000
250
58
1
1
0
1
0
0
1
0
0
1
2
1
17781
0
1
12
67108864
3000
1000
91
1
1
0
1
0
0
1
0
0
1
1
1
17795
0
1
11
67108864
4000
100
10
0
1
0
1
0
0
1
0
1
8
8
17805
0
2
10
134217728
4000
100
10
1
0
1
0
0
1

0
1
4
1
17832
0
0
9
268435456
3000
250
1
0
1
0
0
1

0
1
1
1
17844
0
1
12
67108864
2000
500
4
1
1
0
1
0
0
1
0
0
1
8
4
17862
0
1
12
134217728
3000
1000
11
1
1
0
1
0
0
1
0
0
1
1
1
17886
0
1
12
67108864
2000
250
92
1
1
0
1
0
0
1
0
0
1
4
4
17892
0
2
10
268435456
2000
500
5
1
0
1
0
0
1

0
1
2
1
17898
0
2
10
134217728
4000
250
100
1
0
1
0
0
1

0
1
2
1
17922
0
0
9
67108864
3000
250
1
0
1
0
0
1

0
1
8
4
17923
0
1
12
67108864
3000
500
54
1
1
0
1
0
0
1
0
0
1
8
1
17941
0
2
10
134217728
4000
500
1
1
0
1
0
0
1

0
1
8
1
17967
0
0
9
134217728
4000
100
1
0
1
0
0
1

0
1
4
2
17995
0
0
9
67108864
4000
1000
1
0
1
0
0
1

0
1
4
2
18018
0
1
12
67108864
1000
50
41
1
1
0
1
0
0
1
0
0
1
1
1
18019
0
1
11
67108864
2000
250
91
0
1
0
1
0
0
1
0
1
1
1
18029
0
2
10
67108864
2000
500
10
1
0
1
0
0
1

0
1
4
4
18056
0
0
9
268435456
1000
50
1
0
1
0
0
1

0
1
1
1
18071
0
0
9
67108864
1000
100
1
0
1
0
0
1

0
1
1
1
18081
0
2
10
67108864
2000
50
100
1
0
1
0
0
1

0
1
4
2
18103
0
2
10
67108864
4000
50
10
1
0
1
0
0
1

0
1
4
1
18120
0
2
10
134217728
1000
100
100
1
0
1
0
0
1

0
1
1
1
18138
0
2
10
67108864
3000
250
5
1
0
1
0
0
1

0
1
4
2
18157
0
2
10
67108864
2000
500
1000
1
0
1
0
0
1

0
1
8
2
18171
0
2
10
134217728
3000
250
10
1
0
1
0
0
1

0
1
8
4
18198
0
0
9
67108864
3000
500
1
0
1
0
0
1

0
1
1
1
18199
0
1
11
67108864
1000
1000
14
0
1
0
1
0
0
1
0
1
8
4
18214
0
1
12
134217728
3000
1000
37
1
1
0
1
0
0
1
0
0
1
8
4
18243
0
0
9
67108864
3000
1000
1
0
1
0
0
1

0
1
1
1
18263
0
1
12
134217728
4000
500
80
1
1
0
1
0
0
1
0
0
1
4
1
18292
0
2
10
67108864
2000
1000
1000
1
0
1
0
0
1

0
1
2
1
18313
0
1
12
268435456
3000
100
13
1
1
0
1
0
0
1
0
0
1
8
2
18342
0
1
12
134217728
1000
50
33
1
1
0
1
0
0
1
0
0
1
2
1
18358
0
2
10
134217728
3000
50
100
1
0
1
0
0
1

0
1
4
2
18370
0
2
10
268435456
2000
500
1
1
0
1
0
0
1

0
1
8
1
18383
0
2
10
134217728
2000
500
10
1
0
1
0
0
1

0
1
4
2
18411
0
0
9
67108864
3000
1000
1
0
1
0
0
1

0
1
4
2
18412
0
2
10
134217728
1000
1000
1000
1
0
1
0
0
1

0
1
8
2
18433
0
0
9
268435456
3000
50
1
0
1
0
0
1

0
1
4
2
18455
0
2
10
268435456
3000
50
1000
1
0
1
0
0
1

0
1
2
1
18470
0
2
10
134217728
2000
100
1
1
0
1
0
0
1

0
1
4
1
18476
0
2
10
268435456
3000
500
5
1
0
1
0
0
1

0
1
2
1
18483
0
0
9
67108864
3000
100
1
0
1
0
0
1

0
1
1
1
18487
0
0
9
134217728
1000
500
1
0
1
0
0
1

0
1
2
1
18488
0
2
10
268435456
2000
250
100
1
0
1
0
0
1

0
1
8
2
18504
0
0
9
67108864
2000
250
1
0
1
0
0
1

0
1
8
1
18530
0
2
10
67108864
2000
500
5
1
0
1
0
0
1

0
1
4
2
18552
0
0
9
268435456
1000
100
1
0
1
0
0
1

0
1
4
4
18557
0
1
12
134217728
2000
50
11
1
1
0
1
0
0
1
0
0
1
8
1
18571
0
0
9
67108864
4000
500
1
0
1
0
0
1

0
1
4
2
18584
0
1
11
268435456
3000
500
55
0
1
0
1
0
0
1
0
1
4
2
18585
0
0
9
67108864
3000
1000
1
0
1
0
0
1

0
1
4
2
18596
0
0
9
134217728
1000
250
1
0
1
0
0
1

0
1
8
1
18612
0
0
9
268435456
3000
100
1
0
1
0
0
1

0
1
8
1
18639
0
2
10
268435456
3000
50
5
1
0
1
0
0
1

0
1
2
1
18668
0
1
11
67108864
1000
500
67
0
1
0
1
0
0
1
0
1
4
1
18686
0
1
11
67108864
3000
1000
40
0
1
0
1
0
0
1
0
1
4
4
18697
0
0
9
134217728
3000
500
1
0
1
0
0
1

0
1
8
1
18701
0
2
10
134217728
2000
500
5
1
0
1
0
0
1

0
1
1
1
18725
0
0
9
134217728
1000
1000
1
0
1
0
0
1

0
1
8
4
18731
0
1
11
67108864
4000
50
84
0
1
0
1
0
0
1
0
1
8
1
18747
0
1
11
268435456
3000
50
50
0
1
0
1
0
0
1
0
1
2
1
18761
0
1
11
67108864
1000
500
7
0
1
0
1
0
0
1
0
1
1
1
18781
0
0
9
134217728
1000
100
1
0
1
0
0
1

0
1
4
2
18795
0
0
9
67108864
3000
500
1
0
1
0
0
1

0
1
1
1
18812
0
2
10
67108864
4000
500
5
1
0
1
0
0
1

0
1
2
1
18840
0
1
12
67108864
3000
1000
76
1
1
0
1
0
0
1
0
0
1
2
2
18870
0
0
9
268435456
2000
100
1
0
1
0
0
1

0
1
8
1
18886
0
2
10
67108864
4000
250
10
1
0
1
0
0
1

0
1
1
1
18901
0
2
10
134217728
3000
500
1000
1
0
1
0
0
1

0
1
8
8
18906
0
2
10
268435456
3000
50
1
1
0
1
0
0
1

0
1
8
4
18930
0
2
10
134217728
3000
1000
10
1
0
1
0
0
1

0
1
2
2
18942
0
0
9
134217728
3000
50
1
0
1
0
0
1

0
1
2
1
18967
0
0
9
134217728
2000
50
1
0
1
0
0
1

0
1
2
1
18986
0
1
11
67108864
4000
50
9
0
1
0
1
0
0
1
0
1
2
1
18992
0
2
10
268435456
2000
100
10
1
0
1
0
0
1

0
1
2
1
19019
0
1
11
268435456
2000
500
73
0
1
0
1
0
0
1
0
1
1
1
19041
0
0
9
134217728
4000
250
1
0
1
0
0
1

0
1
8
4
19062
0
0
9
67108864
4000
50
1
0
1
0
0
1

0
1
1
1
19090
0
2
10
67108864
4000
500
1
1
0
1
0
0
1

0
1
2
1
19102
0
1
12
67108864
1000
1000
61
1
1
0
1
0
0
1
0
0
1
4
1
19112
0
1
11
134217728
3000
500
55
0
1
0
1
0
0
1
0
1
8
2
19118
0
2
10
67108864
3000
250
10
1
0
1
0
0
1

0
1
2
2
19146
0
0
9
134217728
3000
1000
1
0
1
0
0
1

0
1
1
1
19170
0
2
10
134217728
4000
50
1000
1
0
1
0
0
1

0
1
8
8
19193
0
0
9
268435456
2000
500
1
0
1
0
0
1

0
1
4
4
19220
0
2
10
268435456
1000
50
100
1
0
1
0
0
1

0
1
8
1
19228
0
0
9
268435456
2000
250
1
0
1
0
0
1

0
1
8
4
19244
0
2
10
268435456
2000
500
5
1
0
1
0
0
1

0
1
2
1
19263
0
2
10
67108864
3000
50
100
1
0
1
0
0
1

0
1
2
2
19284
0
2
10
268435456
1000
500
1
1
0
1
0
0
1

0
1
1
1
19299
0
2
10
268435456
3000
500
1
1
0
1
0
0
1

0
1
8
4
19323
0
1
11
268435456
2000
500
66
0
1
0
1
0
0
1
0
1
8
4
19324
0
2
10
268435456
2000
500
100
1
0
1
0
0
1

0
1
4
2
19340
0
0
9
268435456
2000
50
1
0
1
0
0
1

0
1
1
1
19366
0
1
11
134217728
3000
100
52
0
1
0
1
0
0
1
0
1
2
1
19371
0
1
12
134217728
2000
500
8
1
1
0
1
0
0
1
0
0
1
1
1
19394
0
0
9
134217728
3000
1000
1
0
1
0
0
1

0
1
8
1
19424
0
0
9
134217728
3000
100
1
0
1
0
0
1

0
1
8
4
19444
0
0
9
134217728
3000
250
1
0
1
0
0
1

0
1
2
1
19456
0
0
9
268435456
1000
100
1
0
1
0
0
1

0
1
4
2
19469
0
1
11
67108864
4000
1000
92
0
1
0
1
0
0
1
0
1
4
4
19499
0
0
9
134217728
4000
50
1
0
1
0
0
1

0
1
8
2
19504
0
0
9
134217728
3000
50
1
0
1
0
0
1

0
1
4
1
19508
0
0
9
268435456
3000
500
1
0
1
0
0
1

0
1
4
4
19533
0
1
11
67108864
1000
500
40
0
1
0
1
0
0
1
0
1
4
2
19537
0
1
11
67108864
3000
250
98
0
1
0
1
0
0
1
0
1
8
4
19559
0
0
9
268435456
2000
500
1
0
1
0
0
1

0
1
1
1
19568
0
1
11
134217728
2000
500
66
0
1
0
1
0
0
1
0
1
2
1
19584
0
0
9
134217728
1000
250
1
0
1
0
0
1

0
1
1
1
19605
0
0
9
268435456
3000
500
1
0
1
0
0
1

0
1
4
1
19622
0
2
10
268435456
3000
250
10
1
0
1
0
0
1

0
1
1
1
19638
0
2
10
67108864
4000
100
1
1
0
1
0
0
1

0
1
1
1
19667
0
2
10
268435456
2000
500
10
1
0
1
0
0
1

0
1
1
1
19682
0
1
12
67108864
3000
50
66
1
1
0
1
0
0
1
0
0
1
8
2
19689
0
2
10
268435456
3000
50
100
1
0
1
0
0
1

0
1
8
4
19711
0
0
9
268435456
3000
50
1
0
1
0
0
1

0
1
2
1
19738
0
1
11
268435456
3000
500
6
0
1
0
1
0
0
1
0
1
8
4
19752
0
2
10
134217728
2000
500
5
1
0
1
0
0
1

0
1
2
2
19766
0
0
9
134217728
2000
100
1
0
1
0
0
1

0
1
1
1
19774
0
2
10
67108864
3000
100
1
1
0
1
0
0
1

0
1
4
1
19804
0
2
10
67108864
3000
1000
100
1
0
1
0
0
1

0
1
8
1
19813
0
0
9
67108864
4000
500
1
0
1
0
0
1

0
1
1
1
19819
0
2
10
134217728
2000
1000
5
1
0
1
0
0
1

0
1
1
1
19820
0
0
9
268435456
3000
250
1
0
1
0
0
1

0
1
2
1
19842
0
2
10
268435456
2000
250
5
1
0
1
0
0
1

0
1
4
2
19846
0
0
9
134217728
3000
1000
1
0
1
0
0
1

0
1
8
4
19875
0
2
10
134217728
3000
1000
1000
1
0
1
0
0
1

0
1
4
1
19881
0
1
11
134217728
3000
50
88
0
1
0
1
0
0
1
0
1
1
1
19891
0
1
11
67108864
4000
100
91
0
1
0
1
0
0
1
0
1
1
1
19902
0
2
10
134217728
3000
1000
1
1
0
1
0
0
1

0
1
8
4
19931
0
0
9
67108864
3000
500
1
0
1
0
0
1

0
1
2
1
19946
0
0
9
268435456
3000
50
1
0
1
0
0
1

0
1
2
1
19975
0
0
9
268435456
2000
250
1
0
1
0
0
1

0
1
8
1
19995
0
2
10
134217728
3000
500
100
1
0
1
0
0
1

0
1
4
1
20009
0
1
12
67108864
3000
50
52
1
1
0
1
0
0
1
0
0
1
8
8
20020
0
2
10
268435456
1000
500
5
1
0
1
0
0
1

0
1
4
1
20046
0
2
10
67108864
3000
100
10
1
0
1
0
0
1

0
1
8
4
20075
0
1
12
134217728
1000
50
51
1
1
0
1
0
0
1
0
0
1
8
8
20103
0
2
10
67108864
4000
500
1000
1
0
1
0
0
1

0
1
1
1
20107
0
0
9
134217728
4000
250
1
0
1
0
0
1

0
1
8
1
20117
0
1
12
134217728
4000
250
79
1
1
0
1
0
0
1
0
0
1
4
4
20134
0
2
10
134217728
1000
250
5
1
0
1
0
0
1

0
1
1
1
20152
0
2
10
134217728
2000
1000
1
1
0
1
0
0
1

0
1
2
1
20182
0
0
9
67108864
4000
50
1
0
1
0
0
1

0
1
4
2
20203
0
1
11
268435456
2000
50
88
0
1
0
1
0
0
1
0
1
1
1
20233
0
2
10
67108864
4000
500
1
1
0
1
0
0
1

0
1
1
1
20256
0
1
12
268435456
3000
50
17
1
1
0
1
0
0
1
0
0
1
8
4
20275
0
1
12
67108864
1000
50
73
1
1
0
1
0
0
1
0
0
1
4
1
20294
0
0
9
67108864
4000
50
1
0
1
0
0
1

0
1
4
2
20305
0
2
10
67108864
1000
500
1
1
0
1
0
0
1

0
1
8
4
20318
0
0
9
67108864
2000
1000
1
0
1
0
0
1

0
1
2
2
20338
0
2
10
134217728
1000
1000
1
1
0
1
0
0
1

0
1
4
2
20339
0
0
9
268435456
3000
250
1
0
1
0
0
1

0
1
8
4
20345
0
1
12
67108864
1000
100
29
1
1
0
1
0
0
1
0
0
1
1
1
20370
0
2
10
268435456
2000
500
5
1
0
1
0
0
1

0
1
1
1
20379
0
1
12
134217728
4000
250
57
1
1
0
1
0
0
1
0
0
1
2
1
20380
0
1
12
67108864
4000
500
53
1
1
0
1
0
0
1
0
0
1
8
1
20394
0
1
12
268435456
1000
500
6
1
1
0
1
0
0
1
0
0
1
2
1
20413
0
0
9
67108864
4000
50
1
0
1
0
0
1

0
1
2
1
20416
0
2
10
67108864
4000
500
1000
1
0
1
0
0
1

0
1
8
8
20427
0
1
12
67108864
1000
100
49
1
1
0
1
0
0
1
0
0
1
4
1
20448
0
1
12
134217728
2000
500
62
1
1
0
1
0
0
1
0
0
1
8
1
20466
0
0
9
268435456
1000
100
1
0
1
0
0
1

0
1
8
8
20479
0
2
10
134217728
4000
500
5
1
0
1
0
0
1

0
1
2
1
20507
0
1
11
134217728
1000
100
2
0
1
0
1
0
0
1
0
1
4
4
20526
0
2
10
134217728
4000
500
10
1
0
1
0
0
1

0
1
8
1
20539
0
1
12
134217728
4000
100
76
1
1
0
1
0
0
1
0
0
1
8
2
20546
0
0
9
134217728
4000
50
1
0
1
0
0
1

0
1
1
1
20547
0
0
9
134217728
4000
100
1
0
1
0
0
1

0
1
2
1
20559
0
0
9
67108864
4000
500
1
0
1
0
0
1

0
1
8
4
20583
0
2
10
134217728
1000
250
1
1
0
1
0
0
1

0
1
1
1
20608
0
2
10
67108864
1000
100
5
1
0
1
0
0
1

0
1
4
1
20630
0
1
11
268435456
3000
500
99
0
1
0
1
0
0
1
0
1
8
8
20648
0
1
12
268435456
3000
500
82
1
1
0
1
0
0
1
0
0
1
4
4
20676
0
1
11
67108864
3000
500
83
0
1
0
1
0
0
1
0
1
1
1
20696
0
0
9
134217728
2000
1000
1
0
1
0
0
1

0
1
8
4
20716
0
0
9
67108864
1000
1000
1
0
1
0
0
1

0
1
2
1
20745
0
2
10
134217728
4000
50
100
1
0
1
0
0
1

0
1
4
2
20756
0
0
9
268435456
2000
50
1
0
1
0
0
1

0
1
1
1
20786
0
2
10
67108864
3000
500
1000
1
0
1
0
0
1

0
1
4
4
20809
0
0
9
134217728
2000
500
1
0
1
0
0
1

0
1
2
1
20838
0
1
11
67108864
3000
50
23
0
1
0
1
0
0
1
0
1
1
1
20859
0
0
9
268435456
1000
100
1
0
1
0
0
1

0
1
4
4
20864
0
1
12
268435456
1000
500
77
1
1
0
1
0
0
1
0
0
1
1
1
20887
0
1
11
268435456
3000
500
8
0
1
0
1
0
0
1
0
1
1
1
20898
0
2
10
268435456
3000
100
1
1
0
1
0
0
1

0
1
4
2
20912
0
2
10
67108864
4000
100
5
1
0
1
0
0
1

0
1
8
2
20924
0
2
10
134217728
2000
100
10
1
0
1
0
0
1

0
1
4
1
20940
0
2
10
134217728
3000
500
1
1
0
1
0
0
1

0
1
1
1
20945
0
0
9
134217728
3000
500
1
0
1
0
0
1

0
1
2
1
20973
0
2
10
67108864
2000
50
100
1
0
1
0
0
1

0
1
8
2
20998
0
1
11
134217728
4000
50
3
0
1
0
1
0
0
1
0
1
2
1
21003
0
1
12
134217728
4000
1000
62
1
1
0
1
0
0
1
0
0
1
1
1
21010
0
2
10
268435456
3000
50
100
1
0
1
0
0
1

0
1
1
1
21025
0
0
9
268435456
3000
250
1
0
1
0
0
1

0
1
2
2
21038
0
0
9
268435456
3000
500
1
0
1
0
0
1

0
1
1
1
21050
0
0
9
268435456
1000
50
1
0
1
0
0
1

0
1
2
1
21071
0
0
9
67108864
2000
500
1
0
1
0
0
1

0
1
1
1
21091
0
0
9
67108864
4000
250
1
0
1
0
0
1

0
1
1
1
21112
0
0
9
134217728
3000
100
1
0
1
0
0
1

0
1
2
1
21121
0
1
12
268435456
3000
100
97
1
1
0
1
0
0
1
0
0
1
8
8
21131
0
1
12
134217728
2000
1000
20
1
1
0
1
0
0
1
0
0
1
2
1
21136
0
0
9
268435456
3000
250
1
0
1
0
0
1

0
1
1
1
21163
0
0
9
268435456
3000
50
1
0
1
0
0
1

0
1
8
2
21178
0
0
9
268435456
2000
500
1
0
1
0
0
1

0
1
8
1
21204
0
1
12
134217728
4000
250
53
1
1
0
1
0
0
1
0
0
1
8
4
21211
0
0
9
67108864
3000
250
1
0
1
0
0
1

0
1
8
2
21238
0
0
9
67108864
1000
1000
1
0
1
0
0
1

0
1
1
1
21260
0
0
9
268435456
3000
50
1
0
1
0
0
1

0
1
2
1
21267
0
1
12
67108864
3000
250
95
1
1
0
1
0
0
1
0
0
1
2
1
21281
0
0
9
67108864
4000
100
1
0
1
0
0
1

0
1
2
1
21304
0
1
12
67108864
1000
500
92
1
1
0
1
0
0
1
0
0
1
4
2
21318
0
0
9
67108864
3000
1000
1
0
1
0
0
1

0
1
4
2
21325
0
0
9
268435456
3000
100
1
0
1
0
0
1

0
1
1
1
21344
0
1
11
134217728
4000
500
2
0
1
0
1
0
0
1
0
1
1
1
21369
0
0
9
67108864
4000
100
1
0
1
0
0
1

0
1
1
1
21397
0
1
11
134217728
4000
500
15
0
1
0
1
0
0
1
0
1
2
1
21426
0
0
9
268435456
3000
250
1
0
1
0
0
1

0
1
1
1
21430
0
1
12
134217728
3000
100
45
1
1
0
1
0
0
1
0
0
1
1
1
21437
0
1
12
268435456
1000
500
27
1
1
0
1
0
0
1
0
0
1
2
1
21447
0
0
9
134217728
3000
500
1
0
1
0
0
1

0
1
4
2
21464
0
0
9
134217728
2000
250
1
0
1
0
0
1

0
1
4
1
21470
0
0
9
134217728
2000
250
1
0
1
0
0
1

0
1
8
8
21471
0
0
9
67108864
3000
100
1
0
1
0
0
1

0
1
8
8
21499
0
0
9
67108864
4000
1000
1
0
1
0
0
1

0
1
4
2
21514
0
1
12
134217728
1000
1000
9
1
1
0
1
0
0
1
0
0
1
8
2
21526
0
1
12
134217728
3000
500
90
1
1
0
1
0
0
1
0
0
1
1
1
21547
0
1
11
67108864
4000
500
77
0
1
0
1
0
0
1
0
1
2
2
21577
0
0
9
268435456
1000
500
1
0
1
0
0
1

0
1
2
2
21585
0
1
11
67108864
4000
250
22
0
1
0
1
0
0
1
0
1
8
2
21591
0
0
9
268435456
1000
500
1
0
1
0
0
1

0
1
4
2
21616
0
1
11
134217728
3000
500
89
0
1
0
1
0
0
1
0
1
8
4
21643
0
1
11
67108864
2000
100
86
0
1
0
1
0
0
1
0
1
4
1
21665
0
0
9
268435456
3000
50
1
0
1
0
0
1

0
1
4
2
21678
0
0
9
134217728
4000
250
1
0
1
0
0
1

0
1
1
1
21692
0
1
11
268435456
2000
500
82
0
1
0
1
0
0
1
0
1
4
1
21701
0
1
11
134217728
1000
100
12
0
1
0
1
0
0
1
0
1
1
1
21708
0
1
11
67108864
1000
1000
52
0
1
0
1
0
0
1
0
1
2
1
21710
0
0
9
268435456
1000
50
1
0
1
0
0
1

0
1
1
1
21735
0
1
12
67108864
1000
500
4
1
1
0
1
0
0
1
0
0
1
2
1
21749
0
1
11
268435456
2000
250
14
0
1
0
1
0
0
1
0
1
1
1
21779
0
0
9
268435456
3000
250
1
0
1
0
0
1

0
1
4
4
21789
0
1
11
268435456
3000
100
43
0
1
0
1
0
0
1
0
1
2
2
21790
0
1
11
268435456
3000
500
49
0
1
0
1
0
0
1
0
1
4
1
21809
0
1
12
134217728
4000
100
40
1
1
0
1
0
0
1
0
0
1
4
2
21816
0
1
12
134217728
1000
500
73
1
1
0
1
0
0
1
0
0
1
8
4
21832
0
1
12
268435456
3000
500
46
1
1
0
1
0
0
1
0
0
1
2
1
21859
0
1
11
134217728
2000
1000
57
0
1
0
1
0
0
1
0
1
1
1
21880
0
0
9
134217728
4000
1000
1
0
1
0
0
1

0
1
2
1
21884
0
0
9
268435456
3000
250
1
0
1
0
0
1

0
1
4
4
21892
0
1
12
67108864
4000
500
73
1
1
0
1
0
0
1
0
0
1
2
1
21908
0
0
9
268435456
1000
100
1
0
1
0
0
1

0
1
8
1
21937
0
0
9
268435456
2000
50
1
0
1
0
0
1

0
1
2
1
21953
0
1
12
67108864
3000
500
26
1
1
0
1
0
0
1
0
0
1
4
4
21955
0
1
12
134217728
1000
1000
38
1
1
0
1
0
0
1
0
0
1
2
1
21960
0
0
9
67108864
2000
100
1
0
1
0
0
1

0
1
4
2
21981
0
1
12
268435456
3000
50
33
1
1
0
1
0
0
1
0
0
1
4
2
21986
0
1
11
67108864
3000
500
83
0
1
0
1
0
0
1
0
1
4
4
21997
0
1
12
134217728
2000
50
24
1
1
0
1
0
0
1
0
0
1
8
8
22004
0
0
9
67108864
1000
100
1
0
1
0
0
1

0
1
1
1
22024
0
1
12
134217728
2000
50
29
1
1
0
1
0
0
1
0
0
1
8
1
22036
0
1
11
268435456
3000
500
27
0
1
0
1
0
0
1
0
1
4
2
22043
0
1
11
134217728
4000
500
14
0
1
0
1
0
0
1
0
1
4
1
22057
0
0
9
134217728
4000
1000
1
0
1
0
0
1

0
1
1
1
22083
0
1
12
67108864
1000
100
41
1
1
0
1
0
0
1
0
0
1
8
4
22110
0
1
11
67108864
3000
250
78
0
1
0
1
0
0
1
0
1
4
2
22115
0
1
11
268435456
3000
100
78
0
1
0
1
0
0
1
0
1
4
4
22141
0
1
11
67108864
2000
100
28
0
1
0
1
0
0
1
0
1
2
1
22157
0
1
12
67108864
1000
1000
3
1
1
0
1
0
0
1
0
0
1
8
4
22180
0
0
9
67108864
3000
50
1
0
1
0
0
1

0
1
2
1
22205
0
0
9
67108864
2000
250
1
0
1
0
0
1

0
1
2
1
22223
0
0
9
67108864
4000
250
1
0
1
0
0
1

0
1
8
4
22251
0
1
11
134217728
2000
250
86
0
1
0
1
0
0
1
0
1
4
2
22265
0
0
9
268435456
1000
250
1
0
1
0
0
1

0
1
1
1
22266
0
1
11
268435456
3000
250
78
0
1
0
1
0
0
1
0
1
2
1
22290
0
0
9
268435456
3000
100
1
0
1
0
0
1

0
1
8
2
22303
0
1
11
134217728
3000
500
51
0
1
0
1
0
0
1
0
1
8
1
22330
0
1
12
134217728
2000
500
75
1
1
0
1
0
0
1
0
0
1
2
1
22353
0
1
12
67108864
4000
1000
27
1
1
0
1
0
0
1
0
0
1
8
4
22380
0
0
9
134217728
3000
1000
1
0
1
0
0
1

0
1
8
8
22381
0
0
9
67108864
1000
1000
1
0
1
0
0
1

0
1
2
1
22411
0
0
9
134217728
1000
250
1
0
1
0
0
1

0
1
1
1
22438
0
0
9
134217728
2000
1000
1
0
1
0
0
1

0
1
4
1
22454
0
0
9
268435456
1000
50
1
0
1
0
0
1

0
1
8
4
22456
0
0
9
67108864
4000
250
1
0
1
0
0
1

0
1
1
1
22480
0
1
11
134217728
1000
50
30
0
1
0
1
0
0
1
0
1
2
1
22493
0
0
9
268435456
3000
500
1
0
1
0
0
1

0
1
2
1
22499
0
1
11
134217728
4000
100
11
0
1
0
1
0
0
1
0
1
8
8
22528
0
0
9
268435456
1000
500
1
0
1
0
0
1

0
1
1
1
22556
0
0
9
268435456
3000
250
1
0
1
0
0
1

0
1
4
2
22585
0
0
9
268435456
3000
100
1
0
1
0
0
1

0
1
4
1
22592
0
0
9
67108864
2000
500
1
0
1
0
0
1

0
1
2
1
22596
0
0
9
67108864
3000
100
1
0
1
0
0
1

0
1
8
8
22612
0
1
12
268435456
1000
50
77
1
1
0
1
0
0
1
0
0
1
4
4
22624
0
1
12
268435456
3000
100
20
1
1
0
1
0
0
1
0
0
1
2
1
22630
0
1
11
268435456
3000
50
29
0
1
0
1
0
0
1
0
1
4
2
22633
0
0
9
268435456
3000
500
1
0
1
0
0
1

0
1
2
1
22634
0
0
9
268435456
3000
500
1
0
1
0
0
1

0
1
4
2
22636
0
0
9
268435456
1000
50
1
0
1
0
0
1

0
1
2
1
22649
0
0
9
268435456
1000
250
1
0
1
0
0
1

0
1
4
2
22678
0
1
11
134217728
4000
250
85
0
1
0
1
0
0
1
0
1
2
2
22684
0
1
11
67108864
1000
1000
7
0
1
0
1
0
0
1
0
1
8
8
22708
0
0
9
134217728
1000
100
1
0
1
0
0
1

0
1
4
1
22726
0
1
12
67108864
4000
50
11
1
1
0
1
0
0
1
0
0
1
2
1
22749
0
0
9
67108864
2000
250
1
0
1
0
0
1

0
1
4
4
22750
0
0
9
268435456
3000
500
1
0
1
0
0
1

0
1
2
2
22757
0
0
9
268435456
2000
500
1
0
1
0
0
1

0
1
4
1
22761
0
0
9
268435456
2000
100
1
0
1
0
0
1

0
1
4
1
22764
0
0
9
134217728
4000
500
1
0
1
0
0
1

0
1
4
4
22788
0
0
9
67108864
4000
250
1
0
1
0
0
1

0
1
8
8
22817
0
0
9
134217728
1000
50
1
0
1
0
0
1

0
1
4
1
22820
0
0
9
134217728
4000
250
1
0
1
0
0
1

0
1
2
1
22847
0
0
9
268435456
1000
250
1
0
1
0
0
1

0
1
2
1
22868
0
0
9
67108864
1000
100
1
0
1
0
0
1

0
1
1
1
22883
0
0
9
67108864
4000
500
1
0
1
0
0
1

0
1
4
4
22899
0
0
9
67108864
2000
100
1
0
1
0
0
1

0
1
1
1
22905
0
0
9
268435456
2000
50
1
0
1
0
0
1

0
1
8
1
22923
0
0
9
67108864
1000
250
1
0
1
0
0
1

0
1
2
2
22924
0
0
9
67108864
3000
100
1
0
1
0
0
1

0
1
8
4
22951
0
0
9
67108864
2000
100
1
0
1
0
0
1

0
1
4
2
22970
0
0
9
67108864
3000
50
1
0
1
0
0
1

