1500

0
1
1
1
1
0
2
10
67108864
3000
1000
10
1
0
1
0
0
1

0
1
4
2
31
0
2
10
134217728
3000
1000
10
1
0
1
0
0
1

0
1
4
4
39
0
1
11
67108864
4000
500
22
0
1
0
1
0
0
1
0
1
4
2
41
0
0
9
134217728
3000
500
1
0
1
0
0
1

0
1
1
1
66
0
0
9
67108864
1000
1000
1
0
1
0
0
1

0
1
2
1
89
0
1
11
67108864
4000
50
35
0
1
0
1
0
0
1
0
1
1
1
119
0
2
10
134217728
4000
500
10
1
0
1
0
0
1

0
1
4
2
132
0
2
10
67108864
3000
500
100
1
0
1
0
0
1

0
1
4
2
157
0
0
9
134217728
4000
100
1
0
1
0
0
1

0
1
4
1
172
0
2
10
134217728
4000
1000
1000
1
0
1
0
0
1

0
1
4
1
177
0
2
10
67108864
4000
100
1000
1
0
1
0
0
1

0
1
2
1
191
0
2
10
134217728
2000
100
1
1
0
1
0
0
1

0
1
4
2
204
0
0
9
268435456
2000
500
1
0
1
0
0
1

0
1
1
1
232
0
2
10
67108864
2000
500
100
1
0
1
0
0
1

0
1
2
2
245
0
0
9
134217728
4000
250
1
0
1
0
0
1

0
1
4
4
259
0
0
9
67108864
2000
1000
1
0
1
0
0
1

0
1
2
1
273
0
0
9
67108864
4000
1000
1
0
1
0
0
1

0
1
2
1
291
0
1
12
134217728
3000
50
12
1
1
0
1
0
0
1
0
0
1
4
1
293
0
0
9
268435456
3000
500
1
0
1
0
0
1

0
1
2
2
321
0
2
10
134217728
1000
500
1
1
0
1
0
0
1

0
1
2
2
346
0
2
10
268435456
2000
250
100
1
0
1
0
0
1

0
1
4
4
370
0
0
9
134217728
3000
500
1
0
1
0
0
1

0
1
1
1
378
0
1
11
268435456
1000
500
34
0
1
0
1
0
0
1
0
1
4
2
384
0
1
12
134217728
3000
50
97
1
1
0
1
0
0
1
0
0
1
4
2
409
0
0
9
134217728
3000
250
1
0
1
0
0
1

0
1
4
2
416
0
2
10
134217728
2000
100
100
1
0
1
0
0
1

0
1
2
2
428
0
2
10
67108864
3000
500
100
1
0
1
0
0
1

0
1
4
2
431
0
1
11
134217728
3000
500
13
0
1
0
1
0
0
1
0
1
2
1
450
0
2
10
134217728
1000
50
10
1
0
1
0
0
1

0
1
4
2
471
0
1
11
67108864
2000
250
10
0
1
0
1
0
0
1
0
1
1
1
491
0
1
11
268435456
3000
250
61
0
1
0
1
0
0
1
0
1
1
1
503
0
2
10
268435456
3000
250
1000
1
0
1
0
0
1

0
1
4
1
504
0
1
11
67108864
3000
500
33
0
1
0
1
0
0
1
0
1
1
1
515
0
0
9
134217728
4000
1000
1
0
1
0
0
1

0
1
4
2
517
0
2
10
67108864
2000
50
5
1
0
1
0
0
1

0
1
8
2
547
0
0
9
67108864
2000
250
1
0
1
0
0
1

0
1
4
2
566
0
0
9
134217728
2000
500
1
0
1
0
0
1

0
1
8
2
581
0
2
10
67108864
1000
500
100
1
0
1
0
0
1

0
1
8
1
601
0
2
10
67108864
2000
100
10
1
0
1
0
0
1

0
1
2
2
627
0
1
11
67108864
3000
100
39
0
1
0
1
0
0
1
0
1
8
2
631
0
1
11
134217728
2000
500
76
0
1
0
1
0
0
1
0
1
2
1
648
0
1
11
268435456
3000
100
22
0
1
0
1
0
0
1
0
1
1
1
666
0
1
11
134217728
1000
250
56
0
1
0
1
0
0
1
0
1
8
2
670
0
0
9
67108864
1000
1000
1
0
1
0
0
1

0
1
1
1
683
0
1
11
268435456
2000
500
65
0
1
0
1
0
0
1
0
1
2
1
687
0
2
10
67108864
3000
250
1000
1
0
1
0
0
1

0
1
1
1
700
0
1
12
67108864
1000
250
61
1
1
0
1
0
0
1
0
0
1
1
1
722
0
2
10
134217728
3000
100
10
1
0
1
0
0
1

0
1
8
2
723
0
0
9
67108864
2000
250
1
0
1
0
0
1

0
1
4
4
724
0
0
9
67108864
2000
1000
1
0
1
0
0
1

0
1
4
4
726
0
2
10
134217728
4000
100
100
1
0
1
0
0
1

0
1
1
1
749
0
2
10
67108864
1000
100
100
1
0
1
0
0
1

0
1
1
1
755
0
2
10
268435456
2000
500
1000
1
0
1
0
0
1

0
1
1
1
766
0
1
12
67108864
3000
250
58
1
1
0
1
0
0
1
0
0
1
8
1
778
0
1
11
67108864
4000
100
46
0
1
0
1
0
0
1
0
1
4
1
788
0
1
11
268435456
3000
500
61
0
1
0
1
0
0
1
0
1
8
1
790
0
2
10
134217728
4000
1000
1000
1
0
1
0
0
1

0
1
4
1
793
0
2
10
268435456
3000
500
1
1
0
1
0
0
1

0
1
2
1
808
0
1
11
67108864
3000
50
35
0
1
0
1
0
0
1
0
1
4
4
821
0
1
11
67108864
1000
250
84
0
1
0
1
0
0
1
0
1
4
4
824
0
0
9
67108864
1000
250
1
0
1
0
0
1

0
1
4
2
835
0
1
11
67108864
2000
250
83
0
1
0
1
0
0
1
0
1
1
1
841
0
1
11
134217728
4000
1000
99
0
1
0
1
0
0
1
0
1
2
1
858
0
2
10
268435456
3000
500
10
1
0
1
0
0
1

0
1
4
2
883
0
2
10
268435456
2000
500
5
1
0
1
0
0
1

0
1
8
2
888
0
0
9
134217728
3000
1000
1
0
1
0
0
1

0
1
8
8
894
0
2
10
67108864
3000
500
10
1
0
1
0
0
1

0
1
2
1
908
0
2
10
67108864
3000
50
100
1
0
1
0
0
1

0
1
8
4
909
0
1
12
134217728
1000
250
30
1
1
0
1
0
0
1
0
0
1
1
1
935
0
2
10
67108864
4000
250
10
1
0
1
0
0
1

0
1
2
1
940
0
2
10
134217728
1000
500
10
1
0
1
0
0
1

0
1
1
1
954
0
0
9
67108864
1000
500
1
0
1
0
0
1

0
1
8
8
959
0
0
9
134217728
3000
50
1
0
1
0
0
1

0
1
4
2
981
0
0
9
268435456
3000
500
1
0
1
0
0
1

0
1
2
1
990
0
2
10
134217728
2000
250
5
1
0
1
0
0
1

0
1
8
8
1007
0
2
10
268435456
1000
50
1000
1
0
1
0
0
1

0
1
4
4
1033
0
1
12
67108864
3000
250
97
1
1
0
1
0
0
1
0
0
1
8
8
1038
0
0
9
268435456
3000
500
1
0
1
0
0
1

0
1
1
1
1063
0
1
11
134217728
3000
50
74
0
1
0
1
0
0
1
0
1
1
1
1077
0
1
12
67108864
4000
50
35
1
1
0
1
0
0
1
0
0
1
8
4
1099
0
1
12
67108864
1000
250
76
1
1
0
1
0
0
1
0
0
1
1
1
1123
0
1
11
134217728
3000
100
74
0
1
0
1
0
0
1
0
1
4
1
1133
0
2
10
67108864
4000
50
10
1
0
1
0
0
1

0
1
8
1
1138
0
2
10
134217728
1000
1000
100
1
0
1
0
0
1

0
1
8
4
1141
0
1
12
67108864
4000
250
10
1
1
0
1
0
0
1
0
0
1
2
1
1167
0
2
10
67108864
2000
500
5
1
0
1
0
0
1

0
1
8
1
1175
0
1
12
67108864
2000
1000
33
1
1
0
1
0
0
1
0
0
1
8
2
1176
0
1
12
67108864
2000
50
72
1
1
0
1
0
0
1
0
0
1
1
1
1200
0
0
9
268435456
2000
250
1
0
1
0
0
1

0
1
8
4
1203
0
0
9
134217728
3000
50
1
0
1
0
0
1

0
1
4
2
1206
0
1
12
134217728
1000
500
25
1
1
0
1
0
0
1
0
0
1
8
8
1207
0
0
9
268435456
3000
250
1
0
1
0
0
1

0
1
4
4
1209
0
0
9
67108864
1000
250
1
0
1
0
0
1

0
1
2
2
1217
0
1
12
268435456
3000
100
18
1
1
0
1
0
0
1
0
0
1
8
8
1242
0
2
10
268435456
2000
50
1
1
0
1
0
0
1

0
1
2
1
1243
0
2
10
134217728
3000
250
100
1
0
1
0
0
1

0
1
8
4
1266
0
0
9
67108864
3000
1000
1
0
1
0
0
1

0
1
2
2
1280
0
2
10
268435456
3000
250
10
1
0
1
0
0
1

0
1
4
1
1284
0
1
12
67108864
4000
50
22
1
1
0
1
0
0
1
0
0
1
4
1
1313
0
0
9
67108864
3000
500
1
0
1
0
0
1

0
1
8
4
1343
0
1
11
134217728
2000
500
21
0
1
0
1
0
0
1
0
1
4
1
1346
0
2
10
67108864
1000
100
5
1
0
1
0
0
1

0
1
1
1
1353
0
1
11
134217728
3000
500
17
0
1
0
1
0
0
1
0
1
2
1
1362
0
0
9
67108864
3000
50
1
0
1
0
0
1

0
1
1
1
1373
0
2
10
268435456
2000
50
1000
1
0
1
0
0
1

0
1
4
4
1375
0
1
11
134217728
1000
500
55
0
1
0
1
0
0
1
0
1
4
1
1386
0
1
11
268435456
2000
250
19
0
1
0
1
0
0
1
0
1
1
1
1404
0
0
9
67108864
2000
50
1
0
1
0
0
1

0
1
4
1
1405
0
1
12
268435456
3000
500
43
1
1
0
1
0
0
1
0
0
1
2
1
1419
0
2
10
67108864
1000
1000
1
1
0
1
0
0
1

0
1
8
2
1449
0
0
9
67108864
2000
250
1
0
1
0
0
1

0
1
8
1
1461
0
0
9
268435456
1000
50
1
0
1
0
0
1

0
1
2
1
1466
0
0
9
67108864
2000
500
1
0
1
0
0
1

0
1
4
1
1479
0
0
9
134217728
2000
100
1
0
1
0
0
1

0
1
1
1
1508
0
0
9
134217728
1000
50
1
0
1
0
0
1

0
1
1
1
1513
0
2
10
268435456
1000
50
1
1
0
1
0
0
1

0
1
2
2
1534
0
2
10
268435456
3000
50
1
1
0
1
0
0
1

0
1
4
2
1556
0
1
11
67108864
4000
50
0
0
1
0
1
0
0
1
0
1
2
1
1581
0
2
10
67108864
2000
500
10
1
0
1
0
0
1

0
1
8
2
1599
0
2
10
67108864
3000
50
5
1
0
1
0
0
1

0
1
2
1
1604
0
1
11
268435456
3000
500
24
0
1
0
1
0
0
1
0
1
2
1
1630
0
1
11
268435456
3000
250
55
0
1
0
1
0
0
1
0
1
4
1
1632
0
0
9
134217728
3000
1000
1
0
1
0
0
1

0
1
1
1
1644
0
1
11
67108864
1000
250
43
0
1
0
1
0
0
1
0
1
4
2
1661
0
0
9
268435456
3000
50
1
0
1
0
0
1

0
1
2
1
1683
0
1
12
67108864
4000
500
47
1
1
0
1
0
0
1
0
0
1
4
4
1703
0
1
11
134217728
1000
50
9
0
1
0
1
0
0
1
0
1
8
1
1708
0
2
10
268435456
2000
50
10
1
0
1
0
0
1

0
1
8
1
1724
0
2
10
134217728
1000
100
10
1
0
1
0
0
1

0
1
8
4
1741
0
0
9
67108864
4000
50
1
0
1
0
0
1

0
1
1
1
1766
0
0
9
67108864
2000
250
1
0
1
0
0
1

0
1
2
1
1778
0
2
10
67108864
4000
500
1000
1
0
1
0
0
1

0
1
4
2
1799
0
1
12
67108864
2000
250
99
1
1
0
1
0
0
1
0
0
1
4
4
1804
0
1
12
134217728
2000
1000
92
1
1
0
1
0
0
1
0
0
1
8
4
1823
0
2
10
268435456
2000
250
100
1
0
1
0
0
1

0
1
2
2
1840
0
0
9
134217728
3000
500
1
0
1
0
0
1

0
1
4
2
1870
0
1
11
67108864
4000
500
83
0
1
0
1
0
0
1
0
1
2
1
1899
0
0
9
268435456
1000
100
1
0
1
0
0
1

0
1
4
1
1903
0
1
11
67108864
2000
250
14
0
1
0
1
0
0
1
0
1
8
1
1914
0
1
12
268435456
2000
250
92
1
1
0
1
0
0
1
0
0
1
8
4
1930
0
1
11
134217728
1000
500
1
0
1
0
1
0
0
1
0
1
8
1
1939
0
1
11
268435456
1000
50
0
0
1
0
1
0
0
1
0
1
1
1
1947
0
0
9
134217728
4000
250
1
0
1
0
0
1

0
1
1
1
1962
0
0
9
268435456
1000
100
1
0
1
0
0
1

0
1
8
1
1972
0
2
10
67108864
2000
500
1000
1
0
1
0
0
1

0
1
4
1
1986
0
0
9
134217728
1000
1000
1
0
1
0
0
1

0
1
8
8
2011
0
2
10
67108864
1000
250
1000
1
0
1
0
0
1

0
1
8
4
2012
0
1
12
134217728
2000
100
44
1
1
0
1
0
0
1
0
0
1
8
2
2014
0
2
10
268435456
1000
50
100
1
0
1
0
0
1

0
1
2
1
2026
0
2
10
67108864
4000
1000
10
1
0
1
0
0
1

0
1
1
1
2042
0
1
12
134217728
2000
50
27
1
1
0
1
0
0
1
0
0
1
4
2
2060
0
0
9
134217728
3000
500
1
0
1
0
0
1

0
1
2
1
2085
0
2
10
67108864
3000
100
100
1
0
1
0
0
1

0
1
1
1
2106
0
2
10
134217728
2000
50
1
1
0
1
0
0
1

0
1
2
1
2130
0
1
11
134217728
2000
50
11
0
1
0
1
0
0
1
0
1
4
1
2141
0
0
9
67108864
4000
1000
1
0
1
0
0
1

0
1
4
4
2147
0
1
11
268435456
1000
500
38
0
1
0
1
0
0
1
0
1
2
1
2150
0
2
10
134217728
3000
1000
1
1
0
1
0
0
1

0
1
4
2
2157
0
1
11
268435456
1000
50
6
0
1
0
1
0
0
1
0
1
8
2
2172
0
1
12
67108864
2000
50
8
1
1
0
1
0
0
1
0
0
1
2
1
2201
0
0
9
268435456
3000
100
1
0
1
0
0
1

0
1
2
1
2227
0
1
12
268435456
3000
100
25
1
1
0
1
0
0
1
0
0
1
2
2
2235
0
1
11
268435456
3000
50
9
0
1
0
1
0
0
1
0
1
8
2
2257
0
0
9
67108864
2000
100
1
0
1
0
0
1

0
1
1
1
2266
0
2
10
134217728
4000
1000
1000
1
0
1
0
0
1

0
1
1
1
2285
0
2
10
134217728
1000
100
5
1
0
1
0
0
1

0
1
2
1
2301
0
0
9
67108864
1000
50
1
0
1
0
0
1

0
1
1
1
2320
0
1
12
67108864
4000
50
14
1
1
0
1
0
0
1
0
0
1
8
1
2323
0
0
9
134217728
1000
50
1
0
1
0
0
1

0
1
4
2
2334
0
0
9
268435456
2000
500
1
0
1
0
0
1

0
1
8
1
2345
0
1
12
268435456
1000
250
40
1
1
0
1
0
0
1
0
0
1
2
1
2346
0
2
10
268435456
1000
500
10
1
0
1
0
0
1

0
1
8
4
2354
0
2
10
134217728
2000
100
100
1
0
1
0
0
1

0
1
4
1
2356
0
2
10
67108864
4000
500
1
1
0
1
0
0
1

0
1
1
1
2362
0
0
9
67108864
4000
1000
1
0
1
0
0
1

0
1
1
1
2378
0
2
10
67108864
4000
100
1
1
0
1
0
0
1

0
1
2
1
2391
0
0
9
67108864
1000
250
1
0
1
0
0
1

0
1
1
1
2406
0
2
10
67108864
4000
1000
10
1
0
1
0
0
1

0
1
1
1
2431
0
0
9
67108864
3000
100
1
0
1
0
0
1

0
1
1
1
2440
0
0
9
268435456
3000
50
1
0
1
0
0
1

0
1
2
1
2443
0
0
9
268435456
3000
250
1
0
1
0
0
1

0
1
2
2
2445
0
0
9
134217728
2000
1000
1
0
1
0
0
1

0
1
8
4
2457
0
2
10
268435456
2000
50
1000
1
0
1
0
0
1

0
1
2
1
2472
0
0
9
134217728
1000
100
1
0
1
0
0
1

0
1
8
4
2500
0
2
10
67108864
4000
50
10
1
0
1
0
0
1

0
1
4
1
2519
0
1
12
268435456
2000
500
34
1
1
0
1
0
0
1
0
0
1
8
4
2532
0
0
9
134217728
3000
50
1
0
1
0
0
1

0
1
2
1
2543
0
2
10
67108864
2000
50
100
1
0
1
0
0
1

0
1
1
1
2561
0
2
10
134217728
2000
500
10
1
0
1
0
0
1

0
1
2
2
2586
0
2
10
268435456
3000
250
100
1
0
1
0
0
1

0
1
1
1
2608
0
1
11
134217728
2000
100
4
0
1
0
1
0
0
1
0
1
1
1
2619
0
2
10
134217728
4000
1000
5
1
0
1
0
0
1

0
1
1
1
2638
0
1
12
67108864
4000
250
11
1
1
0
1
0
0
1
0
0
1
4
2
2659
0
2
10
67108864
1000
1000
1
1
0
1
0
0
1

0
1
2
1
2668
0
1
11
268435456
1000
100
76
0
1
0
1
0
0
1
0
1
1
1
2684
0
0
9
134217728
2000
50
1
0
1
0
0
1

0
1
1
1
2697
0
0
9
268435456
1000
500
1
0
1
0
0
1

0
1
8
8
2703
0
0
9
67108864
2000
1000
1
0
1
0
0
1

0
1
1
1
2722
0
0
9
67108864
4000
250
1
0
1
0
0
1

0
1
1
1
2736
0
1
12
268435456
1000
500
30
1
1
0
1
0
0
1
0
0
1
1
1
2749
0
0
9
67108864
4000
500
1
0
1
0
0
1

0
1
1
1
2758
0
2
10
268435456
2000
500
100
1
0
1
0
0
1

0
1
8
1
2769
0
1
11
67108864
4000
250
7
0
1
0
1
0
0
1
0
1
4
4
2791
0
2
10
268435456
1000
250
1
1
0
1
0
0
1

0
1
8
4
2815
0
2
10
268435456
3000
500
100
1
0
1
0
0
1

0
1
2
1
2822
0
1
12
268435456
3000
50
89
1
1
0
1
0
0
1
0
0
1
2
1
2845
0
0
9
268435456
1000
100
1
0
1
0
0
1

0
1
4
1
2851
0
2
10
268435456
3000
500
5
1
0
1
0
0
1

0
1
1
1
2860
0
2
10
67108864
1000
250
100
1
0
1
0
0
1

0
1
4
2
2889
0
0
9
268435456
3000
500
1
0
1
0
0
1

0
1
2
1
2902
0
1
12
268435456
2000
50
52
1
1
0
1
0
0
1
0
0
1
1
1
2918
0
0
9
268435456
2000
500
1
0
1
0
0
1

0
1
8
8
2933
0
1
11
67108864
2000
50
37
0
1
0
1
0
0
1
0
1
1
1
2937
0
0
9
268435456
2000
500
1
0
1
0
0
1

0
1
1
1
2964
0
2
10
134217728
1000
1000
1000
1
0
1
0
0
1

0
1
2
1
2991
0
0
9
134217728
1000
500
1
0
1
0
0
1

0
1
8
2
3006
0
0
9
268435456
1000
500
1
0
1
0
0
1

0
1
2
1
3011
0
2
10
134217728
3000
100
10
1
0
1
0
0
1

0
1
4
2
3023
0
2
10
134217728
1000
50
10
1
0
1
0
0
1

0
1
2
1
3052
0
0
9
134217728
4000
250
1
0
1
0
0
1

0
1
1
1
3078
0
0
9
67108864
1000
500
1
0
1
0
0
1

0
1
4
2
3085
0
0
9
67108864
1000
100
1
0
1
0
0
1

0
1
8
1
3111
0
1
12
134217728
1000
1000
51
1
1
0
1
0
0
1
0
0
1
4
2
3128
0
0
9
134217728
3000
1000
1
0
1
0
0
1

0
1
8
4
3131
0
1
11
268435456
1000
500
51
0
1
0
1
0
0
1
0
1
8
1
3141
0
2
10
268435456
3000
50
10
1
0
1
0
0
1

0
1
2
1
3142
0
1
11
268435456
3000
50
48
0
1
0
1
0
0
1
0
1
2
1
3149
0
2
10
67108864
1000
500
5
1
0
1
0
0
1

0
1
8
1
3172
0
0
9
134217728
1000
250
1
0
1
0
0
1

0
1
2
1
3192
0
1
12
268435456
3000
500
69
1
1
0
1
0
0
1
0
0
1
1
1
3220
0
0
9
67108864
4000
1000
1
0
1
0
0
1

0
1
1
1
3231
0
0
9
67108864
1000
500
1
0
1
0
0
1

0
1
8
2
3253
0
0
9
268435456
3000
100
1
0
1
0
0
1

0
1
2
1
3260
0
0
9
134217728
3000
500
1
0
1
0
0
1

0
1
4
2
3282
0
1
12
67108864
1000
500
78
1
1
0
1
0
0
1
0
0
1
4
2
3309
0
0
9
67108864
1000
100
1
0
1
0
0
1

0
1
1
1
3331
0
1
11
67108864
1000
50
98
0
1
0
1
0
0
1
0
1
8
8
3347
0
2
10
268435456
3000
100
5
1
0
1
0
0
1

0
1
1
1
3367
0
2
10
67108864
2000
1000
100
1
0
1
0
0
1

0
1
1
1
3373
0
0
9
268435456
3000
250
1
0
1
0
0
1

0
1
4
1
3385
0
1
12
67108864
1000
50
40
1
1
0
1
0
0
1
0
0
1
2
1
3386
0
1
12
268435456
3000
500
93
1
1
0
1
0
0
1
0
0
1
2
1
3390
0
1
11
268435456
3000
500
77
0
1
0
1
0
0
1
0
1
1
1
3394
0
1
12
67108864
2000
50
87
1
1
0
1
0
0
1
0
0
1
4
2
3405
0
1
11
268435456
2000
500
74
0
1
0
1
0
0
1
0
1
2
1
3425
0
1
11
268435456
3000
250
42
0
1
0
1
0
0
1
0
1
2
2
3426
0
2
10
134217728
1000
500
5
1
0
1
0
0
1

0
1
1
1
3452
0
0
9
268435456
1000
100
1
0
1
0
0
1

0
1
8
8
3463
0
2
10
268435456
3000
250
1000
1
0
1
0
0
1

0
1
8
2
3481
0
2
10
268435456
1000
250
100
1
0
1
0
0
1

0
1
4
4
3508
0
0
9
268435456
3000
250
1
0
1
0
0
1

0
1
2
1
3533
0
1
11
268435456
3000
100
83
0
1
0
1
0
0
1
0
1
4
1
3559
0
1
11
134217728
4000
250
38
0
1
0
1
0
0
1
0
1
2
1
3583
0
1
12
268435456
1000
100
7
1
1
0
1
0
0
1
0
0
1
8
2
3591
0
1
11
134217728
2000
1000
14
0
1
0
1
0
0
1
0
1
8
1
3607
0
2
10
67108864
4000
50
1
1
0
1
0
0
1

0
1
1
1
3619
0
1
12
268435456
2000
50
47
1
1
0
1
0
0
1
0
0
1
4
2
3635
0
0
9
134217728
1000
1000
1
0
1
0
0
1

0
1
8
8
3646
0
2
10
268435456
1000
100
1000
1
0
1
0
0
1

0
1
8
2
3671
0
2
10
134217728
1000
50
5
1
0
1
0
0
1

0
1
8
2
3681
0
0
9
268435456
2000
50
1
0
1
0
0
1

0
1
2
1
3687
0
0
9
268435456
3000
500
1
0
1
0
0
1

0
1
8
4
3690
0
1
11
134217728
2000
50
26
0
1
0
1
0
0
1
0
1
1
1
3719
0
2
10
134217728
3000
250
1000
1
0
1
0
0
1

0
1
1
1
3743
0
1
11
134217728
1000
1000
80
0
1
0
1
0
0
1
0
1
1
1
3768
0
0
9
268435456
1000
250
1
0
1
0
0
1

0
1
1
1
3791
0
2
10
134217728
1000
1000
1000
1
0
1
0
0
1

0
1
1
1
3809
0
0
9
67108864
1000
50
1
0
1
0
0
1

0
1
1
1
3825
0
1
12
67108864
4000
50
53
1
1
0
1
0
0
1
0
0
1
2
2
3834
0
0
9
134217728
2000
100
1
0
1
0
0
1

0
1
1
1
3846
0
2
10
67108864
3000
50
100
1
0
1
0
0
1

0
1
4
2
3875
0
2
10
268435456
1000
500
5
1
0
1
0
0
1

0
1
2
1
3894
0
0
9
67108864
2000
250
1
0
1
0
0
1

0
1
2
2
3898
0
0
9
67108864
2000
1000
1
0
1
0
0
1

0
1
4
2
3914
0
2
10
134217728
3000
100
100
1
0
1
0
0
1

0
1
1
1
3922
0
0
9
67108864
4000
500
1
0
1
0
0
1

0
1
8
2
3933
0
2
10
67108864
1000
100
100
1
0
1
0
0
1

0
1
4
1
3946
0
1
11
67108864
4000
500
98
0
1
0
1
0
0
1
0
1
1
1
3964
0
2
10
268435456
2000
500
5
1
0
1
0
0
1

0
1
4
1
3993
0
0
9
134217728
1000
250
1
0
1
0
0
1

0
1
1
1
3999
0
1
12
268435456
3000
500
11
1
1
0
1
0
0
1
0
0
1
2
1
4021
0
0
9
67108864
2000
100
1
0
1
0
0
1

0
1
4
4
4022
0
0
9
134217728
1000
100
1
0
1
0
0
1

0
1
8
8
4046
0
1
12
134217728
3000
100
88
1
1
0
1
0
0
1
0
0
1
1
1
4060
0
2
10
134217728
1000
500
1000
1
0
1
0
0
1

0
1
4
1
4074
0
2
10
67108864
2000
1000
5
1
0
1
0
0
1

0
1
2
1
4101
0
2
10
268435456
3000
500
1000
1
0
1
0
0
1

0
1
8
1
4118
0
0
9
67108864
3000
500
1
0
1
0
0
1

0
1
1
1
4123
0
2
10
134217728
2000
1000
100
1
0
1
0
0
1

0
1
2
2
4127
0
1
11
67108864
1000
500
87
0
1
0
1
0
0
1
0
1
1
1
4140
0
0
9
268435456
3000
500
1
0
1
0
0
1

0
1
8
2
4164
0
1
11
134217728
1000
500
18
0
1
0
1
0
0
1
0
1
8
4
4170
0
1
11
67108864
1000
100
75
0
1
0
1
0
0
1
0
1
1
1
4193
0
0
9
134217728
4000
500
1
0
1
0
0
1

0
1
2
1
4204
0
1
12
268435456
2000
500
55
1
1
0
1
0
0
1
0
0
1
4
4
4205
0
2
10
268435456
1000
250
1000
1
0
1
0
0
1

0
1
8
2
4220
0
0
9
134217728
3000
50
1
0
1
0
0
1

0
1
4
2
4243
0
0
9
67108864
3000
50
1
0
1
0
0
1

0
1
8
1
4259
0
2
10
67108864
3000
50
5
1
0
1
0
0
1

0
1
8
4
4271
0
0
9
67108864
1000
500
1
0
1
0
0
1

0
1
4
2
4280
0
1
11
268435456
2000
100
60
0
1
0
1
0
0
1
0
1
1
1
4289
0
2
10
268435456
1000
50
5
1
0
1
0
0
1

0
1
2
1
4307
0
2
10
67108864
4000
250
1000
1
0
1
0
0
1

0
1
1
1
4327
0
1
11
67108864
4000
100
94
0
1
0
1
0
0
1
0
1
8
4
4332
0
0
9
268435456
3000
100
1
0
1
0
0
1

0
1
4
2
4347
0
2
10
67108864
3000
500
1000
1
0
1
0
0
1

0
1
1
1
4369
0
1
12
268435456
3000
250
6
1
1
0
1
0
0
1
0
0
1
4
2
4379
0
0
9
134217728
4000
500
1
0
1
0
0
1

0
1
1
1
4400
0
0
9
268435456
3000
50
1
0
1
0
0
1

0
1
4
4
4415
0
2
10
268435456
2000
100
1
1
0
1
0
0
1

0
1
4
4
4427
0
1
11
67108864
3000
100
1
0
1
0
1
0
0
1
0
1
1
1
4434
0
2
10
67108864
2000
250
10
1
0
1
0
0
1

0
1
2
2
4436
0
0
9
67108864
4000
1000
1
0
1
0
0
1

0
1
1
1
4456
0
0
9
134217728
2000
100
1
0
1
0
0
1

0
1
8
1
4469
0
0
9
268435456
3000
250
1
0
1
0
0
1

0
1
2
1
4483
0
2
10
67108864
4000
1000
1000
1
0
1
0
0
1

0
1
8
2
4495
0
2
10
268435456
2000
500
1000
1
0
1
0
0
1

0
1
8
4
4515
0
0
9
134217728
4000
50
1
0
1
0
0
1

0
1
4
2
4541
0
2
10
134217728
4000
500
100
1
0
1
0
0
1

0
1
8
4
4546
0
2
10
67108864
3000
500
10
1
0
1
0
0
1

0
1
4
2
4553
0
1
12
134217728
4000
100
47
1
1
0
1
0
0
1
0
0
1
1
1
4562
0
0
9
67108864
3000
1000
1
0
1
0
0
1

0
1
8
4
4578
0
2
10
134217728
4000
250
100
1
0
1
0
0
1

0
1
4
1
4594
0
1
12
134217728
4000
250
86
1
1
0
1
0
0
1
0
0
1
1
1
4620
0
0
9
134217728
4000
250
1
0
1
0
0
1

0
1
2
1
4650
0
1
11
268435456
3000
500
1
0
1
0
1
0
0
1
0
1
8
4
4666
0
2
10
67108864
3000
500
10
1
0
1
0
0
1

0
1
4
4
4692
0
2
10
268435456
3000
250
10
1
0
1
0
0
1

0
1
4
2
4694
0
0
9
67108864
3000
50
1
0
1
0
0
1

0
1
8
8
4715
0
2
10
67108864
2000
250
10
1
0
1
0
0
1

0
1
2
1
4731
0
0
9
268435456
3000
100
1
0
1
0
0
1

0
1
2
1
4743
0
1
11
268435456
3000
100
20
0
1
0
1
0
0
1
0
1
2
2
4772
0
1
12
268435456
3000
500
48
1
1
0
1
0
0
1
0
0
1
1
1
4775
0
0
9
67108864
1000
500
1
0
1
0
0
1

0
1
2
1
4780
0
2
10
67108864
1000
500
100
1
0
1
0
0
1

0
1
4
2
4781
0
0
9
134217728
3000
50
1
0
1
0
0
1

0
1
4
4
4794
0
2
10
268435456
3000
100
10
1
0
1
0
0
1

0
1
8
2
4820
0
2
10
268435456
1000
500
1000
1
0
1
0
0
1

0
1
2
2
4829
0
0
9
67108864
3000
100
1
0
1
0
0
1

0
1
4
2
4855
0
1
11
67108864
3000
50
30
0
1
0
1
0
0
1
0
1
8
1
4863
0
1
12
268435456
3000
50
73
1
1
0
1
0
0
1
0
0
1
1
1
4879
0
1
12
67108864
1000
500
20
1
1
0
1
0
0
1
0
0
1
1
1
4901
0
0
9
67108864
3000
50
1
0
1
0
0
1

0
1
4
4
4926
0
1
12
67108864
2000
50
65
1
1
0
1
0
0
1
0
0
1
2
1
4927
0
1
12
268435456
3000
500
20
1
1
0
1
0
0
1
0
0
1
2
1
4954
0
2
10
268435456
3000
500
100
1
0
1
0
0
1

0
1
2
1
4962
0
1
11
67108864
4000
100
27
0
1
0
1
0
0
1
0
1
2
2
4987
0
2
10
268435456
1000
500
1000
1
0
1
0
0
1

0
1
2
1
4999
0
1
12
134217728
1000
50
49
1
1
0
1
0
0
1
0
0
1
4
2
5006
0
2
10
268435456
3000
100
1
1
0
1
0
0
1

0
1
4
2
5019
0
0
9
268435456
3000
50
1
0
1
0
0
1

0
1
4
1
5023
0
1
12
67108864
3000
500
23
1
1
0
1
0
0
1
0
0
1
4
2
5048
0
1
12
134217728
2000
250
21
1
1
0
1
0
0
1
0
0
1
4
4
5071
0
0
9
268435456
1000
500
1
0
1
0
0
1

0
1
4
2
5084
0
1
12
268435456
1000
250
80
1
1
0
1
0
0
1
0
0
1
4
1
5097
0
1
11
134217728
1000
50
61
0
1
0
1
0
0
1
0
1
2
1
5127
0
2
10
134217728
2000
1000
10
1
0
1
0
0
1

0
1
4
1
5157
0
1
12
67108864
1000
100
80
1
1
0
1
0
0
1
0
0
1
8
1
5182
0
1
12
134217728
1000
50
88
1
1
0
1
0
0
1
0
0
1
2
1
5194
0
0
9
268435456
3000
100
1
0
1
0
0
1

0
1
8
2
5197
0
2
10
67108864
2000
250
10
1
0
1
0
0
1

0
1
8
1
5226
0
1
12
134217728
4000
250
79
1
1
0
1
0
0
1
0
0
1
8
4
5252
0
2
10
67108864
2000
250
10
1
0
1
0
0
1

0
1
1
1
5275
0
2
10
268435456
3000
50
1000
1
0
1
0
0
1

0
1
4
2
5284
0
0
9
67108864
3000
500
1
0
1
0
0
1

0
1
4
1
5290
0
2
10
67108864
1000
100
1000
1
0
1
0
0
1

0
1
4
2
5311
0
2
10
134217728
2000
100
100
1
0
1
0
0
1

0
1
2
1
5323
0
2
10
134217728
3000
1000
100
1
0
1
0
0
1

0
1
8
2
5344
0
1
12
67108864
4000
500
1
1
1
0
1
0
0
1
0
0
1
2
1
5356
0
2
10
67108864
1000
100
5
1
0
1
0
0
1

0
1
4
2
5380
0
0
9
67108864
3000
500
1
0
1
0
0
1

0
1
8
4
5387
0
1
12
268435456
3000
50
29
1
1
0
1
0
0
1
0
0
1
4
2
5415
0
1
12
268435456
3000
500
75
1
1
0
1
0
0
1
0
0
1
2
2
5439
0
0
9
134217728
3000
250
1
0
1
0
0
1

0
1
4
1
5449
0
2
10
268435456
3000
500
1
1
0
1
0
0
1

0
1
8
4
5475
0
1
12
134217728
1000
100
72
1
1
0
1
0
0
1
0
0
1
4
1
5496
0
1
11
67108864
3000
100
43
0
1
0
1
0
0
1
0
1
4
2
5517
0
1
11
268435456
3000
500
17
0
1
0
1
0
0
1
0
1
4
2
5543
0
2
10
67108864
2000
250
5
1
0
1
0
0
1

0
1
2
2
5547
0
0
9
134217728
1000
500
1
0
1
0
0
1

0
1
2
1
5575
0
0
9
134217728
4000
250
1
0
1
0
0
1

0
1
8
8
5591
0
0
9
268435456
3000
500
1
0
1
0
0
1

0
1
1
1
5616
0
2
10
268435456
1000
250
5
1
0
1
0
0
1

0
1
4
2
5623
0
2
10
134217728
4000
250
1
1
0
1
0
0
1

0
1
2
1
5627
0
2
10
268435456
1000
250
5
1
0
1
0
0
1

0
1
4
1
5633
0
1
12
268435456
2000
100
31
1
1
0
1
0
0
1
0
0
1
8
8
5641
0
0
9
67108864
4000
50
1
0
1
0
0
1

0
1
8
2
5644
0
1
11
67108864
2000
250
85
0
1
0
1
0
0
1
0
1
4
4
5651
0
2
10
268435456
2000
500
10
1
0
1
0
0
1

0
1
8
2
5656
0
2
10
268435456
3000
500
100
1
0
1
0
0
1

0
1
1
1
5683
0
2
10
67108864
4000
100
1
1
0
1
0
0
1

0
1
1
1
5698
0
1
11
67108864
3000
50
84
0
1
0
1
0
0
1
0
1
8
1
5704
0
1
12
134217728
2000
500
23
1
1
0
1
0
0
1
0
0
1
1
1
5730
0
1
11
268435456
1000
100
26
0
1
0
1
0
0
1
0
1
8
2
5759
0
0
9
268435456
2000
500
1
0
1
0
0
1

0
1
2
1
5777
0
0
9
268435456
2000
50
1
0
1
0
0
1

0
1
2
1
5795
0
1
11
134217728
3000
50
46
0
1
0
1
0
0
1
0
1
2
1
5803
0
0
9
67108864
2000
50
1
0
1
0
0
1

0
1
8
8
5810
0
0
9
67108864
2000
500
1
0
1
0
0
1

0
1
8
4
5839
0
1
12
67108864
4000
100
75
1
1
0
1
0
0
1
0
0
1
4
2
5857
0
2
10
268435456
2000
500
5
1
0
1
0
0
1

0
1
8
1
5884
0
1
11
134217728
4000
100
30
0
1
0
1
0
0
1
0
1
1
1
5908
0
1
12
67108864
1000
1000
86
1
1
0
1
0
0
1
0
0
1
2
1
5925
0
0
9
268435456
3000
50
1
0
1
0
0
1

0
1
2
1
5940
0
1
12
67108864
1000
50
50
1
1
0
1
0
0
1
0
0
1
2
2
5958
0
1
11
67108864
2000
100
57
0
1
0
1
0
0
1
0
1
4
2
5985
0
1
12
268435456
2000
250
97
1
1
0
1
0
0
1
0
0
1
8
2
5994
0
0
9
268435456
3000
50
1
0
1
0
0
1

0
1
1
1
6000
0
0
9
134217728
2000
1000
1
0
1
0
0
1

0
1
8
4
6003
0
1
12
67108864
3000
50
1
1
1
0
1
0
0
1
0
0
1
4
4
6008
0
2
10
134217728
1000
250
1000
1
0
1
0
0
1

0
1
8
4
6013
0
0
9
134217728
1000
500
1
0
1
0
0
1

0
1
4
2
6016
0
1
12
134217728
4000
1000
91
1
1
0
1
0
0
1
0
0
1
4
1
6017
0
2
10
134217728
1000
250
5
1
0
1
0
0
1

0
1
4
1
6021
0
1
12
134217728
1000
500
0
1
1
0
1
0
0
1
0
0
1
4
1
6048
0
2
10
134217728
3000
500
10
1
0
1
0
0
1

0
1
2
2
6062
0
0
9
268435456
2000
500
1
0
1
0
0
1

0
1
8
2
6063
0
0
9
268435456
3000
100
1
0
1
0
0
1

0
1
8
4
6075
0
2
10
67108864
4000
250
100
1
0
1
0
0
1

0
1
2
1
6098
0
2
10
134217728
1000
250
5
1
0
1
0
0
1

0
1
4
1
6104
0
2
10
67108864
1000
500
5
1
0
1
0
0
1

0
1
4
1
6133
0
0
9
268435456
3000
500
1
0
1
0
0
1

0
1
1
1
6154
0
2
10
134217728
4000
250
100
1
0
1
0
0
1

0
1
2
2
6163
0
0
9
268435456
3000
250
1
0
1
0
0
1

0
1
8
2
6191
0
1
11
268435456
3000
50
32
0
1
0
1
0
0
1
0
1
4
2
6208
0
0
9
134217728
3000
500
1
0
1
0
0
1

0
1
8
1
6214
0
2
10
268435456
3000
250
10
1
0
1
0
0
1

0
1
2
1
6221
0
2
10
134217728
3000
100
1000
1
0
1
0
0
1

0
1
2
2
6238
0
0
9
67108864
4000
250
1
0
1
0
0
1

0
1
2
2
6267
0
1
11
134217728
4000
100
85
0
1
0
1
0
0
1
0
1
4
4
6281
0
2
10
134217728
3000
250
100
1
0
1
0
0
1

0
1
8
4
6308
0
0
9
67108864
2000
500
1
0
1
0
0
1

0
1
2
1
6332
0
1
11
67108864
1000
1000
61
0
1
0
1
0
0
1
0
1
1
1
6357
0
0
9
67108864
4000
250
1
0
1
0
0
1

0
1
4
1
6367
0
0
9
134217728
4000
500
1
0
1
0
0
1

0
1
4
2
6391
0
2
10
134217728
2000
250
5
1
0
1
0
0
1

0
1
8
2
6397
0
0
9
67108864
3000
100
1
0
1
0
0
1

0
1
1
1
6409
0
0
9
134217728
4000
100
1
0
1
0
0
1

0
1
2
1
6423
0
2
10
67108864
4000
100
1
1
0
1
0
0
1

0
1
1
1
6447
0
2
10
67108864
2000
1000
1000
1
0
1
0
0
1

0
1
4
4
6471
0
2
10
67108864
2000
50
1000
1
0
1
0
0
1

0
1
2
2
6483
0
1
12
134217728
4000
1000
41
1
1
0
1
0
0
1
0
0
1
8
1
6504
0
2
10
268435456
3000
50
1000
1
0
1
0
0
1

0
1
4
1
6519
0
0
9
67108864
2000
500
1
0
1
0
0
1

0
1
4
4
6537
0
2
10
67108864
4000
250
1
1
0
1
0
0
1

0
1
1
1
6567
0
1
11
67108864
2000
500
0
0
1
0
1
0
0
1
0
1
1
1
6574
0
1
12
268435456
3000
100
87
1
1
0
1
0
0
1
0
0
1
4
2
6584
0
0
9
67108864
4000
500
1
0
1
0
0
1

0
1
2
1
6608
0
1
11
67108864
1000
50
95
0
1
0
1
0
0
1
0
1
8
2
6625
0
0
9
67108864
3000
250
1
0
1
0
0
1

0
1
8
1
6629
0
1
11
134217728
2000
250
52
0
1
0
1
0
0
1
0
1
8
8
6657
0
1
12
67108864
4000
50
78
1
1
0
1
0
0
1
0
0
1
1
1
6682
0
0
9
67108864
2000
250
1
0
1
0
0
1

0
1
4
4
6704
0
1
12
268435456
3000
250
17
1
1
0
1
0
0
1
0
0
1
1
1
6715
0
0
9
268435456
3000
100
1
0
1
0
0
1

0
1
4
2
6742
0
1
12
67108864
2000
100
97
1
1
0
1
0
0
1
0
0
1
4
1
6756
0
0
9
268435456
2000
100
1
0
1
0
0
1

0
1
1
1
6768
0
1
11
67108864
1000
100
64
0
1
0
1
0
0
1
0
1
8
2
6781
0
0
9
134217728
1000
500
1
0
1
0
0
1

0
1
4
1
6801
0
2
10
67108864
2000
1000
5
1
0
1
0
0
1

0
1
8
1
6804
0
0
9
268435456
2000
250
1
0
1
0
0
1

0
1
8
2
6817
0
0
9
67108864
4000
50
1
0
1
0
0
1

0
1
8
1
6840
0
1
11
67108864
4000
250
34
0
1
0
1
0
0
1
0
1
1
1
6852
0
1
12
268435456
3000
50
54
1
1
0
1
0
0
1
0
0
1
1
1
6879
0
1
12
134217728
2000
50
99
1
1
0
1
0
0
1
0
0
1
4
1
6899
0
0
9
67108864
4000
50
1
0
1
0
0
1

0
1
4
2
6907
0
1
11
134217728
1000
500
78
0
1
0
1
0
0
1
0
1
1
1
6911
0
0
9
134217728
1000
50
1
0
1
0
0
1

0
1
1
1
6929
0
1
12
134217728
3000
250
23
1
1
0
1
0
0
1
0
0
1
2
1
6932
0
1
12
134217728
3000
100
86
1
1
0
1
0
0
1
0
0
1
4
2
6962
0
2
10
268435456
1000
50
100
1
0
1
0
0
1

0
1
1
1
6975
0
2
10
67108864
4000
100
10
1
0
1
0
0
1

0
1
8
8
6989
0
0
9
268435456
3000
500
1
0
1
0
0
1

0
1
4
2
6993
0
2
10
67108864
4000
500
1000
1
0
1
0
0
1

0
1
8
1
6996
0
2
10
67108864
2000
500
1
1
0
1
0
0
1

0
1
8
2
7005
0
0
9
134217728
2000
50
1
0
1
0
0
1

0
1
4
1
7018
0
0
9
268435456
3000
50
1
0
1
0
0
1

0
1
1
1
7028
0
0
9
67108864
2000
500
1
0
1
0
0
1

0
1
2
1
7032
0
0
9
134217728
4000
50
1
0
1
0
0
1

0
1
2
1
7061
0
2
10
134217728
1000
50
1000
1
0
1
0
0
1

0
1
4
2
7089
0
2
10
67108864
2000
500
100
1
0
1
0
0
1

0
1
1
1
7095
0
1
12
268435456
1000
500
53
1
1
0
1
0
0
1
0
0
1
8
8
7113
0
2
10
134217728
4000
500
1
1
0
1
0
0
1

0
1
4
4
7117
0
0
9
134217728
2000
1000
1
0
1
0
0
1

0
1
1
1
7126
0
2
10
134217728
3000
250
1
1
0
1
0
0
1

0
1
1
1
7128
0
0
9
268435456
1000
500
1
0
1
0
0
1

0
1
8
1
7155
0
1
12
268435456
3000
500
11
1
1
0
1
0
0
1
0
0
1
8
8
7182
0
1
12
67108864
1000
50
49
1
1
0
1
0
0
1
0
0
1
2
1
7207
0
0
9
67108864
1000
1000
1
0
1
0
0
1

0
1
1
1
7211
0
2
10
134217728
3000
1000
10
1
0
1
0
0
1

0
1
2
1
7228
0
2
10
268435456
3000
250
1000
1
0
1
0
0
1

0
1
1
1
7241
0
1
12
268435456
2000
50
74
1
1
0
1
0
0
1
0
0
1
8
4
7245
0
2
10
268435456
2000
50
5
1
0
1
0
0
1

0
1
4
1
7263
0
2
10
134217728
1000
500
5
1
0
1
0
0
1

0
1
8
1
7281
0
2
10
134217728
1000
1000
1
1
0
1
0
0
1

0
1
1
1
7284
0
1
12
134217728
3000
100
95
1
1
0
1
0
0
1
0
0
1
8
4
7286
0
2
10
268435456
3000
50
1
1
0
1
0
0
1

0
1
1
1
7308
0
1
11
134217728
3000
250
31
0
1
0
1
0
0
1
0
1
2
2
7336
0
0
9
268435456
3000
250
1
0
1
0
0
1

0
1
2
1
7365
0
0
9
67108864
3000
50
1
0
1
0
0
1

0
1
4
4
7390
0
1
12
268435456
3000
500
56
1
1
0
1
0
0
1
0
0
1
2
1
7408
0
2
10
134217728
4000
100
5
1
0
1
0
0
1

0
1
8
4
7414
0
0
9
67108864
4000
500
1
0
1
0
0
1

0
1
4
2
7436
0
2
10
134217728
2000
100
1000
1
0
1
0
0
1

0
1
4
1
7463
0
0
9
67108864
4000
1000
1
0
1
0
0
1

0
1
8
2
7468
0
1
11
67108864
4000
100
26
0
1
0
1
0
0
1
0
1
1
1
7484
0
0
9
134217728
2000
250
1
0
1
0
0
1

0
1
4
1
7485
0
2
10
268435456
3000
500
1
1
0
1
0
0
1

0
1
8
8
7514
0
0
9
134217728
1000
50
1
0
1
0
0
1

0
1
1
1
7535
0
2
10
67108864
4000
1000
5
1
0
1
0
0
1

0
1
2
2
7559
0
1
11
67108864
2000
500
77
0
1
0
1
0
0
1
0
1
2
1
7561
0
0
9
134217728
1000
500
1
0
1
0
0
1

0
1
1
1
7567
0
2
10
67108864
4000
1000
10
1
0
1
0
0
1

0
1
2
1
7587
0
2
10
134217728
2000
250
100
1
0
1
0
0
1

0
1
1
1
7588
0
0
9
268435456
2000
500
1
0
1
0
0
1

0
1
8
1
7594
0
0
9
134217728
4000
250
1
0
1
0
0
1

0
1
2
1
7606
0
0
9
67108864
2000
1000
1
0
1
0
0
1

0
1
4
2
7632
0
2
10
134217728
2000
500
5
1
0
1
0
0
1

0
1
2
1
7637
0
2
10
268435456
2000
100
1000
1
0
1
0
0
1

0
1
8
4
7655
0
1
11
134217728
4000
500
30
0
1
0
1
0
0
1
0
1
4
1
7666
0
1
11
67108864
2000
50
11
0
1
0
1
0
0
1
0
1
2
1
7682
0
2
10
134217728
2000
1000
5
1
0
1
0
0
1

0
1
4
4
7706
0
2
10
134217728
1000
1000
100
1
0
1
0
0
1

0
1
8
4
7717
0
0
9
268435456
2000
100
1
0
1
0
0
1

0
1
4
1
7741
0
2
10
134217728
4000
250
10
1
0
1
0
0
1

0
1
8
8
7750
0
1
11
268435456
1000
500
87
0
1
0
1
0
0
1
0
1
4
2
7752
0
1
11
67108864
2000
50
41
0
1
0
1
0
0
1
0
1
1
1
7753
0
1
12
134217728
1000
1000
60
1
1
0
1
0
0
1
0
0
1
1
1
7766
0
0
9
134217728
2000
100
1
0
1
0
0
1

0
1
8
1
7772
0
0
9
134217728
1000
1000
1
0
1
0
0
1

0
1
2
1
7797
0
0
9
134217728
1000
250
1
0
1
0
0
1

0
1
2
1
7812
0
1
11
268435456
3000
50
20
0
1
0
1
0
0
1
0
1
8
8
7819
0
0
9
134217728
1000
500
1
0
1
0
0
1

0
1
4
4
7847
0
0
9
268435456
1000
500
1
0
1
0
0
1

0
1
8
4
7861
0
0
9
268435456
3000
500
1
0
1
0
0
1

0
1
1
1
7883
0
1
12
268435456
2000
50
98
1
1
0
1
0
0
1
0
0
1
1
1
7897
0
0
9
134217728
1000
250
1
0
1
0
0
1

0
1
1
1
7917
0
2
10
134217728
1000
50
1000
1
0
1
0
0
1

0
1
8
2
7935
0
0
9
268435456
1000
500
1
0
1
0
0
1

0
1
1
1
7953
0
2
10
134217728
1000
250
1
1
0
1
0
0
1

0
1
1
1
7956
0
0
9
268435456
3000
100
1
0
1
0
0
1

0
1
4
2
7966
0
2
10
268435456
1000
50
10
1
0
1
0
0
1

0
1
8
8
7982
0
0
9
268435456
2000
500
1
0
1
0
0
1

0
1
1
1
7986
0
2
10
67108864
2000
500
10
1
0
1
0
0
1

0
1
1
1
7991
0
1
12
134217728
4000
250
38
1
1
0
1
0
0
1
0
0
1
2
1
8018
0
1
11
268435456
3000
100
12
0
1
0
1
0
0
1
0
1
1
1
8040
0
0
9
67108864
2000
250
1
0
1
0
0
1

0
1
4
2
8041
0
2
10
268435456
1000
250
1000
1
0
1
0
0
1

0
1
2
1
8064
0
0
9
67108864
4000
500
1
0
1
0
0
1

0
1
8
4
8093
0
0
9
67108864
1000
1000
1
0
1
0
0
1

0
1
4
2
8123
0
2
10
134217728
2000
100
10
1
0
1
0
0
1

0
1
1
1
8153
0
0
9
134217728
2000
500
1
0
1
0
0
1

0
1
4
2
8177
0
2
10
67108864
1000
500
1
1
0
1
0
0
1

0
1
1
1
8189
0
0
9
67108864
4000
100
1
0
1
0
0
1

0
1
2
1
8206
0
0
9
67108864
1000
100
1
0
1
0
0
1

0
1
8
1
8231
0
2
10
268435456
3000
500
1
1
0
1
0
0
1

0
1
8
2
8237
0
1
12
134217728
2000
500
47
1
1
0
1
0
0
1
0
0
1
4
2
8256
0
1
11
67108864
3000
1000
54
0
1
0
1
0
0
1
0
1
8
1
8276
0
2
10
67108864
2000
1000
100
1
0
1
0
0
1

0
1
8
1
8299
0
2
10
134217728
1000
1000
1000
1
0
1
0
0
1

0
1
4
4
8302
0
1
11
268435456
2000
500
65
0
1
0
1
0
0
1
0
1
8
4
8309
0
2
10
268435456
1000
250
1
1
0
1
0
0
1

0
1
4
2
8330
0
1
11
67108864
4000
1000
40
0
1
0
1
0
0
1
0
1
1
1
8332
0
1
12
268435456
3000
100
87
1
1
0
1
0
0
1
0
0
1
8
4
8352
0
2
10
67108864
4000
1000
1000
1
0
1
0
0
1

0
1
1
1
8353
0
0
9
268435456
2000
250
1
0
1
0
0
1

0
1
4
2
8368
0
0
9
67108864
3000
50
1
0
1
0
0
1

0
1
4
2
8377
0
2
10
134217728
3000
1000
5
1
0
1
0
0
1

0
1
8
1
8394
0
2
10
134217728
4000
1000
5
1
0
1
0
0
1

0
1
1
1
8411
0
2
10
67108864
3000
100
1000
1
0
1
0
0
1

0
1
1
1
8427
0
2
10
67108864
1000
50
1
1
0
1
0
0
1

0
1
1
1
8435
0
1
12
268435456
3000
500
55
1
1
0
1
0
0
1
0
0
1
2
1
8463
0
1
11
134217728
4000
500
66
0
1
0
1
0
0
1
0
1
1
1
8490
0
0
9
134217728
1000
100
1
0
1
0
0
1

0
1
8
2
8505
0
2
10
67108864
4000
100
1
1
0
1
0
0
1

0
1
1
1
8520
0
0
9
67108864
3000
250
1
0
1
0
0
1

0
1
8
8
8542
0
2
10
67108864
2000
50
10
1
0
1
0
0
1

0
1
1
1
8553
0
0
9
134217728
1000
100
1
0
1
0
0
1

0
1
1
1
8564
0
2
10
134217728
3000
100
1
1
0
1
0
0
1

0
1
8
8
8566
0
2
10
268435456
2000
250
5
1
0
1
0
0
1

0
1
1
1
8578
0
0
9
268435456
3000
500
1
0
1
0
0
1

0
1
1
1
8600
0
1
12
67108864
3000
250
83
1
1
0
1
0
0
1
0
0
1
2
1
8617
0
1
11
67108864
3000
250
56
0
1
0
1
0
0
1
0
1
8
4
8620
0
1
12
67108864
2000
100
48
1
1
0
1
0
0
1
0
0
1
4
2
8648
0
1
12
134217728
3000
1000
95
1
1
0
1
0
0
1
0
0
1
2
2
8652
0
1
11
67108864
1000
250
57
0
1
0
1
0
0
1
0
1
2
1
8665
0
1
11
67108864
4000
100
85
0
1
0
1
0
0
1
0
1
8
2
8674
0
0
9
67108864
4000
1000
1
0
1
0
0
1

0
1
2
1
8704
0
2
10
134217728
2000
50
100
1
0
1
0
0
1

0
1
8
1
8731
0
1
12
134217728
3000
1000
66
1
1
0
1
0
0
1
0
0
1
2
1
8737
0
1
12
67108864
2000
100
25
1
1
0
1
0
0
1
0
0
1
1
1
8744
0
1
11
67108864
4000
1000
10
0
1
0
1
0
0
1
0
1
1
1
8746
0
0
9
67108864
1000
1000
1
0
1
0
0
1

0
1
8
1
8774
0
1
12
134217728
2000
1000
63
1
1
0
1
0
0
1
0
0
1
1
1
8776
0
1
12
67108864
4000
100
6
1
1
0
1
0
0
1
0
0
1
8
8
8780
0
0
9
268435456
1000
250
1
0
1
0
0
1

0
1
2
1
8810
0
2
10
67108864
4000
500
10
1
0
1
0
0
1

0
1
1
1
8818
0
1
12
268435456
1000
50
21
1
1
0
1
0
0
1
0
0
1
1
1
8822
0
0
9
67108864
1000
100
1
0
1
0
0
1

0
1
2
1
8842
0
0
9
134217728
3000
1000
1
0
1
0
0
1

0
1
4
4
8845
0
1
11
134217728
2000
50
58
0
1
0
1
0
0
1
0
1
1
1
8864
0
0
9
268435456
3000
100
1
0
1
0
0
1

0
1
1
1
8875
0
0
9
134217728
4000
500
1
0
1
0
0
1

0
1
2
1
8881
0
0
9
67108864
3000
50
1
0
1
0
0
1

0
1
2
1
8909
0
1
12
67108864
3000
100
14
1
1
0
1
0
0
1
0
0
1
8
1
8911
0
0
9
268435456
2000
250
1
0
1
0
0
1

0
1
2
2
8925
0
1
11
268435456
3000
500
39
0
1
0
1
0
0
1
0
1
4
2
8930
0
2
10
268435456
3000
500
5
1
0
1
0
0
1

0
1
8
8
8953
0
1
11
268435456
1000
500
44
0
1
0
1
0
0
1
0
1
4
1
8954
0
1
11
67108864
2000
50
34
0
1
0
1
0
0
1
0
1
8
1
8958
0
0
9
134217728
4000
1000
1
0
1
0
0
1

0
1
1
1
8960
0
2
10
268435456
3000
500
100
1
0
1
0
0
1

0
1
4
2
8969
0
2
10
134217728
3000
250
1000
1
0
1
0
0
1

0
1
1
1
8991
0
1
12
134217728
2000
250
46
1
1
0
1
0
0
1
0
0
1
2
2
9017
0
1
12
268435456
3000
500
94
1
1
0
1
0
0
1
0
0
1
8
8
9030
0
1
12
134217728
3000
500
10
1
1
0
1
0
0
1
0
0
1
4
1
9060
0
0
9
67108864
3000
250
1
0
1
0
0
1

0
1
1
1
9073
0
0
9
268435456
3000
500
1
0
1
0
0
1

0
1
1
1
9080
0
0
9
134217728
4000
50
1
0
1
0
0
1

0
1
1
1
9109
0
2
10
268435456
1000
500
1000
1
0
1
0
0
1

0
1
2
1
9132
0
0
9
67108864
2000
50
1
0
1
0
0
1

0
1
4
1
9152
0
1
12
134217728
2000
1000
20
1
1
0
1
0
0
1
0
0
1
1
1
9155
0
0
9
268435456
1000
500
1
0
1
0
0
1

0
1
1
1
9168
0
2
10
268435456
2000
500
1
1
0
1
0
0
1

0
1
2
2
9179
0
0
9
67108864
3000
50
1
0
1
0
0
1

0
1
4
1
9203
0
1
11
67108864
1000
50
91
0
1
0
1
0
0
1
0
1
4
1
9229
0
1
11
134217728
4000
500
64
0
1
0
1
0
0
1
0
1
8
1
9238
0
1
11
134217728
4000
500
51
0
1
0
1
0
0
1
0
1
4
4
9244
0
0
9
67108864
1000
50
1
0
1
0
0
1

0
1
1
1
9255
0
2
10
134217728
2000
100
100
1
0
1
0
0
1

0
1
1
1
9283
0
0
9
134217728
2000
50
1
0
1
0
0
1

0
1
1
1
9288
0
2
10
268435456
3000
250
10
1
0
1
0
0
1

0
1
4
2
9308
0
0
9
67108864
1000
1000
1
0
1
0
0
1

0
1
2
1
9319
0
0
9
134217728
4000
1000
1
0
1
0
0
1

0
1
2
1
9339
0
1
11
268435456
2000
500
25
0
1
0
1
0
0
1
0
1
4
4
9348
0
2
10
67108864
3000
250
5
1
0
1
0
0
1

0
1
4
1
9370
0
1
12
268435456
3000
50
78
1
1
0
1
0
0
1
0
0
1
1
1
9391
0
0
9
134217728
1000
50
1
0
1
0
0
1

0
1
1
1
9396
0
2
10
134217728
1000
1000
5
1
0
1
0
0
1

0
1
8
4
9419
0
2
10
134217728
3000
50
5
1
0
1
0
0
1

0
1
4
2
9430
0
1
12
134217728
2000
500
43
1
1
0
1
0
0
1
0
0
1
4
1
9460
0
0
9
268435456
3000
500
1
0
1
0
0
1

0
1
1
1
9473
0
2
10
268435456
1000
500
5
1
0
1
0
0
1

0
1
2
1
9479
0
2
10
134217728
1000
500
1000
1
0
1
0
0
1

0
1
8
2
9508
0
0
9
268435456
2000
500
1
0
1
0
0
1

0
1
4
1
9535
0
2
10
134217728
2000
250
100
1
0
1
0
0
1

0
1
4
2
9541
0
0
9
67108864
3000
50
1
0
1
0
0
1

0
1
2
1
9542
0
2
10
134217728
1000
1000
10
1
0
1
0
0
1

0
1
2
1
9567
0
0
9
134217728
3000
1000
1
0
1
0
0
1

0
1
2
2
9584
0
2
10
67108864
1000
500
10
1
0
1
0
0
1

0
1
8
2
9609
0
2
10
268435456
3000
500
100
1
0
1
0
0
1

0
1
2
2
9631
0
2
10
268435456
1000
50
5
1
0
1
0
0
1

0
1
2
1
9651
0
0
9
67108864
2000
100
1
0
1
0
0
1

0
1
2
1
9665
0
0
9
268435456
3000
50
1
0
1
0
0
1

0
1
8
8
9684
0
2
10
268435456
2000
50
100
1
0
1
0
0
1

0
1
1
1
9709
0
1
11
67108864
2000
500
57
0
1
0
1
0
0
1
0
1
1
1
9723
0
0
9
134217728
1000
250
1
0
1
0
0
1

0
1
2
1
9727
0
1
12
268435456
3000
50
8
1
1
0
1
0
0
1
0
0
1
1
1
9735
0
1
11
67108864
1000
1000
35
0
1
0
1
0
0
1
0
1
2
1
9744
0
0
9
67108864
1000
500
1
0
1
0
0
1

0
1
8
4
9773
0
1
11
268435456
3000
500
11
0
1
0
1
0
0
1
0
1
1
1
9795
0
1
11
134217728
1000
50
46
0
1
0
1
0
0
1
0
1
4
2
9820
0
2
10
268435456
2000
250
5
1
0
1
0
0
1

0
1
8
1
9831
0
0
9
134217728
3000
250
1
0
1
0
0
1

0
1
1
1
9839
0
0
9
268435456
3000
500
1
0
1
0
0
1

0
1
2
1
9866
0
1
11
67108864
2000
100
37
0
1
0
1
0
0
1
0
1
4
1
9867
0
0
9
134217728
4000
50
1
0
1
0
0
1

0
1
4
2
9874
0
0
9
134217728
1000
50
1
0
1
0
0
1

0
1
8
4
9885
0
0
9
67108864
4000
1000
1
0
1
0
0
1

0
1
2
1
9899
0
1
12
268435456
3000
100
35
1
1
0
1
0
0
1
0
0
1
4
1
9913
0
2
10
134217728
4000
250
5
1
0
1
0
0
1

0
1
4
2
9931
0
2
10
268435456
3000
100
100
1
0
1
0
0
1

0
1
8
4
9946
0
0
9
268435456
3000
500
1
0
1
0
0
1

0
1
2
1
9965
0
2
10
67108864
1000
250
1000
1
0
1
0
0
1

0
1
2
1
9980
0
0
9
134217728
1000
500
1
0
1
0
0
1

0
1
8
4
9984
0
2
10
134217728
2000
500
10
1
0
1
0
0
1

0
1
4
2
10007
0
0
9
268435456
2000
100
1
0
1
0
0
1

0
1
4
2
10033
0
1
12
134217728
2000
100
48
1
1
0
1
0
0
1
0
0
1
4
4
10057
0
2
10
134217728
2000
100
1
1
0
1
0
0
1

0
1
4
2
10058
0
0
9
268435456
3000
500
1
0
1
0
0
1

0
1
8
2
10064
0
0
9
134217728
1000
250
1
0
1
0
0
1

0
1
8
1
10082
0
1
12
134217728
4000
50
94
1
1
0
1
0
0
1
0
0
1
1
1
10092
0
2
10
268435456
1000
250
5
1
0
1
0
0
1

0
1
2
1
10093
0
2
10
134217728
1000
50
1
1
0
1
0
0
1

0
1
4
2
10113
0
2
10
268435456
3000
500
10
1
0
1
0
0
1

0
1
2
1
10143
0
2
10
67108864
2000
250
1000
1
0
1
0
0
1

0
1
2
1
10165
0
2
10
268435456
2000
100
1000
1
0
1
0
0
1

0
1
4
2
10191
0
1
11
134217728
2000
500
40
0
1
0
1
0
0
1
0
1
4
4
10209
0
1
11
67108864
1000
1000
63
0
1
0
1
0
0
1
0
1
2
1
10215
0
0
9
268435456
1000
50
1
0
1
0
0
1

0
1
8
1
10237
0
0
9
268435456
1000
100
1
0
1
0
0
1

0
1
2
2
10265
0
1
11
67108864
2000
50
5
0
1
0
1
0
0
1
0
1
4
1
10291
0
0
9
67108864
1000
500
1
0
1
0
0
1

0
1
1
1
10318
0
2
10
134217728
4000
500
100
1
0
1
0
0
1

0
1
4
4
10333
0
1
11
67108864
4000
250
51
0
1
0
1
0
0
1
0
1
4
1
10345
0
0
9
134217728
1000
1000
1
0
1
0
0
1

0
1
4
1
10359
0
0
9
67108864
2000
1000
1
0
1
0
0
1

0
1
4
4
10383
0
2
10
134217728
4000
250
1000
1
0
1
0
0
1

0
1
4
2
10385
0
2
10
268435456
3000
250
10
1
0
1
0
0
1

0
1
1
1
10410
0
0
9
134217728
4000
1000
1
0
1
0
0
1

0
1
8
4
10433
0
0
9
268435456
3000
50
1
0
1
0
0
1

0
1
2
1
10456
0
2
10
67108864
1000
1000
100
1
0
1
0
0
1

0
1
4
2
10481
0
0
9
268435456
3000
100
1
0
1
0
0
1

0
1
8
1
10507
0
1
11
268435456
3000
100
54
0
1
0
1
0
0
1
0
1
4
2
10532
0
1
12
268435456
3000
250
39
1
1
0
1
0
0
1
0
0
1
4
2
10536
0
1
11
134217728
3000
500
62
0
1
0
1
0
0
1
0
1
2
1
10547
0
2
10
268435456
3000
50
1000
1
0
1
0
0
1

0
1
1
1
10575
0
1
11
268435456
3000
250
41
0
1
0
1
0
0
1
0
1
4
2
10577
0
0
9
134217728
4000
250
1
0
1
0
0
1

0
1
8
1
10585
0
1
11
134217728
4000
250
42
0
1
0
1
0
0
1
0
1
2
2
10612
0
0
9
67108864
3000
500
1
0
1
0
0
1

0
1
4
2
10640
0
1
12
268435456
3000
500
43
1
1
0
1
0
0
1
0
0
1
2
1
10657
0
0
9
134217728
3000
250
1
0
1
0
0
1

0
1
1
1
10687
0
0
9
268435456
3000
50
1
0
1
0
0
1

0
1
4
1
10714
0
1
11
268435456
2000
100
91
0
1
0
1
0
0
1
0
1
1
1
10719
0
1
12
67108864
1000
50
77
1
1
0
1
0
0
1
0
0
1
1
1
10733
0
0
9
134217728
3000
250
1
0
1
0
0
1

0
1
1
1
10750
0
2
10
67108864
2000
500
100
1
0
1
0
0
1

0
1
1
1
10779
0
1
11
268435456
1000
500
72
0
1
0
1
0
0
1
0
1
4
2
10781
0
1
12
134217728
3000
500
50
1
1
0
1
0
0
1
0
0
1
1
1
10808
0
2
10
268435456
3000
250
5
1
0
1
0
0
1

0
1
8
2
10823
0
0
9
134217728
3000
1000
1
0
1
0
0
1

0
1
1
1
10841
0
1
12
67108864
3000
50
33
1
1
0
1
0
0
1
0
0
1
8
8
10871
0
0
9
134217728
1000
50
1
0
1
0
0
1

0
1
1
1
10876
0
2
10
67108864
3000
500
5
1
0
1
0
0
1

0
1
4
4
10888
0
2
10
67108864
4000
100
100
1
0
1
0
0
1

0
1
2
1
10891
0
0
9
67108864
2000
50
1
0
1
0
0
1

0
1
1
1
10892
0
1
12
268435456
3000
500
20
1
1
0
1
0
0
1
0
0
1
2
1
10900
0
1
12
67108864
2000
100
75
1
1
0
1
0
0
1
0
0
1
8
1
10917
0
2
10
268435456
1000
500
5
1
0
1
0
0
1

0
1
2
1
10947
0
2
10
134217728
1000
1000
5
1
0
1
0
0
1

0
1
2
2
10959
0
2
10
134217728
2000
1000
10
1
0
1
0
0
1

0
1
1
1
10983
0
0
9
268435456
3000
500
1
0
1
0
0
1

0
1
4
2
10992
0
2
10
134217728
4000
250
1
1
0
1
0
0
1

0
1
2
1
11018
0
0
9
134217728
2000
1000
1
0
1
0
0
1

0
1
1
1
11021
0
2
10
268435456
2000
100
1000
1
0
1
0
0
1

0
1
1
1
11051
0
2
10
268435456
3000
50
5
1
0
1
0
0
1

0
1
1
1
11080
0
1
12
268435456
3000
500
34
1
1
0
1
0
0
1
0
0
1
4
1
11109
0
2
10
268435456
1000
50
10
1
0
1
0
0
1

0
1
4
1
11114
0
0
9
67108864
1000
500
1
0
1
0
0
1

0
1
8
8
11127
0
1
11
67108864
4000
1000
60
0
1
0
1
0
0
1
0
1
8
1
11151
0
1
12
67108864
4000
250
68
1
1
0
1
0
0
1
0
0
1
1
1
11175
0
2
10
67108864
1000
1000
1000
1
0
1
0
0
1

0
1
8
4
11200
0
1
11
67108864
2000
500
9
0
1
0
1
0
0
1
0
1
1
1
11214
0
0
9
268435456
3000
250
1
0
1
0
0
1

0
1
2
1
11227
0
1
12
67108864
3000
100
52
1
1
0
1
0
0
1
0
0
1
8
8
11235
0
0
9
67108864
4000
50
1
0
1
0
0
1

0
1
8
8
11236
0
1
11
268435456
2000
500
54
0
1
0
1
0
0
1
0
1
2
1
11262
0
0
9
67108864
1000
250
1
0
1
0
0
1

0
1
8
4
11288
0
0
9
134217728
1000
500
1
0
1
0
0
1

0
1
2
1
11300
0
2
10
134217728
3000
50
100
1
0
1
0
0
1

0
1
8
4
11310
0
2
10
268435456
2000
250
10
1
0
1
0
0
1

0
1
8
2
11323
0
1
11
67108864
3000
100
58
0
1
0
1
0
0
1
0
1
8
8
11330
0
1
11
67108864
1000
250
50
0
1
0
1
0
0
1
0
1
2
1
11345
0
0
9
67108864
3000
100
1
0
1
0
0
1

0
1
2
1
11358
0
2
10
134217728
4000
1000
5
1
0
1
0
0
1

0
1
1
1
11362
0
0
9
67108864
4000
500
1
0
1
0
0
1

0
1
4
2
11376
0
2
10
134217728
3000
50
1000
1
0
1
0
0
1

0
1
8
1
11398
0
0
9
268435456
1000
50
1
0
1
0
0
1

0
1
8
1
11405
0
1
12
67108864
3000
100
13
1
1
0
1
0
0
1
0
0
1
1
1
11435
0
2
10
268435456
1000
100
10
1
0
1
0
0
1

0
1
4
1
11456
0
1
12
134217728
4000
500
46
1
1
0
1
0
0
1
0
0
1
2
1
11463
0
0
9
268435456
3000
100
1
0
1
0
0
1

0
1
4
2
11465
0
1
12
67108864
2000
1000
71
1
1
0
1
0
0
1
0
0
1
1
1
11466
0
2
10
134217728
4000
1000
1000
1
0
1
0
0
1

0
1
4
2
11479
0
1
12
268435456
3000
50
16
1
1
0
1
0
0
1
0
0
1
2
1
11497
0
1
11
67108864
4000
250
38
0
1
0
1
0
0
1
0
1
2
1
11501
0
2
10
268435456
3000
50
1
1
0
1
0
0
1

0
1
4
2
11504
0
1
11
268435456
3000
500
2
0
1
0
1
0
0
1
0
1
1
1
11529
0
0
9
134217728
2000
500
1
0
1
0
0
1

0
1
2
1
11552
0
1
11
67108864
1000
50
31
0
1
0
1
0
0
1
0
1
8
4
11571
0
1
11
268435456
2000
100
22
0
1
0
1
0
0
1
0
1
4
2
11595
0
2
10
134217728
4000
100
1000
1
0
1
0
0
1

0
1
8
1
11616
0
2
10
268435456
3000
250
1
1
0
1
0
0
1

0
1
1
1
11625
0
1
11
67108864
1000
1000
34
0
1
0
1
0
0
1
0
1
4
4
11626
0
2
10
268435456
2000
500
10
1
0
1
0
0
1

0
1
8
1
11656
0
1
11
134217728
3000
250
15
0
1
0
1
0
0
1
0
1
2
2
11664
0
1
11
134217728
3000
100
16
0
1
0
1
0
0
1
0
1
4
2
11684
0
1
11
134217728
2000
50
69
0
1
0
1
0
0
1
0
1
4
4
11687
0
1
12
134217728
3000
1000
69
1
1
0
1
0
0
1
0
0
1
1
1
11697
0
2
10
268435456
3000
500
10
1
0
1
0
0
1

0
1
4
1
11705
0
1
12
134217728
3000
50
36
1
1
0
1
0
0
1
0
0
1
4
2
11728
0
1
12
268435456
3000
500
60
1
1
0
1
0
0
1
0
0
1
8
2
11741
0
1
11
134217728
2000
100
15
0
1
0
1
0
0
1
0
1
4
4
11753
0
2
10
268435456
3000
100
1
1
0
1
0
0
1

0
1
1
1
11763
0
1
12
134217728
1000
50
4
1
1
0
1
0
0
1
0
0
1
1
1
11793
0
0
9
67108864
1000
1000
1
0
1
0
0
1

0
1
2
1
11798
0
2
10
268435456
3000
100
5
1
0
1
0
0
1

0
1
8
4
11802
0
0
9
134217728
3000
500
1
0
1
0
0
1

0
1
8
2
11815
0
1
11
134217728
3000
50
22
0
1
0
1
0
0
1
0
1
2
2
11827
0
2
10
134217728
1000
100
10
1
0
1
0
0
1

0
1
1
1
11829
0
0
9
268435456
3000
500
1
0
1
0
0
1

0
1
4
2
11841
0
1
12
134217728
2000
250
99
1
1
0
1
0
0
1
0
0
1
2
2
11852
0
0
9
134217728
3000
1000
1
0
1
0
0
1

0
1
4
2
11868
0
1
11
134217728
3000
50
9
0
1
0
1
0
0
1
0
1
2
1
11877
0
1
11
268435456
1000
50
74
0
1
0
1
0
0
1
0
1
2
1
11881
0
2
10
268435456
3000
250
1000
1
0
1
0
0
1

0
1
8
8
11893
0
1
12
134217728
3000
1000
61
1
1
0
1
0
0
1
0
0
1
2
1
11912
0
2
10
268435456
3000
250
100
1
0
1
0
0
1

0
1
8
2
11927
0
2
10
67108864
2000
500
100
1
0
1
0
0
1

0
1
2
1
11939
0
1
11
268435456
2000
100
20
0
1
0
1
0
0
1
0
1
2
1
11943
0
1
12
67108864
2000
50
36
1
1
0
1
0
0
1
0
0
1
4
1
11971
0
0
9
134217728
3000
250
1
0
1
0
0
1

0
1
1
1
11974
0
2
10
67108864
2000
250
5
1
0
1
0
0
1

0
1
4
2
11990
0
1
12
134217728
1000
100
41
1
1
0
1
0
0
1
0
0
1
2
1
12011
0
2
10
268435456
1000
100
1
1
0
1
0
0
1

0
1
8
2
12040
0
2
10
67108864
1000
1000
10
1
0
1
0
0
1

0
1
4
2
12041
0
2
10
268435456
3000
50
1000
1
0
1
0
0
1

0
1
1
1
12047
0
0
9
268435456
2000
250
1
0
1
0
0
1

0
1
8
4
12055
0
2
10
268435456
2000
100
1
1
0
1
0
0
1

0
1
8
4
12065
0
0
9
268435456
3000
250
1
0
1
0
0
1

0
1
4
2
12077
0
2
10
268435456
1000
500
1
1
0
1
0
0
1

0
1
8
4
12097
0
1
11
67108864
1000
50
49
0
1
0
1
0
0
1
0
1
2
1
12112
0
0
9
268435456
3000
500
1
0
1
0
0
1

0
1
4
4
12139
0
1
12
134217728
1000
500
2
1
1
0
1
0
0
1
0
0
1
2
1
12146
0
0
9
134217728
2000
500
1
0
1
0
0
1

0
1
1
1
12160
0
0
9
67108864
2000
1000
1
0
1
0
0
1

0
1
4
2
12183
0
2
10
268435456
3000
50
5
1
0
1
0
0
1

0
1
2
2
12188
0
2
10
134217728
1000
100
100
1
0
1
0
0
1

0
1
1
1
12199
0
2
10
268435456
3000
50
1
1
0
1
0
0
1

0
1
1
1
12218
0
1
12
268435456
3000
500
26
1
1
0
1
0
0
1
0
0
1
4
1
12224
0
1
11
134217728
3000
50
3
0
1
0
1
0
0
1
0
1
2
1
12245
0
1
12
268435456
2000
50
91
1
1
0
1
0
0
1
0
0
1
4
2
12268
0
2
10
134217728
2000
100
1
1
0
1
0
0
1

0
1
8
2
12274
0
2
10
268435456
3000
50
1
1
0
1
0
0
1

0
1
2
2
12275
0
0
9
268435456
2000
50
1
0
1
0
0
1

0
1
4
2
12283
0
2
10
67108864
3000
250
10
1
0
1
0
0
1

0
1
2
1
12305
0
2
10
268435456
2000
250
5
1
0
1
0
0
1

0
1
8
1
12323
0
2
10
67108864
3000
50
10
1
0
1
0
0
1

0
1
8
1
12332
0
1
11
268435456
3000
500
4
0
1
0
1
0
0
1
0
1
1
1
12337
0
2
10
67108864
2000
50
1000
1
0
1
0
0
1

0
1
2
1
12354
0
1
12
67108864
2000
250
28
1
1
0
1
0
0
1
0
0
1
8
2
12366
0
2
10
134217728
3000
500
5
1
0
1
0
0
1

0
1
1
1
12391
0
1
12
67108864
1000
250
57
1
1
0
1
0
0
1
0
0
1
4
2
12417
0
2
10
134217728
4000
1000
10
1
0
1
0
0
1

0
1
2
1
12422
0
2
10
268435456
3000
500
1
1
0
1
0
0
1

0
1
2
2
12432
0
2
10
134217728
3000
50
1
1
0
1
0
0
1

0
1
1
1
12445
0
2
10
67108864
3000
100
100
1
0
1
0
0
1

0
1
4
2
12454
0
0
9
67108864
2000
250
1
0
1
0
0
1

0
1
2
1
12464
0
1
12
268435456
2000
50
78
1
1
0
1
0
0
1
0
0
1
8
1
12469
0
0
9
67108864
2000
100
1
0
1
0
0
1

0
1
2
2
12497
0
1
12
134217728
1000
50
91
1
1
0
1
0
0
1
0
0
1
1
1
12516
0
0
9
67108864
1000
50
1
0
1
0
0
1

0
1
2
1
12529
0
0
9
67108864
2000
50
1
0
1
0
0
1

0
1
2
2
12535
0
2
10
268435456
3000
50
100
1
0
1
0
0
1

0
1
8
4
12542
0
2
10
67108864
4000
50
100
1
0
1
0
0
1

0
1
8
4
12568
0
2
10
268435456
1000
100
1000
1
0
1
0
0
1

0
1
8
2
12591
0
2
10
67108864
3000
100
5
1
0
1
0
0
1

0
1
2
2
12615
0
1
11
134217728
4000
50
20
0
1
0
1
0
0
1
0
1
2
1
12629
0
0
9
268435456
3000
100
1
0
1
0
0
1

0
1
2
1
12659
0
0
9
268435456
3000
500
1
0
1
0
0
1

0
1
8
4
12663
0
1
12
67108864
1000
250
30
1
1
0
1
0
0
1
0
0
1
2
1
12667
0
2
10
268435456
2000
100
1
1
0
1
0
0
1

0
1
2
1
12694
0
0
9
268435456
2000
50
1
0
1
0
0
1

0
1
2
1
12712
0
2
10
67108864
4000
50
100
1
0
1
0
0
1

0
1
1
1
12725
0
1
12
268435456
2000
500
29
1
1
0
1
0
0
1
0
0
1
8
2
12733
0
2
10
134217728
4000
50
10
1
0
1
0
0
1

0
1
8
8
12756
0
2
10
268435456
3000
50
5
1
0
1
0
0
1

0
1
8
8
12785
0
2
10
67108864
4000
50
10
1
0
1
0
0
1

0
1
1
1
12788
0
1
11
67108864
1000
50
35
0
1
0
1
0
0
1
0
1
1
1
12795
0
2
10
67108864
2000
250
1
1
0
1
0
0
1

0
1
4
4
12816
0
2
10
268435456
1000
50
5
1
0
1
0
0
1

0
1
4
2
12820
0
1
12
268435456
3000
500
0
1
1
0
1
0
0
1
0
0
1
2
2
12830
0
1
12
268435456
2000
250
84
1
1
0
1
0
0
1
0
0
1
2
1
12837
0
0
9
268435456
2000
250
1
0
1
0
0
1

0
1
8
4
12845
0
1
12
67108864
2000
1000
98
1
1
0
1
0
0
1
0
0
1
4
2
12867
0
1
12
67108864
3000
100
33
1
1
0
1
0
0
1
0
0
1
8
1
12885
0
1
11
268435456
3000
250
61
0
1
0
1
0
0
1
0
1
8
2
12897
0
0
9
268435456
3000
100
1
0
1
0
0
1

0
1
2
1
12900
0
1
12
134217728
3000
50
3
1
1
0
1
0
0
1
0
0
1
1
1
12923
0
2
10
67108864
3000
250
100
1
0
1
0
0
1

0
1
4
2
12943
0
1
11
134217728
2000
100
83
0
1
0
1
0
0
1
0
1
2
1
12953
0
1
12
134217728
1000
1000
93
1
1
0
1
0
0
1
0
0
1
1
1
12978
0
0
9
134217728
2000
50
1
0
1
0
0
1

0
1
1
1
12990
0
2
10
134217728
3000
50
1000
1
0
1
0
0
1

0
1
2
1
13017
0
1
11
268435456
3000
100
27
0
1
0
1
0
0
1
0
1
8
1
13047
0
2
10
67108864
1000
100
1000
1
0
1
0
0
1

0
1
4
1
13051
0
2
10
134217728
3000
250
1000
1
0
1
0
0
1

0
1
8
8
13074
0
2
10
134217728
3000
1000
1000
1
0
1
0
0
1

0
1
2
2
13103
0
0
9
268435456
3000
500
1
0
1
0
0
1

0
1
8
4
13108
0
2
10
67108864
1000
50
1000
1
0
1
0
0
1

0
1
4
2
13109
0
1
11
134217728
2000
50
98
0
1
0
1
0
0
1
0
1
4
2
13121
0
2
10
134217728
3000
250
5
1
0
1
0
0
1

0
1
2
1
13146
0
1
11
134217728
1000
1000
69
0
1
0
1
0
0
1
0
1
2
1
13157
0
0
9
134217728
4000
1000
1
0
1
0
0
1

0
1
4
4
13159
0
0
9
134217728
1000
500
1
0
1
0
0
1

0
1
4
4
13161
0
2
10
67108864
4000
1000
1
1
0
1
0
0
1

0
1
4
4
13166
0
2
10
67108864
4000
50
10
1
0
1
0
0
1

0
1
1
1
13190
0
1
11
67108864
1000
1000
95
0
1
0
1
0
0
1
0
1
4
2
13216
0
0
9
67108864
4000
250
1
0
1
0
0
1

0
1
2
1
13234
0
2
10
67108864
3000
500
10
1
0
1
0
0
1

0
1
8
8
13253
0
2
10
67108864
1000
50
1
1
0
1
0
0
1

0
1
4
4
13282
0
0
9
268435456
1000
250
1
0
1
0
0
1

0
1
1
1
13298
0
0
9
67108864
2000
100
1
0
1
0
0
1

0
1
4
2
13315
0
2
10
268435456
3000
500
5
1
0
1
0
0
1

0
1
8
2
13328
0
0
9
67108864
3000
50
1
0
1
0
0
1

0
1
1
1
13342
0
1
12
134217728
1000
1000
79
1
1
0
1
0
0
1
0
0
1
2
1
13351
0
0
9
134217728
3000
250
1
0
1
0
0
1

0
1
1
1
13353
0
1
12
268435456
3000
500
96
1
1
0
1
0
0
1
0
0
1
4
1
13358
0
0
9
268435456
2000
50
1
0
1
0
0
1

0
1
1
1
13365
0
2
10
268435456
2000
50
100
1
0
1
0
0
1

0
1
2
1
13386
0
0
9
67108864
4000
1000
1
0
1
0
0
1

0
1
4
1
13391
0
0
9
67108864
4000
500
1
0
1
0
0
1

0
1
4
2
13398
0
0
9
268435456
3000
100
1
0
1
0
0
1

0
1
4
2
13417
0
0
9
67108864
4000
500
1
0
1
0
0
1

0
1
4
1
13429
0
1
11
67108864
4000
250
16
0
1
0
1
0
0
1
0
1
2
1
13443
0
0
9
67108864
4000
100
1
0
1
0
0
1

0
1
8
1
13471
0
2
10
67108864
2000
50
100
1
0
1
0
0
1

0
1
1
1
13476
0
1
12
268435456
3000
250
40
1
1
0
1
0
0
1
0
0
1
1
1
13492
0
1
11
268435456
2000
100
18
0
1
0
1
0
0
1
0
1
2
1
13514
0
1
11
134217728
4000
250
40
0
1
0
1
0
0
1
0
1
8
8
13542
0
1
11
268435456
1000
500
82
0
1
0
1
0
0
1
0
1
4
2
13570
0
1
11
67108864
3000
100
90
0
1
0
1
0
0
1
0
1
1
1
13585
0
1
12
67108864
4000
250
25
1
1
0
1
0
0
1
0
0
1
4
4
13610
0
0
9
134217728
1000
1000
1
0
1
0
0
1

0
1
4
1
13623
0
0
9
268435456
3000
500
1
0
1
0
0
1

0
1
2
2
13627
0
1
12
67108864
1000
100
28
1
1
0
1
0
0
1
0
0
1
2
1
13652
0
2
10
67108864
2000
100
5
1
0
1
0
0
1

0
1
2
1
13659
0
1
11
134217728
1000
100
65
0
1
0
1
0
0
1
0
1
1
1
13664
0
2
10
268435456
1000
500
1000
1
0
1
0
0
1

0
1
8
4
13678
0
1
11
268435456
3000
100
33
0
1
0
1
0
0
1
0
1
4
2
13691
0
2
10
134217728
2000
1000
100
1
0
1
0
0
1

0
1
2
1
13692
0
0
9
134217728
1000
50
1
0
1
0
0
1

0
1
1
1
13719
0
2
10
268435456
2000
50
10
1
0
1
0
0
1

0
1
8
1
13739
0
0
9
268435456
2000
100
1
0
1
0
0
1

0
1
1
1
13768
0
2
10
268435456
2000
500
10
1
0
1
0
0
1

0
1
2
1
13784
0
0
9
134217728
1000
50
1
0
1
0
0
1

0
1
2
1
13809
0
1
12
268435456
2000
250
74
1
1
0
1
0
0
1
0
0
1
4
2
13810
0
2
10
67108864
4000
100
1
1
0
1
0
0
1

0
1
2
2
13829
0
0
9
268435456
2000
250
1
0
1
0
0
1

0
1
2
2
13834
0
0
9
134217728
3000
100
1
0
1
0
0
1

0
1
2
1
13864
0
2
10
67108864
4000
100
100
1
0
1
0
0
1

0
1
2
1
13875
0
1
12
268435456
2000
250
50
1
1
0
1
0
0
1
0
0
1
4
1
13900
0
1
11
134217728
2000
1000
43
0
1
0
1
0
0
1
0
1
4
2
13904
0
2
10
268435456
1000
500
10
1
0
1
0
0
1

0
1
1
1
13919
0
0
9
134217728
2000
250
1
0
1
0
0
1

0
1
4
2
13924
0
1
11
134217728
1000
250
64
0
1
0
1
0
0
1
0
1
8
1
13946
0
1
12
67108864
1000
250
9
1
1
0
1
0
0
1
0
0
1
4
2
13972
0
2
10
67108864
4000
500
1000
1
0
1
0
0
1

0
1
1
1
13992
0
0
9
268435456
2000
500
1
0
1
0
0
1

0
1
4
1
13994
0
0
9
67108864
1000
50
1
0
1
0
0
1

0
1
8
4
13995
0
0
9
134217728
4000
1000
1
0
1
0
0
1

0
1
1
1
14024
0
0
9
67108864
3000
50
1
0
1
0
0
1

0
1
1
1
14044
0
1
11
67108864
1000
500
58
0
1
0
1
0
0
1
0
1
4
1
14050
0
2
10
268435456
3000
50
100
1
0
1
0
0
1

0
1
1
1
14068
0
1
11
67108864
2000
250
5
0
1
0
1
0
0
1
0
1
1
1
14082
0
0
9
67108864
4000
250
1
0
1
0
0
1

0
1
2
1
14085
0
2
10
268435456
3000
100
100
1
0
1
0
0
1

0
1
1
1
14097
0
0
9
268435456
2000
500
1
0
1
0
0
1

0
1
8
4
14099
0
0
9
134217728
2000
100
1
0
1
0
0
1

0
1
8
1
14128
0
2
10
268435456
1000
250
100
1
0
1
0
0
1

0
1
2
1
14140
0
2
10
67108864
1000
250
100
1
0
1
0
0
1

0
1
1
1
14163
0
1
11
134217728
2000
1000
72
0
1
0
1
0
0
1
0
1
4
1
14170
0
1
11
268435456
2000
250
66
0
1
0
1
0
0
1
0
1
2
1
14198
0
0
9
134217728
2000
500
1
0
1
0
0
1

0
1
4
2
14211
0
1
12
67108864
4000
250
33
1
1
0
1
0
0
1
0
0
1
8
8
14222
0
2
10
134217728
4000
500
100
1
0
1
0
0
1

0
1
2
2
14243
0
1
12
268435456
2000
500
12
1
1
0
1
0
0
1
0
0
1
2
2
14260
0
0
9
67108864
3000
50
1
0
1
0
0
1

0
1
2
1
14278
0
0
9
67108864
3000
50
1
0
1
0
0
1

0
1
1
1
14305
0
1
12
134217728
2000
50
61
1
1
0
1
0
0
1
0
0
1
1
1
14325
0
0
9
268435456
3000
50
1
0
1
0
0
1

0
1
8
8
14353
0
2
10
268435456
3000
500
100
1
0
1
0
0
1

0
1
8
1
14358
0
2
10
67108864
4000
500
10
1
0
1
0
0
1

0
1
8
8
14359
0
2
10
67108864
2000
500
10
1
0
1
0
0
1

0
1
1
1
14378
0
2
10
134217728
1000
50
1
1
0
1
0
0
1

0
1
1
1
14401
0
2
10
134217728
4000
250
5
1
0
1
0
0
1

0
1
8
2
14431
0
0
9
134217728
4000
100
1
0
1
0
0
1

0
1
1
1
14443
0
2
10
268435456
1000
500
1
1
0
1
0
0
1

0
1
4
2
14449
0
2
10
134217728
1000
1000
10
1
0
1
0
0
1

0
1
2
1
14477
0
1
11
268435456
2000
250
14
0
1
0
1
0
0
1
0
1
2
1
14506
0
1
11
268435456
3000
500
13
0
1
0
1
0
0
1
0
1
2
1
14517
0
1
11
268435456
3000
100
31
0
1
0
1
0
0
1
0
1
1
1
14519
0
1
12
134217728
3000
250
74
1
1
0
1
0
0
1
0
0
1
2
1
14546
0
0
9
268435456
1000
500
1
0
1
0
0
1

0
1
2
2
14567
0
2
10
67108864
1000
1000
5
1
0
1
0
0
1

0
1
1
1
14577
0
1
11
268435456
1000
500
52
0
1
0
1
0
0
1
0
1
2
1
14596
0
0
9
67108864
4000
250
1
0
1
0
0
1

0
1
4
2
14602
0
2
10
134217728
4000
50
100
1
0
1
0
0
1

0
1
8
1
14613
0
1
12
268435456
1000
500
68
1
1
0
1
0
0
1
0
0
1
8
1
14628
0
2
10
268435456
1000
100
100
1
0
1
0
0
1

0
1
4
1
14653
0
1
11
67108864
2000
100
55
0
1
0
1
0
0
1
0
1
4
2
14677
0
2
10
67108864
3000
50
100
1
0
1
0
0
1

0
1
2
1
14693
0
0
9
67108864
1000
50
1
0
1
0
0
1

0
1
1
1
14706
0
2
10
67108864
3000
250
1
1
0
1
0
0
1

0
1
8
4
14718
0
1
12
67108864
4000
500
15
1
1
0
1
0
0
1
0
0
1
1
1
14730
0
1
12
67108864
4000
500
66
1
1
0
1
0
0
1
0
0
1
1
1
14748
0
0
9
268435456
2000
50
1
0
1
0
0
1

0
1
2
1
14765
0
1
11
67108864
4000
250
26
0
1
0
1
0
0
1
0
1
2
1
14781
0
1
12
67108864
1000
250
84
1
1
0
1
0
0
1
0
0
1
2
1
14791
0
1
12
134217728
4000
1000
45
1
1
0
1
0
0
1
0
0
1
2
1
14795
0
2
10
268435456
3000
500
10
1
0
1
0
0
1

0
1
2
1
14801
0
1
11
268435456
2000
500
56
0
1
0
1
0
0
1
0
1
4
4
14816
0
2
10
268435456
3000
50
10
1
0
1
0
0
1

0
1
2
1
14824
0
1
11
67108864
2000
50
88
0
1
0
1
0
0
1
0
1
1
1
14849
0
0
9
134217728
2000
1000
1
0
1
0
0
1

0
1
1
1
14852
0
2
10
67108864
2000
1000
10
1
0
1
0
0
1

0
1
4
2
14875
0
2
10
134217728
4000
500
10
1
0
1
0
0
1

0
1
8
8
14901
0
1
12
67108864
3000
1000
33
1
1
0
1
0
0
1
0
0
1
4
2
14908
0
2
10
268435456
2000
500
10
1
0
1
0
0
1

0
1
2
1
14933
0
1
12
268435456
3000
500
65
1
1
0
1
0
0
1
0
0
1
8
4
14936
0
0
9
134217728
2000
500
1
0
1
0
0
1

0
1
2
1
14964
0
2
10
268435456
3000
100
10
1
0
1
0
0
1

0
1
8
2
14969
0
0
9
67108864
1000
500
1
0
1
0
0
1

0
1
4
2
14981
0
2
10
268435456
3000
500
100
1
0
1
0
0
1

0
1
1
1
15000
0
1
12
134217728
3000
1000
60
1
1
0
1
0
0
1
0
0
1
1
1
15003
0
0
9
67108864
2000
500
1
0
1
0
0
1

0
1
2
1
15026
0
1
11
67108864
1000
50
91
0
1
0
1
0
0
1
0
1
1
1
15043
0
2
10
268435456
3000
500
1
1
0
1
0
0
1

0
1
4
2
15050
0
2
10
134217728
2000
1000
10
1
0
1
0
0
1

0
1
8
2
15078
0
0
9
67108864
2000
250
1
0
1
0
0
1

0
1
8
1
15104
0
2
10
268435456
3000
50
5
1
0
1
0
0
1

0
1
2
1
15121
0
2
10
67108864
2000
50
10
1
0
1
0
0
1

0
1
4
2
15139
0
1
11
67108864
3000
50
21
0
1
0
1
0
0
1
0
1
1
1
15160
0
0
9
67108864
2000
250
1
0
1
0
0
1

0
1
1
1
15185
0
1
12
134217728
2000
1000
62
1
1
0
1
0
0
1
0
0
1
4
1
15190
0
1
11
134217728
2000
250
84
0
1
0
1
0
0
1
0
1
8
1
15211
0
1
12
268435456
1000
50
38
1
1
0
1
0
0
1
0
0
1
2
2
15213
0
2
10
134217728
1000
100
1000
1
0
1
0
0
1

0
1
8
8
15237
0
2
10
134217728
1000
250
1
1
0
1
0
0
1

0
1
8
8
15241
0
1
12
67108864
3000
100
70
1
1
0
1
0
0
1
0
0
1
4
2
15256
0
0
9
268435456
2000
500
1
0
1
0
0
1

0
1
8
8
15262
0
0
9
268435456
1000
500
1
0
1
0
0
1

0
1
8
2
15287
0
0
9
268435456
3000
100
1
0
1
0
0
1

0
1
4
1
15311
0
1
11
134217728
4000
1000
2
0
1
0
1
0
0
1
0
1
8
2
15341
0
2
10
67108864
1000
100
100
1
0
1
0
0
1

0
1
2
1
15361
0
0
9
268435456
3000
100
1
0
1
0
0
1

0
1
2
1
15376
0
2
10
67108864
1000
1000
1
1
0
1
0
0
1

0
1
8
4
15380
0
0
9
67108864
4000
50
1
0
1
0
0
1

0
1
8
4
15395
0
0
9
134217728
2000
250
1
0
1
0
0
1

0
1
8
1
15403
0
1
11
134217728
1000
250
20
0
1
0
1
0
0
1
0
1
1
1
15406
0
2
10
268435456
3000
500
5
1
0
1
0
0
1

0
1
2
2
15426
0
1
12
67108864
4000
100
67
1
1
0
1
0
0
1
0
0
1
4
2
15450
0
2
10
268435456
1000
100
5
1
0
1
0
0
1

0
1
2
2
15471
0
0
9
134217728
4000
500
1
0
1
0
0
1

0
1
8
2
15488
0
2
10
134217728
3000
1000
1000
1
0
1
0
0
1

0
1
4
2
15518
0
2
10
134217728
4000
1000
1
1
0
1
0
0
1

0
1
8
2
15548
0
2
10
134217728
2000
100
1000
1
0
1
0
0
1

0
1
4
2
15574
0
0
9
134217728
4000
100
1
0
1
0
0
1

0
1
2
1
15584
0
0
9
268435456
2000
100
1
0
1
0
0
1

0
1
1
1
15596
0
1
12
268435456
1000
100
17
1
1
0
1
0
0
1
0
0
1
1
1
15601
0
1
12
268435456
3000
250
61
1
1
0
1
0
0
1
0
0
1
4
2
15603
0
1
12
67108864
2000
500
50
1
1
0
1
0
0
1
0
0
1
2
1
15620
0
1
11
134217728
2000
500
97
0
1
0
1
0
0
1
0
1
4
1
15639
0
1
12
268435456
3000
250
58
1
1
0
1
0
0
1
0
0
1
2
1
15666
0
1
12
67108864
3000
1000
91
1
1
0
1
0
0
1
0
0
1
1
1
15696
0
1
11
67108864
4000
100
10
0
1
0
1
0
0
1
0
1
8
8
15722
0
2
10
134217728
4000
100
10
1
0
1
0
0
1

0
1
4
1
15729
0
0
9
268435456
3000
250
1
0
1
0
0
1

0
1
1
1
15736
0
1
12
67108864
2000
500
4
1
1
0
1
0
0
1
0
0
1
8
4
15749
0
1
12
134217728
3000
1000
11
1
1
0
1
0
0
1
0
0
1
1
1
15767
0
1
12
67108864
2000
250
92
1
1
0
1
0
0
1
0
0
1
4
4
15782
0
2
10
268435456
2000
500
5
1
0
1
0
0
1

0
1
2
1
15787
0
2
10
134217728
4000
250
100
1
0
1
0
0
1

0
1
2
1
15813
0
0
9
67108864
3000
250
1
0
1
0
0
1

0
1
8
4
15816
0
1
12
67108864
3000
500
54
1
1
0
1
0
0
1
0
0
1
8
1
15836
0
2
10
134217728
4000
500
1
1
0
1
0
0
1

0
1
8
1
15851
0
0
9
134217728
4000
100
1
0
1
0
0
1

0
1
4
2
15866
0
0
9
67108864
4000
1000
1
0
1
0
0
1

0
1
4
2
15875
0
1
12
67108864
1000
50
41
1
1
0
1
0
0
1
0
0
1
1
1
15880
0
1
11
67108864
2000
250
91
0
1
0
1
0
0
1
0
1
1
1
15884
0
2
10
67108864
2000
500
10
1
0
1
0
0
1

0
1
4
4
15896
0
0
9
268435456
1000
50
1
0
1
0
0
1

0
1
1
1
15897
0
0
9
67108864
1000
100
1
0
1
0
0
1

0
1
1
1
15924
0
2
10
67108864
2000
50
100
1
0
1
0
0
1

0
1
4
2
15926
0
2
10
67108864
4000
50
10
1
0
1
0
0
1

0
1
4
1
15933
0
2
10
134217728
1000
100
100
1
0
1
0
0
1

0
1
1
1
15952
0
2
10
67108864
3000
250
5
1
0
1
0
0
1

0
1
4
2
15965
0
2
10
67108864
2000
500
1000
1
0
1
0
0
1

0
1
8
2
15983
0
2
10
134217728
3000
250
10
1
0
1
0
0
1

0
1
8
4
15996
0
0
9
67108864
3000
500
1
0
1
0
0
1

0
1
1
1
16015
0
1
11
67108864
1000
1000
14
0
1
0
1
0
0
1
0
1
8
4
16045
0
1
12
134217728
3000
1000
37
1
1
0
1
0
0
1
0
0
1
8
4
16064
0
0
9
67108864
3000
1000
1
0
1
0
0
1

0
1
1
1
16086
0
1
12
134217728
4000
500
80
1
1
0
1
0
0
1
0
0
1
4
1
16108
0
2
10
67108864
2000
1000
1000
1
0
1
0
0
1

0
1
2
1
16111
0
1
12
268435456
3000
100
13
1
1
0
1
0
0
1
0
0
1
8
2
16133
0
1
12
134217728
1000
50
33
1
1
0
1
0
0
1
0
0
1
2
1
16147
0
2
10
134217728
3000
50
100
1
0
1
0
0
1

0
1
4
2
16171
0
2
10
268435456
2000
500
1
1
0
1
0
0
1

0
1
8
1
16181
0
2
10
134217728
2000
500
10
1
0
1
0
0
1

0
1
4
2
16186
0
0
9
67108864
3000
1000
1
0
1
0
0
1

0
1
4
2
16199
0
2
10
134217728
1000
1000
1000
1
0
1
0
0
1

0
1
8
2
16217
0
0
9
268435456
3000
50
1
0
1
0
0
1

0
1
4
2
16234
0
2
10
268435456
3000
50
1000
1
0
1
0
0
1

0
1
2
1
16251
0
2
10
134217728
2000
100
1
1
0
1
0
0
1

0
1
4
1
16259
0
2
10
268435456
3000
500
5
1
0
1
0
0
1

0
1
2
1
16276
0
0
9
67108864
3000
100
1
0
1
0
0
1

0
1
1
1
16298
0
0
9
134217728
1000
500
1
0
1
0
0
1

0
1
2
1
16322
0
2
10
268435456
2000
250
100
1
0
1
0
0
1

0
1
8
2
16332
0
0
9
67108864
2000
250
1
0
1
0
0
1

0
1
8
1
16333
0
2
10
67108864
2000
500
5
1
0
1
0
0
1

0
1
4
2
16350
0
0
9
268435456
1000
100
1
0
1
0
0
1

0
1
4
4
16370
0
1
12
134217728
2000
50
11
1
1
0
1
0
0
1
0
0
1
8
1
16377
0
0
9
67108864
4000
500
1
0
1
0
0
1

0
1
4
2
16402
0
1
11
268435456
3000
500
55
0
1
0
1
0
0
1
0
1
4
2
16415
0
0
9
67108864
3000
1000
1
0
1
0
0
1

0
1
4
2
16427
0
0
9
134217728
1000
250
1
0
1
0
0
1

0
1
8
1
16431
0
0
9
268435456
3000
100
1
0
1
0
0
1

0
1
8
1
16459
0
2
10
268435456
3000
50
5
1
0
1
0
0
1

0
1
2
1
16473
0
1
11
67108864
1000
500
67
0
1
0
1
0
0
1
0
1
4
1
16479
0
1
11
67108864
3000
1000
40
0
1
0
1
0
0
1
0
1
4
4
16496
0
0
9
134217728
3000
500
1
0
1
0
0
1

0
1
8
1
16515
0
2
10
134217728
2000
500
5
1
0
1
0
0
1

0
1
1
1
16520
0
0
9
134217728
1000
1000
1
0
1
0
0
1

0
1
8
4
16528
0
1
11
67108864
4000
50
84
0
1
0
1
0
0
1
0
1
8
1
16554
0
1
11
268435456
3000
50
50
0
1
0
1
0
0
1
0
1
2
1
16558
0
1
11
67108864
1000
500
7
0
1
0
1
0
0
1
0
1
1
1
16573
0
0
9
134217728
1000
100
1
0
1
0
0
1

0
1
4
2
16585
0
0
9
67108864
3000
500
1
0
1
0
0
1

0
1
1
1
16590
0
2
10
67108864
4000
500
5
1
0
1
0
0
1

0
1
2
1
16594
0
1
12
67108864
3000
1000
76
1
1
0
1
0
0
1
0
0
1
2
2
16611
0
0
9
268435456
2000
100
1
0
1
0
0
1

0
1
8
1
16623
0
2
10
67108864
4000
250
10
1
0
1
0
0
1

0
1
1
1
16653
0
2
10
134217728
3000
500
1000
1
0
1
0
0
1

0
1
8
8
16681
0
2
10
268435456
3000
50
1
1
0
1
0
0
1

0
1
8
4
16695
0
2
10
134217728
3000
1000
10
1
0
1
0
0
1

0
1
2
2
16716
0
0
9
134217728
3000
50
1
0
1
0
0
1

0
1
2
1
16729
0
0
9
134217728
2000
50
1
0
1
0
0
1

0
1
2
1
16743
0
1
11
67108864
4000
50
9
0
1
0
1
0
0
1
0
1
2
1
16767
0
2
10
268435456
2000
100
10
1
0
1
0
0
1

0
1
2
1
16777
0
1
11
268435456
2000
500
73
0
1
0
1
0
0
1
0
1
1
1
16792
0
0
9
134217728
4000
250
1
0
1
0
0
1

0
1
8
4
16810
0
0
9
67108864
4000
50
1
0
1
0
0
1

0
1
1
1
16834
0
2
10
67108864
4000
500
1
1
0
1
0
0
1

0
1
2
1
16835
0
1
12
67108864
1000
1000
61
1
1
0
1
0
0
1
0
0
1
4
1
16863
0
1
11
134217728
3000
500
55
0
1
0
1
0
0
1
0
1
8
2
16869
0
2
10
67108864
3000
250
10
1
0
1
0
0
1

0
1
2
2
16885
0
0
9
134217728
3000
1000
1
0
1
0
0
1

0
1
1
1
16893
0
2
10
134217728
4000
50
1000
1
0
1
0
0
1

0
1
8
8
16898
0
0
9
268435456
2000
500
1
0
1
0
0
1

0
1
4
4
16919
0
2
10
268435456
1000
50
100
1
0
1
0
0
1

0
1
8
1
16936
0
0
9
268435456
2000
250
1
0
1
0
0
1

0
1
8
4
16946
0
2
10
268435456
2000
500
5
1
0
1
0
0
1

0
1
2
1
16955
0
2
10
67108864
3000
50
100
1
0
1
0
0
1

0
1
2
2
16978
0
2
10
268435456
1000
500
1
1
0
1
0
0
1

0
1
1
1
17008
0
2
10
268435456
3000
500
1
1
0
1
0
0
1

0
1
8
4
17015
0
1
11
268435456
2000
500
66
0
1
0
1
0
0
1
0
1
8
4
17025
0
2
10
268435456
2000
500
100
1
0
1
0
0
1

0
1
4
2
17052
0
0
9
268435456
2000
50
1
0
1
0
0
1

0
1
1
1
17079
0
1
11
134217728
3000
100
52
0
1
0
1
0
0
1
0
1
2
1
17095
0
1
12
134217728
2000
500
8
1
1
0
1
0
0
1
0
0
1
1
1
17099
0
0
9
134217728
3000
1000
1
0
1
0
0
1

0
1
8
1
17106
0
0
9
134217728
3000
100
1
0
1
0
0
1

0
1
8
4
17134
0
0
9
134217728
3000
250
1
0
1
0
0
1

0
1
2
1
17148
0
0
9
268435456
1000
100
1
0
1
0
0
1

0
1
4
2
17159
0
1
11
67108864
4000
1000
92
0
1
0
1
0
0
1
0
1
4
4
17164
0
0
9
134217728
4000
50
1
0
1
0
0
1

0
1
8
2
17181
0
0
9
134217728
3000
50
1
0
1
0
0
1

0
1
4
1
17189
0
0
9
268435456
3000
500
1
0
1
0
0
1

0
1
4
4
17194
0
1
11
67108864
1000
500
40
0
1
0
1
0
0
1
0
1
4
2
17210
0
1
11
67108864
3000
250
98
0
1
0
1
0
0
1
0
1
8
4
17239
0
0
9
268435456
2000
500
1
0
1
0
0
1

0
1
1
1
17241
0
1
11
134217728
2000
500
66
0
1
0
1
0
0
1
0
1
2
1
17251
0
0
9
134217728
1000
250
1
0
1
0
0
1

0
1
1
1
17258
0
0
9
268435456
3000
500
1
0
1
0
0
1

0
1
4
1
17269
0
2
10
268435456
3000
250
10
1
0
1
0
0
1

0
1
1
1
17286
0
2
10
67108864
4000
100
1
1
0
1
0
0
1

0
1
1
1
17287
0
2
10
268435456
2000
500
10
1
0
1
0
0
1

0
1
1
1
17297
0
1
12
67108864
3000
50
66
1
1
0
1
0
0
1
0
0
1
8
2
17321
0
2
10
268435456
3000
50
100
1
0
1
0
0
1

0
1
8
4
17349
0
0
9
268435456
3000
50
1
0
1
0
0
1

0
1
2
1
17371
0
1
11
268435456
3000
500
6
0
1
0
1
0
0
1
0
1
8
4
17401
0
2
10
134217728
2000
500
5
1
0
1
0
0
1

0
1
2
2
17426
0
0
9
134217728
2000
100
1
0
1
0
0
1

0
1
1
1
17434
0
2
10
67108864
3000
100
1
1
0
1
0
0
1

0
1
4
1
17437
0
2
10
67108864
3000
1000
100
1
0
1
0
0
1

0
1
8
1
17453
0
0
9
67108864
4000
500
1
0
1
0
0
1

0
1
1
1
17467
0
2
10
134217728
2000
1000
5
1
0
1
0
0
1

0
1
1
1
17470
0
0
9
268435456
3000
250
1
0
1
0
0
1

0
1
2
1
17481
0
2
10
268435456
2000
250
5
1
0
1
0
0
1

0
1
4
2
17496
0
0
9
134217728
3000
1000
1
0
1
0
0
1

0
1
8
4
17516
0
2
10
134217728
3000
1000
1000
1
0
1
0
0
1

0
1
4
1
17522
0
1
11
134217728
3000
50
88
0
1
0
1
0
0
1
0
1
1
1
17533
0
1
11
67108864
4000
100
91
0
1
0
1
0
0
1
0
1
1
1
17538
0
2
10
134217728
3000
1000
1
1
0
1
0
0
1

0
1
8
4
17554
0
0
9
67108864
3000
500
1
0
1
0
0
1

0
1
2
1
17576
0
0
9
268435456
3000
50
1
0
1
0
0
1

0
1
2
1
17592
0
0
9
268435456
2000
250
1
0
1
0
0
1

0
1
8
1
17599
0
2
10
134217728
3000
500
100
1
0
1
0
0
1

0
1
4
1
17609
0
1
12
67108864
3000
50
52
1
1
0
1
0
0
1
0
0
1
8
8
17636
0
2
10
268435456
1000
500
5
1
0
1
0
0
1

0
1
4
1
17649
0
2
10
67108864
3000
100
10
1
0
1
0
0
1

0
1
8
4
17676
0
1
12
134217728
1000
50
51
1
1
0
1
0
0
1
0
0
1
8
8
17696
0
2
10
67108864
4000
500
1000
1
0
1
0
0
1

0
1
1
1
17725
0
0
9
134217728
4000
250
1
0
1
0
0
1

0
1
8
1
17728
0
1
12
134217728
4000
250
79
1
1
0
1
0
0
1
0
0
1
4
4
17742
0
2
10
134217728
1000
250
5
1
0
1
0
0
1

0
1
1
1
17770
0
2
10
134217728
2000
1000
1
1
0
1
0
0
1

0
1
2
1
17777
0
0
9
67108864
4000
50
1
0
1
0
0
1

0
1
4
2
17783
0
1
11
268435456
2000
50
88
0
1
0
1
0
0
1
0
1
1
1
17804
0
2
10
67108864
4000
500
1
1
0
1
0
0
1

0
1
1
1
17834
0
1
12
268435456
3000
50
17
1
1
0
1
0
0
1
0
0
1
8
4
17862
0
1
12
67108864
1000
50
73
1
1
0
1
0
0
1
0
0
1
4
1
17872
0
0
9
67108864
4000
50
1
0
1
0
0
1

0
1
4
2
17898
0
2
10
67108864
1000
500
1
1
0
1
0
0
1

0
1
8
4
17900
0
0
9
67108864
2000
1000
1
0
1
0
0
1

0
1
2
2
17916
0
2
10
134217728
1000
1000
1
1
0
1
0
0
1

0
1
4
2
17935
0
0
9
268435456
3000
250
1
0
1
0
0
1

0
1
8
4
17963
0
1
12
67108864
1000
100
29
1
1
0
1
0
0
1
0
0
1
1
1
17991
0
2
10
268435456
2000
500
5
1
0
1
0
0
1

0
1
1
1
18006
0
1
12
134217728
4000
250
57
1
1
0
1
0
0
1
0
0
1
2
1
18026
0
1
12
67108864
4000
500
53
1
1
0
1
0
0
1
0
0
1
8
1
18043
0
1
12
268435456
1000
500
6
1
1
0
1
0
0
1
0
0
1
2
1
18051
0
0
9
67108864
4000
50
1
0
1
0
0
1

0
1
2
1
18068
0
2
10
67108864
4000
500
1000
1
0
1
0
0
1

0
1
8
8
18073
0
1
12
67108864
1000
100
49
1
1
0
1
0
0
1
0
0
1
4
1
18084
0
1
12
134217728
2000
500
62
1
1
0
1
0
0
1
0
0
1
8
1
18088
0
0
9
268435456
1000
100
1
0
1
0
0
1

0
1
8
8
18103
0
2
10
134217728
4000
500
5
1
0
1
0
0
1

0
1
2
1
18110
0
1
11
134217728
1000
100
2
0
1
0
1
0
0
1
0
1
4
4
18120
0
2
10
134217728
4000
500
10
1
0
1
0
0
1

0
1
8
1
18143
0
1
12
134217728
4000
100
76
1
1
0
1
0
0
1
0
0
1
8
2
18148
0
0
9
134217728
4000
50
1
0
1
0
0
1

0
1
1
1
18164
0
0
9
134217728
4000
100
1
0
1
0
0
1

0
1
2
1
18168
0
0
9
67108864
4000
500
1
0
1
0
0
1

0
1
8
4
18187
0
2
10
134217728
1000
250
1
1
0
1
0
0
1

0
1
1
1
18209
0
2
10
67108864
1000
100
5
1
0
1
0
0
1

0
1
4
1
18214
0
1
11
268435456
3000
500
99
0
1
0
1
0
0
1
0
1
8
8
18219
0
1
12
268435456
3000
500
82
1
1
0
1
0
0
1
0
0
1
4
4
18224
0
1
11
67108864
3000
500
83
0
1
0
1
0
0
1
0
1
1
1
18233
0
0
9
134217728
2000
1000
1
0
1
0
0
1

0
1
8
4
18257
0
0
9
67108864
1000
1000
1
0
1
0
0
1

0
1
2
1
18258
0
2
10
134217728
4000
50
100
1
0
1
0
0
1

0
1
4
2
18267
0
0
9
268435456
2000
50
1
0
1
0
0
1

0
1
1
1
18294
0
2
10
67108864
3000
500
1000
1
0
1
0
0
1

0
1
4
4
18299
0
0
9
134217728
2000
500
1
0
1
0
0
1

0
1
2
1
18305
0
1
11
67108864
3000
50
23
0
1
0
1
0
0
1
0
1
1
1
18313
0
0
9
268435456
1000
100
1
0
1
0
0
1

0
1
4
4
18317
0
1
12
268435456
1000
500
77
1
1
0
1
0
0
1
0
0
1
1
1
18340
0
1
11
268435456
3000
500
8
0
1
0
1
0
0
1
0
1
1
1
18357
0
2
10
268435456
3000
100
1
1
0
1
0
0
1

0
1
4
2
18386
0
2
10
67108864
4000
100
5
1
0
1
0
0
1

0
1
8
2
18406
0
2
10
134217728
2000
100
10
1
0
1
0
0
1

0
1
4
1
18431
0
2
10
134217728
3000
500
1
1
0
1
0
0
1

0
1
1
1
18449
0
0
9
134217728
3000
500
1
0
1
0
0
1

0
1
2
1
18476
0
2
10
67108864
2000
50
100
1
0
1
0
0
1

0
1
8
2
18488
0
1
11
134217728
4000
50
3
0
1
0
1
0
0
1
0
1
2
1
18508
0
1
12
134217728
4000
1000
62
1
1
0
1
0
0
1
0
0
1
1
1
18534
0
2
10
268435456
3000
50
100
1
0
1
0
0
1

0
1
1
1
18558
0
2
10
67108864
3000
100
100
1
0
1
0
0
1

0
1
2
2
18565
0
0
9
268435456
3000
500
1
0
1
0
0
1

0
1
1
1
18588
0
0
9
268435456
1000
50
1
0
1
0
0
1

0
1
2
1
18611
0
0
9
67108864
2000
500
1
0
1
0
0
1

0
1
2
1
18632
0
2
10
67108864
3000
500
1000
1
0
1
0
0
1

0
1
1
1
18642
0
0
9
134217728
3000
100
1
0
1
0
0
1

0
1
2
1
18664
0
1
12
268435456
3000
100
97
1
1
0
1
0
0
1
0
0
1
8
8
18684
0
1
12
134217728
2000
1000
20
1
1
0
1
0
0
1
0
0
1
8
2
18691
0
2
10
67108864
3000
1000
1
1
0
1
0
0
1

0
1
8
1
18720
0
2
10
67108864
2000
1000
1
1
0
1
0
0
1

0
1
4
2
18735
0
2
10
67108864
2000
50
1
1
0
1
0
0
1

0
1
8
1
18747
0
1
12
134217728
4000
250
53
1
1
0
1
0
0
1
0
0
1
1
1
18750
0
2
10
67108864
4000
1000
1000
1
0
1
0
0
1

0
1
8
2
18757
0
0
9
67108864
1000
1000
1
0
1
0
0
1

0
1
1
1
18764
0
0
9
268435456
3000
50
1
0
1
0
0
1

0
1
2
1
18794
0
1
12
67108864
3000
250
95
1
1
0
1
0
0
1
0
0
1
2
1
18813
0
0
9
67108864
4000
100
1
0
1
0
0
1

0
1
2
2
18815
0
2
10
134217728
4000
500
100
1
0
1
0
0
1

0
1
4
4
18825
0
1
11
268435456
3000
500
33
0
1
0
1
0
0
1
0
1
8
2
18831
0
0
9
268435456
3000
100
1
0
1
0
0
1

0
1
4
1
18853
0
1
12
268435456
2000
100
83
1
1
0
1
0
0
1
0
0
1
8
4
18864
0
1
11
268435456
3000
250
61
0
1
0
1
0
0
1
0
1
8
1
18880
0
2
10
268435456
3000
50
5
1
0
1
0
0
1

0
1
2
1
18885
0
2
10
134217728
4000
500
5
1
0
1
0
0
1

0
1
1
1
18886
0
0
9
67108864
4000
1000
1
0
1
0
0
1

0
1
2
1
18906
0
0
9
268435456
3000
50
1
0
1
0
0
1

0
1
8
8
18920
0
0
9
134217728
3000
100
1
0
1
0
0
1

0
1
2
1
18935
0
0
9
134217728
3000
500
1
0
1
0
0
1

0
1
2
1
18948
0
2
10
268435456
3000
100
5
1
0
1
0
0
1

0
1
2
2
18976
0
2
10
268435456
3000
250
10
1
0
1
0
0
1

0
1
4
2
18988
0
0
9
134217728
2000
50
1
0
1
0
0
1

0
1
8
8
18997
0
0
9
67108864
4000
1000
1
0
1
0
0
1

0
1
8
4
19015
0
2
10
134217728
2000
1000
10
1
0
1
0
0
1

0
1
4
2
19028
0
2
10
134217728
3000
50
10
1
0
1
0
0
1

0
1
1
1
19034
0
1
11
67108864
4000
500
77
0
1
0
1
0
0
1
0
1
2
2
19055
0
0
9
268435456
1000
500
1
0
1
0
0
1

0
1
2
2
19071
0
1
11
67108864
4000
250
22
0
1
0
1
0
0
1
0
1
1
1
19089
0
2
10
268435456
1000
250
1
1
0
1
0
0
1

0
1
4
2
19099
0
1
11
134217728
3000
500
89
0
1
0
1
0
0
1
0
1
8
4
19129
0
1
11
67108864
2000
100
86
0
1
0
1
0
0
1
0
1
4
1
19144
0
0
9
268435456
3000
50
1
0
1
0
0
1

0
1
8
8
19153
0
2
10
268435456
3000
100
100
1
0
1
0
0
1

0
1
8
4
19154
0
0
9
268435456
1000
500
1
0
1
0
0
1

0
1
4
1
19168
0
1
12
268435456
3000
250
57
1
1
0
1
0
0
1
0
0
1
1
1
19197
0
1
12
134217728
1000
1000
83
1
1
0
1
0
0
1
0
0
1
1
1
19224
0
1
11
67108864
1000
1000
52
0
1
0
1
0
0
1
0
1
2
1
19238
0
0
9
268435456
1000
50
1
0
1
0
0
1

0
1
1
1
19240
0
1
12
67108864
1000
500
4
1
1
0
1
0
0
1
0
0
1
2
1
19266
0
1
11
268435456
2000
250
14
0
1
0
1
0
0
1
0
1
2
1
19281
0
2
10
67108864
1000
500
100
1
0
1
0
0
1

0
1
4
4
19310
0
1
11
268435456
3000
100
43
0
1
0
1
0
0
1
0
1
2
2
19331
0
1
11
268435456
3000
500
49
0
1
0
1
0
0
1
0
1
4
1
19352
0
1
12
134217728
4000
100
40
1
1
0
1
0
0
1
0
0
1
4
2
19369
0
1
12
134217728
1000
500
73
1
1
0
1
0
0
1
0
0
1
8
4
19385
0
1
12
268435456
3000
500
46
1
1
0
1
0
0
1
0
0
1
2
1
19395
0
1
11
134217728
2000
1000
57
0
1
0
1
0
0
1
0
1
1
1
19399
0
0
9
134217728
4000
1000
1
0
1
0
0
1

0
1
2
1
19418
0
0
9
268435456
3000
250
1
0
1
0
0
1

0
1
4
4
19419
0
1
12
67108864
4000
500
73
1
1
0
1
0
0
1
0
0
1
2
1
19428
0
0
9
268435456
1000
100
1
0
1
0
0
1

0
1
8
1
19455
0
0
9
268435456
2000
50
1
0
1
0
0
1

0
1
2
1
19461
0
1
12
67108864
3000
500
26
1
1
0
1
0
0
1
0
0
1
4
4
19466
0
1
12
134217728
1000
1000
38
1
1
0
1
0
0
1
0
0
1
2
1
19472
0
2
10
268435456
3000
500
1
1
0
1
0
0
1

0
1
4
2
19497
0
1
12
268435456
3000
50
33
1
1
0
1
0
0
1
0
0
1
1
1
19511
0
2
10
134217728
1000
500
1
1
0
1
0
0
1

0
1
8
1
19524
0
2
10
268435456
2000
50
1
1
0
1
0
0
1

0
1
2
1
19528
0
0
9
67108864
3000
100
1
0
1
0
0
1

0
1
8
8
19558
0
0
9
67108864
1000
100
1
0
1
0
0
1

0
1
1
1
19568
0
1
12
134217728
2000
50
29
1
1
0
1
0
0
1
0
0
1
8
1
19582
0
1
11
268435456
3000
500
27
0
1
0
1
0
0
1
0
1
4
2
19610
0
1
11
134217728
4000
500
14
0
1
0
1
0
0
1
0
1
4
1
19614
0
0
9
134217728
4000
1000
1
0
1
0
0
1

0
1
4
1
19626
0
2
10
134217728
4000
100
100
1
0
1
0
0
1

0
1
4
2
19636
0
2
10
134217728
1000
100
100
1
0
1
0
0
1

0
1
1
1
19661
0
2
10
67108864
3000
250
5
1
0
1
0
0
1

0
1
4
4
19677
0
1
11
67108864
2000
100
28
0
1
0
1
0
0
1
0
1
2
1
19693
0
1
12
67108864
1000
1000
3
1
1
0
1
0
0
1
0
0
1
8
4
19721
0
0
9
67108864
3000
50
1
0
1
0
0
1

0
1
2
1
19728
0
0
9
67108864
2000
250
1
0
1
0
0
1

0
1
2
1
19746
0
0
9
67108864
4000
250
1
0
1
0
0
1

0
1
8
4
19749
0
1
11
134217728
2000
250
86
0
1
0
1
0
0
1
0
1
4
2
19773
0
0
9
268435456
1000
250
1
0
1
0
0
1

0
1
1
1
19796
0
1
11
268435456
3000
250
78
0
1
0
1
0
0
1
0
1
4
2
19803
0
2
10
67108864
2000
50
1
1
0
1
0
0
1

0
1
1
1
19831
0
2
10
268435456
3000
500
100
1
0
1
0
0
1

0
1
8
1
19835
0
1
12
134217728
2000
500
75
1
1
0
1
0
0
1
0
0
1
2
1
19854
0
1
12
67108864
4000
1000
27
1
1
0
1
0
0
1
0
0
1
8
4
19877
0
0
9
134217728
3000
1000
1
0
1
0
0
1

0
1
8
8
19880
0
0
9
67108864
1000
1000
1
0
1
0
0
1

0
1
4
2
19906
0
2
10
268435456
3000
500
10
1
0
1
0
0
1

0
1
2
1
19909
0
0
9
67108864
3000
250
1
0
1
0
0
1

0
1
4
1
19939
0
0
9
268435456
1000
50
1
0
1
0
0
1

0
1
8
4
19962
0
0
9
67108864
4000
250
1
0
1
0
0
1

0
1
4
1
19981
0
2
10
134217728
2000
500
1000
1
0
1
0
0
1

0
1
4
4
19991
0
2
10
268435456
2000
100
1
1
0
1
0
0
1

0
1
2
1
20001
0
1
11
134217728
4000
100
11
0
1
0
1
0
0
1
0
1
2
1
20024
0
2
10
67108864
2000
50
1000
1
0
1
0
0
1

0
1
1
1
20053
0
0
9
268435456
3000
250
1
0
1
0
0
1

0
1
4
2
20063
0
0
9
268435456
3000
100
1
0
1
0
0
1

0
1
4
1
20075
0
0
9
67108864
2000
500
1
0
1
0
0
1

0
1
2
1
20105
0
0
9
67108864
3000
100
1
0
1
0
0
1

0
1
8
8
20108
0
1
12
268435456
1000
50
77
1
1
0
1
0
0
1
0
0
1
4
4
20135
0
1
12
268435456
3000
100
20
1
1
0
1
0
0
1
0
0
1
2
1
20146
0
1
11
268435456
3000
50
29
0
1
0
1
0
0
1
0
1
4
2
20149
0
0
9
268435456
3000
500
1
0
1
0
0
1

0
1
4
2
20177
0
2
10
268435456
1000
50
1000
1
0
1
0
0
1

0
1
4
2
20189
0
0
9
268435456
1000
50
1
0
1
0
0
1

0
1
2
1
20194
0
0
9
268435456
1000
250
1
0
1
0
0
1

0
1
2
1
20213
0
2
10
134217728
3000
1000
1000
1
0
1
0
0
1

0
1
2
2
20235
0
1
11
67108864
1000
1000
7
0
1
0
1
0
0
1
0
1
8
8
20260
0
0
9
134217728
1000
100
1
0
1
0
0
1

0
1
4
1
20271
0
1
12
67108864
4000
50
11
1
1
0
1
0
0
1
0
0
1
8
2
20283
0
2
10
268435456
3000
500
5
1
0
1
0
0
1

0
1
4
2
20302
0
2
10
268435456
2000
50
100
1
0
1
0
0
1

0
1
2
1
20316
0
1
12
268435456
2000
500
45
1
1
0
1
0
0
1
0
0
1
4
1
20329
0
0
9
268435456
2000
100
1
0
1
0
0
1

0
1
4
1
20338
0
0
9
134217728
4000
500
1
0
1
0
0
1

0
1
8
2
20355
0
2
10
134217728
2000
50
1
1
0
1
0
0
1

0
1
4
4
20381
0
1
11
67108864
3000
50
26
0
1
0
1
0
0
1
0
1
8
8
20406
0
1
12
67108864
1000
1000
25
1
1
0
1
0
0
1
0
0
1
1
1
20418
0
1
11
268435456
3000
500
50
0
1
0
1
0
0
1
0
1
1
1
20419
0
1
12
268435456
3000
100
92
1
1
0
1
0
0
1
0
0
1
2
1
20425
0
2
10
134217728
4000
1000
1
1
0
1
0
0
1

0
1
1
1
20432
0
1
12
67108864
3000
250
56
1
1
0
1
0
0
1
0
0
1
2
1
20443
0
1
11
134217728
4000
50
72
0
1
0
1
0
0
1
0
1
4
4
20463
0
2
10
268435456
3000
100
5
1
0
1
0
0
1

0
1
2
1
20478
0
1
11
268435456
1000
100
5
0
1
0
1
0
0
1
0
1
4
4
20480
0
2
10
134217728
3000
500
10
1
0
1
0
0
1

0
1
4
4
20502
0
0
9
134217728
4000
250
1
0
1
0
0
1

0
1
2
1
20515
0
2
10
67108864
2000
100
100
1
0
1
0
0
1

0
1
4
1
20537
0
0
9
134217728
1000
50
1
0
1
0
0
1

0
1
8
2
20544
0
1
11
268435456
3000
500
45
0
1
0
1
0
0
1
0
1
8
1
20561
0
0
9
67108864
2000
500
1
0
1
0
0
1

0
1
8
1
20587
0
2
10
268435456
3000
50
100
1
0
1
0
0
1

0
1
1
1
20615
0
0
9
67108864
1000
100
1
0
1
0
0
1

0
1
4
4
20634
0
1
11
134217728
2000
250
9
0
1
0
1
0
0
1
0
1
8
2
20639
0
1
11
67108864
1000
100
80
0
1
0
1
0
0
1
0
1
8
4
20644
0
0
9
67108864
4000
250
1
0
1
0
0
1

0
1
4
4
20650
0
0
9
268435456
3000
100
1
0
1
0
0
1

0
1
4
1
20668
0
0
9
134217728
1000
250
1
0
1
0
0
1

0
1
8
4
20684
0
2
10
67108864
3000
100
100
1
0
1
0
0
1

0
1
8
8
20695
0
2
10
268435456
3000
500
100
1
0
1
0
0
1

0
1
4
4
20699
0
1
11
67108864
2000
1000
74
0
1
0
1
0
0
1
0
1
8
1
20723
0
1
12
67108864
2000
1000
38
1
1
0
1
0
0
1
0
0
1
2
2
20744
0
0
9
268435456
3000
500
1
0
1
0
0
1

0
1
4
2
20745
0
0
9
268435456
3000
500
1
0
1
0
0
1

0
1
2
1
20756
0
0
9
134217728
3000
50
1
0
1
0
0
1

0
1
1
1
20760
0
0
9
67108864
4000
500
1
0
1
0
0
1

0
1
2
1
20783
0
0
9
268435456
3000
50
1
0
1
0
0
1

0
1
4
4
20789
0
1
11
67108864
1000
500
39
0
1
0
1
0
0
1
0
1
8
1
20815
0
1
12
134217728
1000
500
66
1
1
0
1
0
0
1
0
0
1
2
1
20840
0
2
10
134217728
3000
1000
5
1
0
1
0
0
1

0
1
4
1
20854
0
1
11
268435456
3000
500
65
0
1
0
1
0
0
1
0
1
8
4
20883
0
0
9
67108864
4000
500
1
0
1
0
0
1

0
1
4
1
20909
0
1
11
134217728
3000
500
54
0
1
0
1
0
0
1
0
1
1
1
20914
0
1
12
268435456
1000
250
60
1
1
0
1
0
0
1
0
0
1
2
1
20934
0
1
11
67108864
2000
50
3
0
1
0
1
0
0
1
0
1
4
1
20949
0
0
9
134217728
2000
100
1
0
1
0
0
1

0
1
8
1
20973
0
0
9
134217728
1000
1000
1
0
1
0
0
1

0
1
1
1
20981
0
0
9
134217728
1000
250
1
0
1
0
0
1

0
1
4
2
20998
0
0
9
268435456
1000
500
1
0
1
0
0
1

0
1
1
1
21024
0
1
12
268435456
1000
50
62
1
1
0
1
0
0
1
0
0
1
2
2
21045
0
0
9
134217728
1000
500
1
0
1
0
0
1

0
1
4
2
21048
0
2
10
67108864
3000
250
10
1
0
1
0
0
1

0
1
1
1
21061
0
2
10
67108864
2000
500
10
1
0
1
0
0
1

0
1
4
2
21064
0
0
9
67108864
2000
100
1
0
1
0
0
1

0
1
2
1
21078
0
0
9
134217728
2000
1000
1
0
1
0
0
1

0
1
4
4
21087
0
1
11
134217728
4000
250
3
0
1
0
1
0
0
1
0
1
1
1
21110
0
1
12
67108864
1000
500
10
1
1
0
1
0
0
1
0
0
1
2
1
21117
0
2
10
268435456
3000
500
100
1
0
1
0
0
1

0
1
4
2
21140
0
2
10
67108864
4000
1000
10
1
0
1
0
0
1

0
1
8
2
21143
0
0
9
268435456
3000
100
1
0
1
0
0
1

0
1
4
1
21163
0
1
11
67108864
3000
100
64
0
1
0
1
0
0
1
0
1
1
1
21193
0
1
11
134217728
3000
250
9
0
1
0
1
0
0
1
0
1
4
2
21197
0
2
10
134217728
2000
50
1
1
0
1
0
0
1

0
1
4
4
21201
0
1
11
134217728
3000
500
80
0
1
0
1
0
0
1
0
1
2
1
21225
0
0
9
134217728
2000
500
1
0
1
0
0
1

0
1
4
4
21244
0
1
12
134217728
2000
50
52
1
1
0
1
0
0
1
0
0
1
2
1
21263
0
0
9
67108864
1000
50
1
0
1
0
0
1

0
1
1
1
21280
0
2
10
134217728
3000
1000
1000
1
0
1
0
0
1

0
1
8
1
21297
0
0
9
268435456
2000
50
1
0
1
0
0
1

0
1
4
1
21319
0
1
12
134217728
1000
250
53
1
1
0
1
0
0
1
0
0
1
2
1
21346
0
1
11
134217728
3000
250
7
0
1
0
1
0
0
1
0
1
4
2
21373
0
2
10
134217728
2000
50
100
1
0
1
0
0
1

0
1
8
2
21387
0
0
9
67108864
2000
50
1
0
1
0
0
1

0
1
8
1
21388
0
1
12
268435456
1000
500
40
1
1
0
1
0
0
1
0
0
1
1
1
21417
0
2
10
134217728
2000
500
100
1
0
1
0
0
1

0
1
8
1
21436
0
0
9
67108864
1000
500
1
0
1
0
0
1

0
1
2
1
21460
0
0
9
268435456
3000
250
1
0
1
0
0
1

0
1
2
1
21461
0
1
11
134217728
3000
50
98
0
1
0
1
0
0
1
0
1
4
4
21484
0
0
9
67108864
1000
100
1
0
1
0
0
1

0
1
4
2
21503
0
1
11
134217728
3000
100
48
0
1
0
1
0
0
1
0
1
8
4
21519
0
1
12
268435456
2000
100
5
1
1
0
1
0
0
1
0
0
1
8
1
21546
0
2
10
134217728
1000
50
5
1
0
1
0
0
1

0
1
4
2
21559
0
1
12
268435456
3000
500
83
1
1
0
1
0
0
1
0
0
1
4
1
21578
0
0
9
134217728
2000
250
1
0
1
0
0
1

0
1
4
1
21604
0
1
11
67108864
1000
100
6
0
1
0
1
0
0
1
0
1
2
1
21632
0
1
12
67108864
3000
500
58
1
1
0
1
0
0
1
0
0
1
8
1
21633
0
2
10
134217728
2000
500
10
1
0
1
0
0
1

0
1
1
1
21638
0
2
10
134217728
4000
1000
5
1
0
1
0
0
1

0
1
4
1
21640
0
2
10
67108864
3000
1000
100
1
0
1
0
0
1

0
1
1
1
21646
0
0
9
268435456
3000
500
1
0
1
0
0
1

0
1
4
1
21661
0
0
9
268435456
3000
100
1
0
1
0
0
1

0
1
8
8
21686
0
2
10
134217728
1000
50
1
1
0
1
0
0
1

0
1
4
1
21690
0
0
9
268435456
1000
500
1
0
1
0
0
1

0
1
8
8
21706
0
0
9
268435456
1000
50
1
0
1
0
0
1

0
1
8
4
21725
0
2
10
134217728
4000
1000
100
1
0
1
0
0
1

0
1
2
1
21734
0
1
11
134217728
2000
500
55
0
1
0
1
0
0
1
0
1
2
2
21735
0
1
11
134217728
3000
50
71
0
1
0
1
0
0
1
0
1
4
2
21741
0
1
12
67108864
4000
50
3
1
1
0
1
0
0
1
0
0
1
2
1
21752
0
1
11
134217728
3000
100
43
0
1
0
1
0
0
1
0
1
8
1
21754
0
0
9
67108864
1000
1000
1
0
1
0
0
1

0
1
1
1
21763
0
2
10
268435456
3000
100
100
1
0
1
0
0
1

0
1
2
1
21767
0
0
9
268435456
2000
500
1
0
1
0
0
1

0
1
8
1
21775
0
2
10
268435456
3000
100
1
1
0
1
0
0
1

0
1
2
1
21795
0
2
10
268435456
3000
500
5
1
0
1
0
0
1

0
1
2
1
21821
0
1
12
134217728
4000
1000
41
1
1
0
1
0
0
1
0
0
1
4
2
21837
0
0
9
134217728
1000
50
1
0
1
0
0
1

0
1
4
1
21849
0
2
10
67108864
3000
1000
10
1
0
1
0
0
1

0
1
1
1
21874
0
2
10
134217728
1000
250
1
1
0
1
0
0
1

0
1
8
2
21902
0
2
10
134217728
3000
50
1000
1
0
1
0
0
1

0
1
4
1
21932
0
1
11
134217728
2000
100
19
0
1
0
1
0
0
1
0
1
4
4
21959
0
1
12
67108864
4000
500
97
1
1
0
1
0
0
1
0
0
1
2
2
21976
0
0
9
134217728
2000
50
1
0
1
0
0
1

0
1
4
4
21998
0
2
10
134217728
4000
500
5
1
0
1
0
0
1

0
1
8
4
22013
0
1
11
268435456
2000
50
82
0
1
0
1
0
0
1
0
1
4
2
22014
0
1
11
134217728
2000
250
78
0
1
0
1
0
0
1
0
1
1
1
22031
0
2
10
67108864
2000
500
1
1
0
1
0
0
1

0
1
1
1
22055
0
0
9
134217728
2000
250
1
0
1
0
0
1

0
1
4
2
22075
0
2
10
134217728
3000
100
100
1
0
1
0
0
1

0
1
1
1
22084
0
2
10
134217728
4000
500
5
1
0
1
0
0
1

0
1
8
4
22100
0
2
10
268435456
3000
500
1
1
0
1
0
0
1

0
1
8
1
22104
0
0
9
268435456
1000
250
1
0
1
0
0
1

0
1
8
8
22130
0
2
10
134217728
1000
1000
10
1
0
1
0
0
1

0
1
4
4
22135
0
2
10
268435456
3000
50
1000
1
0
1
0
0
1

0
1
2
1
22160
0
0
9
67108864
4000
100
1
0
1
0
0
1

0
1
2
2
22186
0
0
9
67108864
3000
250
1
0
1
0
0
1

0
1
1
1
22190
0
0
9
268435456
3000
250
1
0
1
0
0
1

0
1
1
1
22205
0
0
9
268435456
2000
500
1
0
1
0
0
1

0
1
8
1
22227
0
0
9
134217728
2000
100
1
0
1
0
0
1

0
1
2
1
22241
0
0
9
134217728
3000
250
1
0
1
0
0
1

0
1
4
2
22252
0
0
9
134217728
4000
250
1
0
1
0
0
1

0
1
1
1
22253
0
0
9
67108864
4000
500
1
0
1
0
0
1

0
1
1
1
22265
0
0
9
268435456
3000
100
1
0
1
0
0
1

0
1
8
4
22287
0
0
9
67108864
1000
500
1
0
1
0
0
1

0
1
1
1
22294
0
0
9
134217728
1000
250
1
0
1
0
0
1

0
1
2
1
22303
0
0
9
134217728
1000
50
1
0
1
0
0
1

0
1
1
1
22331
0
0
9
67108864
4000
1000
1
0
1
0
0
1

0
1
8
4
22340
0
0
9
67108864
3000
1000
1
0
1
0
0
1

0
1
4
2
22362
0
0
9
67108864
1000
1000
1
0
1
0
0
1

0
1
2
2
22386
0
0
9
134217728
1000
250
1
0
1
0
0
1

0
1
8
1
22404
0
0
9
268435456
1000
500
1
0
1
0
0
1

0
1
4
1
22427
0
0
9
268435456
2000
250
1
0
1
0
0
1

0
1
8
4
22449
0
0
9
134217728
2000
1000
1
0
1
0
0
1

0
1
4
2
22478
0
0
9
268435456
3000
100
1
0
1
0
0
1

0
1
1
1
22488
0
0
9
67108864
1000
500
1
0
1
0
0
1

0
1
1
1
22498
0
0
9
268435456
3000
500
1
0
1
0
0
1

0
1
2
1
22515
0
0
9
67108864
1000
50
1
0
1
0
0
1

0
1
1
1
22529
0
0
9
268435456
2000
250
1
0
1
0
0
1

