1500

3
1
2
1
16
0
0
9
268435456
3000
500
1
0
1
0
0
1

3
1
2
1
36
0
2
10
268435456
3000
500
10
1
0
1
0
0
1

3
1
4
4
60
0
0
9
67108864
3000
500
1
0
1
0
0
1

3
1
2
1
64
0
0
9
67108864
4000
250
1
0
1
0
0
1

3
1
8
2
80
0
0
9
67108864
3000
50
1
0
1
0
0
1

3
1
4
2
87
0
1
12
134217728
4000
100
90
1
1
0
1
0
0
1
0
3
1
4
2
98
0
1
12
134217728
3000
100
93
1
1
0
1
0
0
1
0
3
1
1
1
114
0
1
12
268435456
1000
250
3
1
1
0
1
0
0
1
0
3
1
2
1
118
0
0
9
134217728
1000
50
1
0
1
0
0
1

3
1
8
4
138
0
2
10
67108864
1000
100
1
1
0
1
0
0
1

3
1
2
1
164
0
2
10
134217728
3000
500
1000
1
0
1
0
0
1

3
1
8
2
189
0
2
10
268435456
1000
250
100
1
0
1
0
0
1

3
1
8
4
216
0
1
12
67108864
3000
500
4
1
1
0
1
0
0
1
0
3
1
2
1
232
0
0
9
134217728
2000
500
1
0
1
0
0
1

3
1
4
4
245
0
2
10
67108864
3000
500
1000
1
0
1
0
0
1

3
1
4
2
271
0
0
9
134217728
3000
250
1
0
1
0
0
1

3
1
4
2
299
0
2
10
134217728
1000
500
1000
1
0
1
0
0
1

3
1
1
1
316
0
1
12
268435456
2000
500
81
1
1
0
1
0
0
1
0
3
1
8
8
346
0
1
12
268435456
1000
250
25
1
1
0
1
0
0
1
0
3
1
2
1
350
0
0
9
268435456
1000
100
1
0
1
0
0
1

3
1
1
1
361
0
0
9
268435456
3000
500
1
0
1
0
0
1

3
1
2
1
381
0
1
11
67108864
4000
500
15
0
1
0
1
0
0
1
3
1
8
1
402
0
1
11
134217728
4000
500
78
0
1
0
1
0
0
1
3
1
4
2
421
0
2
10
67108864
2000
250
5
1
0
1
0
0
1

3
1
8
4
447
0
1
12
268435456
3000
500
9
1
1
0
1
0
0
1
0
3
1
2
1
452
0
2
10
134217728
3000
100
5
1
0
1
0
0
1

3
1
8
2
464
0
1
12
134217728
4000
500
89
1
1
0
1
0
0
1
0
3
1
8
4
470
0
1
12
268435456
1000
500
49
1
1
0
1
0
0
1
0
3
1
8
4
485
0
0
9
134217728
1000
100
1
0
1
0
0
1

3
1
1
1
502
0
0
9
268435456
3000
500
1
0
1
0
0
1

3
1
8
2
516
0
0
9
67108864
1000
50
1
0
1
0
0
1

3
1
1
1
517
0
0
9
268435456
3000
100
1
0
1
0
0
1

3
1
2
1
545
0
2
10
268435456
3000
50
1
1
0
1
0
0
1

3
1
1
1
548
0
1
11
134217728
1000
1000
38
0
1
0
1
0
0
1
3
1
4
1
562
0
0
9
268435456
3000
500
1
0
1
0
0
1

3
1
2
1
572
0
0
9
268435456
3000
500
1
0
1
0
0
1

3
1
2
1
576
0
2
10
134217728
1000
50
10
1
0
1
0
0
1

3
1
1
1
596
0
0
9
268435456
3000
250
1
0
1
0
0
1

3
1
2
1
618
0
0
9
268435456
2000
100
1
0
1
0
0
1

3
1
2
1
635
0
2
10
67108864
1000
50
10
1
0
1
0
0
1

3
1
1
1
652
0
2
10
268435456
1000
500
1
1
0
1
0
0
1

3
1
8
2
673
0
0
9
134217728
1000
50
1
0
1
0
0
1

3
1
8
4
682
0
2
10
134217728
2000
50
5
1
0
1
0
0
1

3
1
4
1
689
0
2
10
134217728
1000
500
10
1
0
1
0
0
1

3
1
2
1
696
0
0
9
67108864
2000
500
1
0
1
0
0
1

3
1
4
1
714
0
1
11
67108864
4000
1000
69
0
1
0
1
0
0
1
3
1
4
1
716
0
2
10
268435456
3000
100
100
1
0
1
0
0
1

3
1
8
8
718
0
0
9
268435456
2000
100
1
0
1
0
0
1

3
1
4
1
725
0
0
9
268435456
2000
500
1
0
1
0
0
1

3
1
2
1
737
0
2
10
67108864
3000
50
10
1
0
1
0
0
1

3
1
4
4
761
0
2
10
268435456
3000
500
100
1
0
1
0
0
1

3
1
2
2
786
0
2
10
268435456
2000
50
1
1
0
1
0
0
1

3
1
1
1
815
0
1
11
67108864
3000
250
2
0
1
0
1
0
0
1
3
1
2
2
845
0
2
10
134217728
4000
100
100
1
0
1
0
0
1

3
1
8
2
854
0
0
9
67108864
2000
50
1
0
1
0
0
1

3
1
4
2
863
0
2
10
134217728
4000
100
100
1
0
1
0
0
1

3
1
4
1
868
0
1
12
67108864
1000
1000
49
1
1
0
1
0
0
1
0
3
1
1
1
874
0
0
9
134217728
1000
100
1
0
1
0
0
1

3
1
1
1
896
0
2
10
134217728
4000
1000
5
1
0
1
0
0
1

3
1
1
1
915
0
0
9
134217728
2000
500
1
0
1
0
0
1

3
1
4
2
940
0
0
9
134217728
3000
1000
1
0
1
0
0
1

3
1
4
4
962
0
0
9
134217728
2000
500
1
0
1
0
0
1

3
1
1
1
968
0
1
11
134217728
3000
100
79
0
1
0
1
0
0
1
3
1
4
2
985
0
2
10
268435456
2000
500
1000
1
0
1
0
0
1

3
1
2
1
987
0
2
10
67108864
4000
250
1
1
0
1
0
0
1

3
1
2
1
1000
0
0
9
268435456
2000
250
1
0
1
0
0
1

3
1
8
8
1009
0
1
12
67108864
4000
100
27
1
1
0
1
0
0
1
0
3
1
8
1
1030
0
1
11
134217728
3000
50
8
0
1
0
1
0
0
1
3
1
1
1
1047
0
0
9
134217728
3000
50
1
0
1
0
0
1

3
1
4
2
1061
0
0
9
268435456
2000
250
1
0
1
0
0
1

3
1
2
2
1069
0
2
10
67108864
4000
50
5
1
0
1
0
0
1

3
1
4
2
1096
0
2
10
268435456
2000
50
100
1
0
1
0
0
1

3
1
2
1
1124
0
1
12
67108864
1000
500
92
1
1
0
1
0
0
1
0
3
1
4
2
1151
0
0
9
67108864
1000
100
1
0
1
0
0
1

3
1
1
1
1156
0
0
9
268435456
3000
500
1
0
1
0
0
1

3
1
4
4
1169
0
1
11
134217728
1000
50
91
0
1
0
1
0
0
1
3
1
8
4
1170
0
1
11
67108864
3000
250
29
0
1
0
1
0
0
1
3
1
4
4
1172
0
2
10
268435456
3000
50
10
1
0
1
0
0
1

3
1
4
1
1195
0
0
9
67108864
3000
1000
1
0
1
0
0
1

3
1
8
2
1208
0
0
9
268435456
2000
500
1
0
1
0
0
1

3
1
4
2
1229
0
0
9
67108864
2000
500
1
0
1
0
0
1

3
1
4
1
1232
0
1
11
134217728
3000
500
78
0
1
0
1
0
0
1
3
1
8
2
1252
0
0
9
134217728
3000
250
1
0
1
0
0
1

3
1
2
1
1267
0
2
10
134217728
1000
250
5
1
0
1
0
0
1

3
1
1
1
1272
0
1
12
268435456
3000
500
92
1
1
0
1
0
0
1
0
3
1
8
8
1282
0
1
12
67108864
3000
250
37
1
1
0
1
0
0
1
0
3
1
2
1
1301
0
2
10
134217728
4000
100
1000
1
0
1
0
0
1

3
1
2
1
1320
0
2
10
134217728
3000
100
1000
1
0
1
0
0
1

3
1
8
8
1328
0
0
9
134217728
4000
50
1
0
1
0
0
1

3
1
1
1
1337
0
0
9
134217728
2000
500
1
0
1
0
0
1

3
1
2
2
1357
0
1
12
268435456
3000
50
41
1
1
0
1
0
0
1
0
3
1
4
2
1358
0
1
11
67108864
1000
1000
27
0
1
0
1
0
0
1
3
1
2
1
1366
0
0
9
67108864
1000
500
1
0
1
0
0
1

3
1
4
4
1395
0
0
9
67108864
3000
1000
1
0
1
0
0
1

3
1
4
2
1400
0
0
9
134217728
2000
250
1
0
1
0
0
1

3
1
1
1
1424
0
0
9
67108864
3000
250
1
0
1
0
0
1

3
1
8
1
1437
0
2
10
134217728
3000
500
100
1
0
1
0
0
1

3
1
2
1
1445
0
2
10
67108864
1000
250
100
1
0
1
0
0
1

3
1
8
2
1460
0
1
11
268435456
2000
250
5
0
1
0
1
0
0
1
3
1
4
2
1479
0
1
12
67108864
1000
100
86
1
1
0
1
0
0
1
0
3
1
1
1
1503
0
0
9
268435456
2000
100
1
0
1
0
0
1

3
1
2
1
1515
0
1
11
134217728
2000
250
5
0
1
0
1
0
0
1
3
1
2
1
1528
0
0
9
134217728
3000
250
1
0
1
0
0
1

3
1
1
1
1541
0
0
9
67108864
2000
1000
1
0
1
0
0
1

3
1
2
1
1565
0
2
10
134217728
4000
250
1
1
0
1
0
0
1

3
1
4
1
1588
0
1
11
268435456
1000
500
10
0
1
0
1
0
0
1
3
1
1
1
1617
0
0
9
134217728
2000
50
1
0
1
0
0
1

3
1
1
1
1625
0
0
9
67108864
3000
1000
1
0
1
0
0
1

3
1
4
1
1631
0
0
9
67108864
2000
1000
1
0
1
0
0
1

3
1
2
1
1653
0
2
10
268435456
1000
100
1
1
0
1
0
0
1

3
1
2
2
1661
0
0
9
67108864
1000
500
1
0
1
0
0
1

3
1
4
2
1685
0
1
12
268435456
3000
500
28
1
1
0
1
0
0
1
0
3
1
4
2
1689
0
2
10
67108864
1000
100
100
1
0
1
0
0
1

3
1
2
1
1718
0
0
9
268435456
2000
500
1
0
1
0
0
1

3
1
8
8
1722
0
2
10
134217728
3000
1000
1
1
0
1
0
0
1

3
1
4
1
1745
0
1
12
268435456
3000
50
35
1
1
0
1
0
0
1
0
3
1
8
8
1769
0
1
11
67108864
1000
100
29
0
1
0
1
0
0
1
3
1
8
8
1779
0
2
10
67108864
4000
250
1
1
0
1
0
0
1

3
1
2
1
1791
0
0
9
67108864
4000
100
1
0
1
0
0
1

3
1
2
2
1792
0
1
12
268435456
3000
500
44
1
1
0
1
0
0
1
0
3
1
1
1
1793
0
2
10
134217728
1000
1000
1
1
0
1
0
0
1

3
1
8
4
1809
0
2
10
134217728
3000
1000
10
1
0
1
0
0
1

3
1
1
1
1816
0
1
12
134217728
3000
50
70
1
1
0
1
0
0
1
0
3
1
1
1
1842
0
0
9
134217728
2000
500
1
0
1
0
0
1

3
1
1
1
1847
0
1
11
268435456
3000
500
5
0
1
0
1
0
0
1
3
1
8
8
1858
0
0
9
67108864
3000
500
1
0
1
0
0
1

3
1
1
1
1862
0
1
11
67108864
4000
1000
13
0
1
0
1
0
0
1
3
1
4
1
1891
0
1
11
134217728
1000
1000
33
0
1
0
1
0
0
1
3
1
4
2
1917
0
0
9
268435456
2000
250
1
0
1
0
0
1

3
1
4
1
1941
0
0
9
268435456
1000
100
1
0
1
0
0
1

3
1
8
4
1966
0
1
12
134217728
1000
500
68
1
1
0
1
0
0
1
0
3
1
8
4
1968
0
2
10
268435456
1000
250
10
1
0
1
0
0
1

3
1
8
2
1978
0
1
11
67108864
1000
1000
42
0
1
0
1
0
0
1
3
1
1
1
2008
0
0
9
134217728
3000
250
1
0
1
0
0
1

3
1
1
1
2020
0
2
10
67108864
4000
250
100
1
0
1
0
0
1

3
1
1
1
2029
0
0
9
268435456
2000
500
1
0
1
0
0
1

3
1
8
4
2047
0
1
12
134217728
2000
50
5
1
1
0
1
0
0
1
0
3
1
1
1
2065
0
0
9
67108864
3000
250
1
0
1
0
0
1

3
1
1
1
2094
0
1
11
268435456
1000
500
20
0
1
0
1
0
0
1
3
1
2
1
2099
0
0
9
67108864
2000
1000
1
0
1
0
0
1

3
1
1
1
2108
0
2
10
134217728
3000
500
1
1
0
1
0
0
1

3
1
1
1
2124
0
1
12
134217728
4000
500
8
1
1
0
1
0
0
1
0
3
1
4
1
2131
0
0
9
268435456
3000
500
1
0
1
0
0
1

3
1
2
2
2138
0
0
9
134217728
4000
100
1
0
1
0
0
1

3
1
4
1
2149
0
1
12
67108864
2000
100
3
1
1
0
1
0
0
1
0
3
1
2
1
2163
0
1
12
67108864
1000
500
46
1
1
0
1
0
0
1
0
3
1
1
1
2191
0
2
10
67108864
2000
250
10
1
0
1
0
0
1

3
1
4
4
2214
0
0
9
268435456
2000
50
1
0
1
0
0
1

3
1
2
1
2228
0
1
12
67108864
4000
1000
93
1
1
0
1
0
0
1
0
3
1
4
2
2244
0
1
11
67108864
4000
50
83
0
1
0
1
0
0
1
3
1
2
2
2258
0
2
10
134217728
3000
100
10
1
0
1
0
0
1

3
1
2
2
2260
0
1
11
134217728
4000
1000
24
0
1
0
1
0
0
1
3
1
2
1
2288
0
2
10
134217728
1000
500
100
1
0
1
0
0
1

3
1
4
4
2309
0
2
10
134217728
2000
100
1
1
0
1
0
0
1

3
1
1
1
2315
0
1
12
67108864
3000
250
83
1
1
0
1
0
0
1
0
3
1
8
8
2338
0
2
10
134217728
3000
500
10
1
0
1
0
0
1

3
1
4
2
2356
0
2
10
67108864
2000
100
10
1
0
1
0
0
1

3
1
1
1
2386
0
2
10
67108864
4000
100
1000
1
0
1
0
0
1

3
1
8
2
2408
0
1
12
134217728
1000
100
59
1
1
0
1
0
0
1
0
3
1
1
1
2413
0
2
10
67108864
4000
100
100
1
0
1
0
0
1

3
1
4
4
2431
0
1
11
268435456
3000
500
79
0
1
0
1
0
0
1
3
1
2
1
2459
0
1
11
134217728
3000
100
86
0
1
0
1
0
0
1
3
1
8
1
2475
0
0
9
268435456
2000
100
1
0
1
0
0
1

3
1
8
2
2495
0
0
9
134217728
2000
100
1
0
1
0
0
1

3
1
4
4
2496
0
1
12
268435456
3000
50
35
1
1
0
1
0
0
1
0
3
1
4
2
2521
0
0
9
134217728
3000
100
1
0
1
0
0
1

3
1
2
1
2551
0
2
10
268435456
1000
500
10
1
0
1
0
0
1

3
1
4
2
2575
0
0
9
134217728
3000
500
1
0
1
0
0
1

3
1
8
1
2589
0
1
11
134217728
4000
500
90
0
1
0
1
0
0
1
3
1
4
2
2597
0
0
9
67108864
2000
100
1
0
1
0
0
1

3
1
2
2
2626
0
1
11
268435456
3000
100
23
0
1
0
1
0
0
1
3
1
2
1
2635
0
0
9
134217728
4000
250
1
0
1
0
0
1

3
1
2
1
2654
0
2
10
134217728
3000
500
1
1
0
1
0
0
1

3
1
1
1
2673
0
2
10
67108864
1000
250
5
1
0
1
0
0
1

3
1
4
4
2696
0
2
10
268435456
3000
500
1000
1
0
1
0
0
1

3
1
4
2
2702
0
0
9
67108864
3000
250
1
0
1
0
0
1

3
1
8
2
2703
0
1
12
134217728
3000
500
47
1
1
0
1
0
0
1
0
3
1
8
1
2714
0
0
9
134217728
2000
100
1
0
1
0
0
1

3
1
8
1
2723
0
0
9
67108864
4000
1000
1
0
1
0
0
1

3
1
8
8
2747
0
2
10
67108864
3000
1000
10
1
0
1
0
0
1

3
1
4
2
2773
0
2
10
67108864
4000
100
1000
1
0
1
0
0
1

3
1
4
2
2780
0
1
12
134217728
4000
500
86
1
1
0
1
0
0
1
0
3
1
1
1
2808
0
1
12
67108864
3000
100
33
1
1
0
1
0
0
1
0
3
1
8
4
2822
0
2
10
134217728
1000
1000
1
1
0
1
0
0
1

3
1
2
2
2831
0
0
9
268435456
3000
250
1
0
1
0
0
1

3
1
2
1
2858
0
1
11
67108864
3000
250
57
0
1
0
1
0
0
1
3
1
8
2
2875
0
2
10
268435456
3000
100
1
1
0
1
0
0
1

3
1
2
1
2900
0
1
12
134217728
3000
50
32
1
1
0
1
0
0
1
0
3
1
8
4
2928
0
0
9
134217728
1000
50
1
0
1
0
0
1

3
1
2
1
2952
0
1
12
134217728
4000
500
65
1
1
0
1
0
0
1
0
3
1
2
1
2974
0
2
10
268435456
1000
250
1
1
0
1
0
0
1

3
1
1
1
2978
0
0
9
67108864
1000
1000
1
0
1
0
0
1

3
1
1
1
2999
0
2
10
268435456
2000
250
10
1
0
1
0
0
1

3
1
8
1
3025
0
0
9
134217728
4000
1000
1
0
1
0
0
1

3
1
1
1
3033
0
1
11
134217728
4000
100
92
0
1
0
1
0
0
1
3
1
8
4
3061
0
2
10
134217728
3000
250
100
1
0
1
0
0
1

3
1
2
1
3084
0
1
12
268435456
3000
50
61
1
1
0
1
0
0
1
0
3
1
1
1
3106
0
2
10
268435456
1000
500
1000
1
0
1
0
0
1

3
1
8
8
3114
0
1
11
67108864
2000
1000
11
0
1
0
1
0
0
1
3
1
8
1
3128
0
2
10
67108864
2000
50
100
1
0
1
0
0
1

3
1
2
1
3153
0
0
9
268435456
3000
250
1
0
1
0
0
1

3
1
2
1
3167
0
2
10
67108864
4000
250
10
1
0
1
0
0
1

3
1
4
1
3179
0
2
10
67108864
2000
250
1
1
0
1
0
0
1

3
1
1
1
3185
0
2
10
67108864
2000
500
10
1
0
1
0
0
1

3
1
2
1
3215
0
1
12
268435456
2000
500
25
1
1
0
1
0
0
1
0
3
1
2
1
3240
0
1
12
268435456
3000
50
60
1
1
0
1
0
0
1
0
3
1
1
1
3247
0
0
9
268435456
1000
500
1
0
1
0
0
1

3
1
1
1
3260
0
1
12
268435456
1000
100
67
1
1
0
1
0
0
1
0
3
1
2
1
3267
0
2
10
67108864
4000
1000
1
1
0
1
0
0
1

3
1
4
2
3273
0
2
10
134217728
3000
50
1000
1
0
1
0
0
1

3
1
2
2
3303
0
2
10
268435456
2000
50
1000
1
0
1
0
0
1

3
1
8
1
3313
0
1
11
67108864
2000
50
33
0
1
0
1
0
0
1
3
1
4
1
3321
0
2
10
67108864
4000
1000
1000
1
0
1
0
0
1

3
1
2
1
3335
0
1
11
268435456
2000
250
0
0
1
0
1
0
0
1
3
1
8
1
3341
0
2
10
134217728
3000
250
100
1
0
1
0
0
1

3
1
8
4
3358
0
0
9
134217728
3000
100
1
0
1
0
0
1

3
1
4
1
3387
0
1
11
67108864
1000
500
72
0
1
0
1
0
0
1
3
1
1
1
3417
0
1
11
67108864
3000
1000
24
0
1
0
1
0
0
1
3
1
8
1
3442
0
0
9
67108864
2000
250
1
0
1
0
0
1

3
1
4
2
3451
0
2
10
134217728
4000
250
10
1
0
1
0
0
1

3
1
1
1
3464
0
2
10
67108864
2000
100
5
1
0
1
0
0
1

3
1
4
2
3485
0
1
11
268435456
3000
100
30
0
1
0
1
0
0
1
3
1
1
1
3499
0
1
12
268435456
1000
100
67
1
1
0
1
0
0
1
0
3
1
4
1
3504
0
1
11
134217728
1000
500
35
0
1
0
1
0
0
1
3
1
8
8
3516
0
1
11
67108864
4000
1000
6
0
1
0
1
0
0
1
3
1
8
8
3524
0
2
10
268435456
3000
500
1
1
0
1
0
0
1

3
1
1
1
3536
0
2
10
134217728
2000
250
100
1
0
1
0
0
1

3
1
8
1
3538
0
1
11
134217728
2000
1000
71
0
1
0
1
0
0
1
3
1
8
1
3551
0
1
11
67108864
3000
250
31
0
1
0
1
0
0
1
3
1
2
2
3565
0
1
11
268435456
2000
500
58
0
1
0
1
0
0
1
3
1
2
1
3591
0
0
9
268435456
2000
500
1
0
1
0
0
1

3
1
2
2
3595
0
2
10
134217728
3000
100
10
1
0
1
0
0
1

3
1
4
1
3621
0
2
10
67108864
1000
50
1
1
0
1
0
0
1

3
1
8
2
3631
0
1
11
134217728
4000
1000
69
0
1
0
1
0
0
1
3
1
8
8
3659
0
2
10
134217728
3000
50
1
1
0
1
0
0
1

3
1
2
1
3682
0
1
12
134217728
4000
500
22
1
1
0
1
0
0
1
0
3
1
1
1
3697
0
2
10
67108864
1000
50
10
1
0
1
0
0
1

3
1
2
2
3707
0
0
9
67108864
2000
100
1
0
1
0
0
1

3
1
2
1
3728
0
0
9
67108864
1000
50
1
0
1
0
0
1

3
1
2
2
3730
0
1
12
134217728
4000
50
17
1
1
0
1
0
0
1
0
3
1
8
8
3750
0
0
9
268435456
2000
100
1
0
1
0
0
1

3
1
1
1
3773
0
1
12
67108864
4000
250
88
1
1
0
1
0
0
1
0
3
1
1
1
3779
0
1
11
67108864
2000
250
69
0
1
0
1
0
0
1
3
1
1
1
3804
0
0
9
268435456
3000
500
1
0
1
0
0
1

3
1
4
1
3828
0
2
10
67108864
4000
100
10
1
0
1
0
0
1

3
1
2
1
3829
0
1
11
67108864
3000
500
31
0
1
0
1
0
0
1
3
1
4
2
3836
0
2
10
268435456
3000
500
10
1
0
1
0
0
1

3
1
4
2
3841
0
0
9
268435456
3000
50
1
0
1
0
0
1

3
1
4
2
3863
0
0
9
67108864
3000
100
1
0
1
0
0
1

3
1
2
1
3887
0
1
12
268435456
3000
50
79
1
1
0
1
0
0
1
0
3
1
2
2
3889
0
1
12
134217728
1000
500
85
1
1
0
1
0
0
1
0
3
1
1
1
3899
0
0
9
268435456
2000
500
1
0
1
0
0
1

3
1
4
4
3909
0
1
11
268435456
1000
100
34
0
1
0
1
0
0
1
3
1
1
1
3917
0
1
12
67108864
2000
50
53
1
1
0
1
0
0
1
0
3
1
1
1
3944
0
0
9
134217728
3000
50
1
0
1
0
0
1

3
1
2
1
3948
0
0
9
134217728
1000
1000
1
0
1
0
0
1

3
1
8
8
3970
0
0
9
67108864
1000
1000
1
0
1
0
0
1

3
1
4
2
3986
0
2
10
268435456
3000
50
5
1
0
1
0
0
1

3
1
4
2
4010
0
1
11
134217728
4000
500
26
0
1
0
1
0
0
1
3
1
2
1
4039
0
2
10
268435456
2000
50
1
1
0
1
0
0
1

3
1
8
2
4049
0
1
12
67108864
3000
250
38
1
1
0
1
0
0
1
0
3
1
4
2
4056
0
2
10
67108864
3000
100
1
1
0
1
0
0
1

3
1
8
8
4070
0
1
11
134217728
3000
100
25
0
1
0
1
0
0
1
3
1
8
8
4073
0
1
12
134217728
1000
50
98
1
1
0
1
0
0
1
0
3
1
8
1
4085
0
2
10
268435456
1000
500
100
1
0
1
0
0
1

3
1
8
1
4096
0
2
10
268435456
2000
100
5
1
0
1
0
0
1

3
1
2
1
4108
0
2
10
67108864
1000
250
1
1
0
1
0
0
1

3
1
8
1
4112
0
2
10
268435456
3000
500
1
1
0
1
0
0
1

3
1
2
2
4136
0
1
12
134217728
1000
100
61
1
1
0
1
0
0
1
0
3
1
8
4
4140
0
1
11
134217728
4000
100
3
0
1
0
1
0
0
1
3
1
1
1
4166
0
2
10
67108864
4000
1000
10
1
0
1
0
0
1

3
1
8
2
4172
0
1
11
67108864
3000
1000
30
0
1
0
1
0
0
1
3
1
1
1
4180
0
0
9
268435456
2000
500
1
0
1
0
0
1

3
1
2
2
4199
0
2
10
134217728
4000
50
100
1
0
1
0
0
1

3
1
4
2
4222
0
2
10
134217728
2000
250
100
1
0
1
0
0
1

3
1
8
4
4252
0
0
9
268435456
3000
100
1
0
1
0
0
1

3
1
8
1
4272
0
2
10
67108864
4000
500
1000
1
0
1
0
0
1

3
1
1
1
4297
0
0
9
67108864
4000
100
1
0
1
0
0
1

3
1
8
2
4326
0
1
11
67108864
1000
1000
23
0
1
0
1
0
0
1
3
1
1
1
4356
0
0
9
268435456
1000
500
1
0
1
0
0
1

3
1
2
1
4359
0
0
9
67108864
1000
250
1
0
1
0
0
1

3
1
2
2
4362
0
1
11
67108864
2000
1000
88
0
1
0
1
0
0
1
3
1
4
2
4377
0
1
11
134217728
1000
500
40
0
1
0
1
0
0
1
3
1
1
1
4395
0
1
12
268435456
2000
100
88
1
1
0
1
0
0
1
0
3
1
2
1
4421
0
2
10
134217728
2000
50
1
1
0
1
0
0
1

3
1
2
1
4440
0
0
9
134217728
1000
50
1
0
1
0
0
1

3
1
1
1
4462
0
0
9
268435456
3000
500
1
0
1
0
0
1

3
1
1
1
4490
0
2
10
67108864
2000
50
10
1
0
1
0
0
1

3
1
4
4
4492
0
1
12
268435456
3000
100
84
1
1
0
1
0
0
1
0
3
1
1
1
4518
0
0
9
67108864
1000
100
1
0
1
0
0
1

3
1
2
1
4535
0
2
10
268435456
1000
50
100
1
0
1
0
0
1

3
1
4
4
4551
0
2
10
67108864
3000
500
1000
1
0
1
0
0
1

3
1
4
4
4581
0
2
10
268435456
1000
100
100
1
0
1
0
0
1

3
1
1
1
4590
0
1
11
268435456
2000
100
56
0
1
0
1
0
0
1
3
1
4
2
4592
0
1
11
268435456
1000
500
36
0
1
0
1
0
0
1
3
1
8
2
4621
0
0
9
268435456
3000
250
1
0
1
0
0
1

3
1
8
8
4626
0
1
12
134217728
1000
500
84
1
1
0
1
0
0
1
0
3
1
4
1
4627
0
2
10
67108864
4000
50
5
1
0
1
0
0
1

3
1
8
8
4634
0
0
9
134217728
3000
1000
1
0
1
0
0
1

3
1
4
4
4662
0
1
11
134217728
3000
1000
68
0
1
0
1
0
0
1
3
1
4
2
4665
0
1
11
134217728
4000
1000
89
0
1
0
1
0
0
1
3
1
2
1
4681
0
1
12
268435456
3000
50
36
1
1
0
1
0
0
1
0
3
1
2
1
4699
0
1
12
134217728
1000
500
77
1
1
0
1
0
0
1
0
3
1
8
8
4710
0
1
11
67108864
2000
100
88
0
1
0
1
0
0
1
3
1
8
8
4736
0
0
9
134217728
1000
250
1
0
1
0
0
1

3
1
8
8
4766
0
0
9
268435456
1000
500
1
0
1
0
0
1

3
1
4
2
4769
0
2
10
268435456
3000
250
1
1
0
1
0
0
1

3
1
8
1
4795
0
0
9
67108864
3000
250
1
0
1
0
0
1

3
1
8
8
4806
0
1
12
134217728
1000
50
78
1
1
0
1
0
0
1
0
3
1
4
2
4808
0
1
11
134217728
2000
250
24
0
1
0
1
0
0
1
3
1
4
4
4811
0
1
12
134217728
4000
250
80
1
1
0
1
0
0
1
0
3
1
8
2
4815
0
0
9
134217728
2000
250
1
0
1
0
0
1

3
1
4
1
4822
0
1
11
67108864
1000
50
78
0
1
0
1
0
0
1
3
1
1
1
4839
0
0
9
134217728
4000
100
1
0
1
0
0
1

3
1
4
2
4861
0
0
9
67108864
1000
1000
1
0
1
0
0
1

3
1
8
4
4865
0
0
9
134217728
4000
500
1
0
1
0
0
1

3
1
4
4
4889
0
2
10
134217728
1000
250
100
1
0
1
0
0
1

3
1
4
1
4896
0
1
11
134217728
3000
1000
27
0
1
0
1
0
0
1
3
1
4
4
4920
0
1
12
268435456
3000
500
50
1
1
0
1
0
0
1
0
3
1
1
1
4921
0
2
10
134217728
2000
250
100
1
0
1
0
0
1

3
1
2
1
4928
0
2
10
67108864
3000
250
10
1
0
1
0
0
1

3
1
2
1
4955
0
0
9
268435456
1000
100
1
0
1
0
0
1

3
1
4
2
4977
0
1
12
268435456
3000
500
71
1
1
0
1
0
0
1
0
3
1
1
1
4986
0
2
10
268435456
1000
50
1
1
0
1
0
0
1

3
1
4
2
4998
0
1
11
268435456
2000
250
30
0
1
0
1
0
0
1
3
1
8
2
5007
0
1
11
67108864
2000
250
86
0
1
0
1
0
0
1
3
1
4
2
5020
0
1
11
268435456
3000
50
36
0
1
0
1
0
0
1
3
1
1
1
5030
0
1
12
67108864
1000
50
5
1
1
0
1
0
0
1
0
3
1
4
4
5042
0
0
9
67108864
3000
250
1
0
1
0
0
1

3
1
2
1
5058
0
0
9
134217728
1000
250
1
0
1
0
0
1

3
1
2
1
5065
0
0
9
268435456
2000
500
1
0
1
0
0
1

3
1
2
1
5071
0
0
9
268435456
3000
250
1
0
1
0
0
1

3
1
2
1
5076
0
2
10
67108864
1000
500
5
1
0
1
0
0
1

3
1
4
2
5078
0
0
9
134217728
3000
500
1
0
1
0
0
1

3
1
4
1
5100
0
1
11
134217728
2000
1000
9
0
1
0
1
0
0
1
3
1
2
2
5110
0
0
9
268435456
2000
250
1
0
1
0
0
1

3
1
1
1
5134
0
0
9
268435456
2000
250
1
0
1
0
0
1

3
1
1
1
5149
0
0
9
268435456
2000
500
1
0
1
0
0
1

3
1
4
4
5150
0
2
10
67108864
1000
1000
1
1
0
1
0
0
1

3
1
4
2
5162
0
0
9
268435456
3000
500
1
0
1
0
0
1

3
1
2
2
5181
0
2
10
134217728
2000
250
10
1
0
1
0
0
1

3
1
2
1
5197
0
2
10
134217728
1000
1000
10
1
0
1
0
0
1

3
1
4
2
5222
0
0
9
134217728
3000
1000
1
0
1
0
0
1

3
1
4
4
5223
0
0
9
67108864
2000
100
1
0
1
0
0
1

3
1
2
1
5230
0
1
12
134217728
3000
100
87
1
1
0
1
0
0
1
0
3
1
2
1
5232
0
1
12
268435456
3000
50
92
1
1
0
1
0
0
1
0
3
1
4
2
5247
0
2
10
67108864
2000
1000
5
1
0
1
0
0
1

3
1
4
2
5276
0
2
10
67108864
3000
500
5
1
0
1
0
0
1

3
1
2
1
5302
0
2
10
134217728
3000
50
1000
1
0
1
0
0
1

3
1
4
2
5307
0
0
9
134217728
2000
1000
1
0
1
0
0
1

3
1
4
2
5316
0
0
9
134217728
2000
100
1
0
1
0
0
1

3
1
4
4
5336
0
0
9
134217728
1000
250
1
0
1
0
0
1

3
1
1
1
5342
0
0
9
268435456
3000
500
1
0
1
0
0
1

3
1
8
1
5352
0
2
10
134217728
1000
500
5
1
0
1
0
0
1

3
1
4
2
5371
0
0
9
67108864
4000
500
1
0
1
0
0
1

3
1
2
1
5387
0
0
9
67108864
4000
50
1
0
1
0
0
1

3
1
4
4
5388
0
1
12
67108864
3000
50
37
1
1
0
1
0
0
1
0
3
1
1
1
5404
0
2
10
67108864
1000
50
1000
1
0
1
0
0
1

3
1
4
2
5434
0
0
9
67108864
1000
500
1
0
1
0
0
1

3
1
4
4
5440
0
1
11
67108864
4000
500
77
0
1
0
1
0
0
1
3
1
1
1
5447
0
2
10
134217728
4000
500
1
1
0
1
0
0
1

3
1
2
1
5466
0
1
12
67108864
3000
50
8
1
1
0
1
0
0
1
0
3
1
8
4
5482
0
0
9
134217728
1000
1000
1
0
1
0
0
1

3
1
8
2
5493
0
0
9
134217728
2000
1000
1
0
1
0
0
1

3
1
4
1
5512
0
0
9
67108864
4000
1000
1
0
1
0
0
1

3
1
2
1
5525
0
0
9
134217728
1000
50
1
0
1
0
0
1

3
1
8
1
5529
0
1
12
67108864
4000
100
86
1
1
0
1
0
0
1
0
3
1
8
8
5552
0
0
9
134217728
4000
1000
1
0
1
0
0
1

3
1
2
1
5567
0
0
9
134217728
3000
250
1
0
1
0
0
1

3
1
1
1
5592
0
2
10
134217728
3000
100
10
1
0
1
0
0
1

3
1
4
2
5608
0
1
11
268435456
2000
500
53
0
1
0
1
0
0
1
3
1
1
1
5618
0
0
9
268435456
2000
250
1
0
1
0
0
1

3
1
8
2
5631
0
1
11
67108864
3000
1000
2
0
1
0
1
0
0
1
3
1
4
2
5640
0
1
11
67108864
4000
1000
16
0
1
0
1
0
0
1
3
1
1
1
5653
0
1
12
67108864
2000
250
98
1
1
0
1
0
0
1
0
3
1
4
4
5682
0
0
9
134217728
4000
500
1
0
1
0
0
1

3
1
1
1
5700
0
0
9
67108864
3000
500
1
0
1
0
0
1

3
1
2
2
5715
0
2
10
134217728
4000
1000
10
1
0
1
0
0
1

3
1
1
1
5720
0
0
9
67108864
3000
1000
1
0
1
0
0
1

3
1
1
1
5748
0
2
10
67108864
2000
500
5
1
0
1
0
0
1

3
1
2
1
5766
0
0
9
134217728
4000
500
1
0
1
0
0
1

3
1
8
8
5774
0
2
10
134217728
2000
500
1000
1
0
1
0
0
1

3
1
2
1
5800
0
0
9
67108864
3000
100
1
0
1
0
0
1

3
1
2
2
5813
0
2
10
134217728
1000
50
10
1
0
1
0
0
1

3
1
1
1
5821
0
2
10
268435456
3000
50
100
1
0
1
0
0
1

3
1
2
1
5844
0
1
12
268435456
2000
50
84
1
1
0
1
0
0
1
0
3
1
1
1
5865
0
2
10
67108864
2000
250
5
1
0
1
0
0
1

3
1
1
1
5870
0
2
10
67108864
4000
500
10
1
0
1
0
0
1

3
1
4
2
5893
0
2
10
134217728
2000
100
10
1
0
1
0
0
1

3
1
2
1
5904
0
2
10
268435456
3000
50
5
1
0
1
0
0
1

3
1
2
1
5921
0
0
9
268435456
1000
500
1
0
1
0
0
1

3
1
4
2
5930
0
2
10
67108864
1000
100
10
1
0
1
0
0
1

3
1
8
1
5959
0
2
10
268435456
2000
50
5
1
0
1
0
0
1

3
1
8
8
5961
0
2
10
134217728
1000
250
100
1
0
1
0
0
1

3
1
2
1
5985
0
2
10
67108864
1000
1000
5
1
0
1
0
0
1

3
1
1
1
6006
0
0
9
268435456
3000
50
1
0
1
0
0
1

3
1
4
4
6031
0
2
10
67108864
1000
500
100
1
0
1
0
0
1

3
1
2
2
6033
0
2
10
67108864
3000
50
1
1
0
1
0
0
1

3
1
1
1
6061
0
1
11
134217728
3000
250
35
0
1
0
1
0
0
1
3
1
4
1
6063
0
0
9
67108864
4000
1000
1
0
1
0
0
1

3
1
4
2
6076
0
1
12
268435456
1000
100
50
1
1
0
1
0
0
1
0
3
1
4
2
6088
0
1
11
268435456
3000
500
19
0
1
0
1
0
0
1
3
1
4
1
6091
0
2
10
67108864
3000
100
10
1
0
1
0
0
1

3
1
2
1
6105
0
1
11
268435456
2000
50
27
0
1
0
1
0
0
1
3
1
8
1
6117
0
1
11
268435456
1000
50
31
0
1
0
1
0
0
1
3
1
4
4
6119
0
2
10
134217728
1000
500
10
1
0
1
0
0
1

3
1
2
2
6122
0
0
9
268435456
3000
500
1
0
1
0
0
1

3
1
4
4
6124
0
2
10
268435456
3000
50
100
1
0
1
0
0
1

3
1
2
2
6148
0
1
11
134217728
3000
50
4
0
1
0
1
0
0
1
3
1
2
2
6159
0
1
12
134217728
3000
500
35
1
1
0
1
0
0
1
0
3
1
2
1
6163
0
0
9
134217728
4000
250
1
0
1
0
0
1

3
1
4
2
6166
0
2
10
268435456
1000
500
10
1
0
1
0
0
1

3
1
4
4
6186
0
1
12
134217728
3000
50
31
1
1
0
1
0
0
1
0
3
1
8
2
6211
0
2
10
268435456
1000
500
1
1
0
1
0
0
1

3
1
8
1
6222
0
1
11
268435456
1000
50
10
0
1
0
1
0
0
1
3
1
4
2
6244
0
0
9
134217728
3000
1000
1
0
1
0
0
1

3
1
1
1
6257
0
1
11
134217728
3000
1000
87
0
1
0
1
0
0
1
3
1
2
1
6284
0
0
9
268435456
2000
500
1
0
1
0
0
1

3
1
1
1
6312
0
2
10
134217728
1000
1000
10
1
0
1
0
0
1

3
1
8
1
6330
0
2
10
134217728
4000
500
1000
1
0
1
0
0
1

3
1
8
8
6342
0
0
9
67108864
1000
1000
1
0
1
0
0
1

3
1
8
2
6362
0
1
11
67108864
3000
500
5
0
1
0
1
0
0
1
3
1
1
1
6384
0
0
9
134217728
4000
500
1
0
1
0
0
1

3
1
8
4
6390
0
0
9
134217728
1000
500
1
0
1
0
0
1

3
1
2
1
6400
0
0
9
67108864
3000
500
1
0
1
0
0
1

3
1
2
1
6407
0
1
12
67108864
1000
1000
13
1
1
0
1
0
0
1
0
3
1
8
1
6429
0
1
12
67108864
2000
50
29
1
1
0
1
0
0
1
0
3
1
8
1
6434
0
2
10
268435456
2000
50
1
1
0
1
0
0
1

3
1
4
2
6443
0
1
11
67108864
1000
1000
13
0
1
0
1
0
0
1
3
1
8
4
6449
0
1
11
268435456
3000
500
63
0
1
0
1
0
0
1
3
1
2
1
6472
0
0
9
268435456
2000
500
1
0
1
0
0
1

3
1
8
2
6498
0
2
10
134217728
4000
500
5
1
0
1
0
0
1

3
1
4
2
6499
0
0
9
268435456
2000
50
1
0
1
0
0
1

3
1
1
1
6505
0
0
9
134217728
4000
1000
1
0
1
0
0
1

3
1
1
1
6526
0
0
9
268435456
2000
250
1
0
1
0
0
1

3
1
2
2
6530
0
1
11
134217728
2000
1000
94
0
1
0
1
0
0
1
3
1
2
1
6539
0
0
9
67108864
4000
50
1
0
1
0
0
1

3
1
1
1
6546
0
1
11
268435456
3000
250
37
0
1
0
1
0
0
1
3
1
1
1
6551
0
1
11
268435456
3000
500
62
0
1
0
1
0
0
1
3
1
2
2
6562
0
2
10
268435456
3000
100
10
1
0
1
0
0
1

3
1
4
4
6584
0
1
11
268435456
2000
250
23
0
1
0
1
0
0
1
3
1
1
1
6597
0
2
10
268435456
2000
50
1000
1
0
1
0
0
1

3
1
1
1
6599
0
2
10
134217728
3000
50
1000
1
0
1
0
0
1

3
1
2
1
6605
0
0
9
67108864
1000
250
1
0
1
0
0
1

3
1
8
1
6617
0
1
11
134217728
1000
250
58
0
1
0
1
0
0
1
3
1
8
1
6624
0
1
12
134217728
3000
250
82
1
1
0
1
0
0
1
0
3
1
8
4
6637
0
2
10
67108864
1000
100
100
1
0
1
0
0
1

3
1
1
1
6649
0
0
9
268435456
3000
500
1
0
1
0
0
1

3
1
4
2
6678
0
0
9
134217728
3000
500
1
0
1
0
0
1

3
1
8
4
6701
0
2
10
67108864
3000
500
1000
1
0
1
0
0
1

3
1
4
1
6725
0
0
9
268435456
3000
50
1
0
1
0
0
1

3
1
8
4
6737
0
0
9
134217728
1000
500
1
0
1
0
0
1

3
1
1
1
6752
0
2
10
268435456
1000
100
100
1
0
1
0
0
1

3
1
4
1
6772
0
0
9
67108864
2000
1000
1
0
1
0
0
1

3
1
1
1
6787
0
0
9
268435456
1000
500
1
0
1
0
0
1

3
1
2
2
6796
0
1
12
134217728
2000
50
56
1
1
0
1
0
0
1
0
3
1
2
2
6814
0
1
11
67108864
1000
50
43
0
1
0
1
0
0
1
3
1
2
2
6837
0
1
12
67108864
4000
1000
86
1
1
0
1
0
0
1
0
3
1
2
1
6862
0
0
9
134217728
1000
500
1
0
1
0
0
1

3
1
4
1
6890
0
0
9
268435456
1000
500
1
0
1
0
0
1

3
1
8
1
6898
0
2
10
268435456
3000
500
10
1
0
1
0
0
1

3
1
1
1
6921
0
1
11
268435456
3000
500
25
0
1
0
1
0
0
1
3
1
2
1
6925
0
0
9
67108864
4000
100
1
0
1
0
0
1

3
1
4
4
6936
0
0
9
67108864
3000
100
1
0
1
0
0
1

3
1
4
1
6947
0
1
12
268435456
1000
500
34
1
1
0
1
0
0
1
0
3
1
8
4
6963
0
0
9
67108864
4000
250
1
0
1
0
0
1

3
1
1
1
6985
0
0
9
134217728
1000
50
1
0
1
0
0
1

3
1
1
1
7011
0
0
9
134217728
1000
100
1
0
1
0
0
1

3
1
8
4
7025
0
1
12
67108864
2000
250
49
1
1
0
1
0
0
1
0
3
1
2
1
7049
0
0
9
268435456
3000
250
1
0
1
0
0
1

3
1
2
1
7056
0
1
12
67108864
3000
100
89
1
1
0
1
0
0
1
0
3
1
1
1
7071
0
1
12
268435456
2000
250
11
1
1
0
1
0
0
1
0
3
1
8
1
7080
0
2
10
268435456
3000
50
100
1
0
1
0
0
1

3
1
8
2
7096
0
1
11
268435456
1000
50
27
0
1
0
1
0
0
1
3
1
1
1
7125
0
0
9
67108864
4000
500
1
0
1
0
0
1

3
1
4
4
7130
0
1
12
67108864
1000
250
38
1
1
0
1
0
0
1
0
3
1
4
2
7141
0
1
11
268435456
3000
250
18
0
1
0
1
0
0
1
3
1
1
1
7165
0
2
10
268435456
3000
500
10
1
0
1
0
0
1

3
1
2
1
7178
0
1
11
134217728
4000
50
69
0
1
0
1
0
0
1
3
1
2
1
7180
0
0
9
134217728
4000
1000
1
0
1
0
0
1

3
1
2
1
7207
0
2
10
134217728
2000
50
100
1
0
1
0
0
1

3
1
8
1
7226
0
1
12
67108864
1000
250
17
1
1
0
1
0
0
1
0
3
1
2
1
7244
0
1
11
134217728
4000
500
6
0
1
0
1
0
0
1
3
1
1
1
7265
0
1
12
134217728
1000
1000
89
1
1
0
1
0
0
1
0
3
1
2
1
7295
0
2
10
67108864
4000
100
10
1
0
1
0
0
1

3
1
4
4
7312
0
0
9
67108864
3000
500
1
0
1
0
0
1

3
1
8
2
7317
0
0
9
67108864
1000
250
1
0
1
0
0
1

3
1
8
8
7322
0
0
9
134217728
4000
1000
1
0
1
0
0
1

3
1
8
2
7336
0
0
9
67108864
3000
500
1
0
1
0
0
1

3
1
2
1
7361
0
0
9
268435456
2000
250
1
0
1
0
0
1

3
1
2
1
7377
0
2
10
134217728
1000
50
5
1
0
1
0
0
1

3
1
2
1
7383
0
0
9
134217728
2000
100
1
0
1
0
0
1

3
1
1
1
7391
0
2
10
67108864
4000
1000
1
1
0
1
0
0
1

3
1
2
1
7393
0
1
11
134217728
2000
250
78
0
1
0
1
0
0
1
3
1
2
1
7411
0
0
9
67108864
1000
50
1
0
1
0
0
1

3
1
4
2
7424
0
1
12
268435456
3000
500
19
1
1
0
1
0
0
1
0
3
1
2
2
7447
0
2
10
67108864
3000
500
5
1
0
1
0
0
1

3
1
4
2
7455
0
2
10
134217728
1000
50
100
1
0
1
0
0
1

3
1
2
1
7467
0
2
10
67108864
3000
1000
100
1
0
1
0
0
1

3
1
2
2
7475
0
1
12
67108864
2000
500
57
1
1
0
1
0
0
1
0
3
1
4
4
7499
0
0
9
134217728
2000
1000
1
0
1
0
0
1

3
1
4
1
7510
0
2
10
268435456
2000
500
100
1
0
1
0
0
1

3
1
4
2
7516
0
1
12
67108864
1000
500
88
1
1
0
1
0
0
1
0
3
1
2
1
7534
0
1
12
67108864
3000
250
72
1
1
0
1
0
0
1
0
3
1
8
8
7561
0
2
10
134217728
1000
50
5
1
0
1
0
0
1

3
1
4
4
7571
0
1
11
134217728
2000
50
73
0
1
0
1
0
0
1
3
1
1
1
7601
0
1
11
67108864
2000
500
2
0
1
0
1
0
0
1
3
1
1
1
7624
0
1
11
268435456
1000
50
55
0
1
0
1
0
0
1
3
1
2
1
7640
0
0
9
67108864
4000
250
1
0
1
0
0
1

3
1
2
1
7642
0
0
9
67108864
3000
250
1
0
1
0
0
1

3
1
4
2
7652
0
1
11
67108864
1000
250
33
0
1
0
1
0
0
1
3
1
8
8
7667
0
1
11
67108864
2000
1000
7
0
1
0
1
0
0
1
3
1
4
2
7687
0
2
10
67108864
4000
250
1000
1
0
1
0
0
1

3
1
2
1
7706
0
2
10
67108864
1000
250
5
1
0
1
0
0
1

3
1
8
2
7723
0
1
11
67108864
1000
1000
45
0
1
0
1
0
0
1
3
1
2
1
7753
0
2
10
134217728
4000
500
10
1
0
1
0
0
1

3
1
4
4
7774
0
0
9
268435456
3000
500
1
0
1
0
0
1

3
1
1
1
7801
0
2
10
67108864
3000
50
1000
1
0
1
0
0
1

3
1
2
2
7831
0
2
10
134217728
3000
1000
100
1
0
1
0
0
1

3
1
4
1
7855
0
1
12
268435456
3000
50
40
1
1
0
1
0
0
1
0
3
1
1
1
7879
0
1
11
134217728
3000
1000
3
0
1
0
1
0
0
1
3
1
1
1
7894
0
2
10
268435456
2000
250
100
1
0
1
0
0
1

3
1
4
2
7919
0
0
9
268435456
2000
500
1
0
1
0
0
1

3
1
1
1
7925
0
0
9
134217728
3000
100
1
0
1
0
0
1

3
1
2
1
7934
0
1
12
268435456
1000
500
59
1
1
0
1
0
0
1
0
3
1
4
1
7943
0
1
12
67108864
4000
500
19
1
1
0
1
0
0
1
0
3
1
8
4
7952
0
2
10
67108864
3000
500
100
1
0
1
0
0
1

3
1
2
1
7982
0
2
10
134217728
1000
50
10
1
0
1
0
0
1

3
1
1
1
8004
0
2
10
134217728
2000
500
1
1
0
1
0
0
1

3
1
2
1
8005
0
0
9
268435456
2000
50
1
0
1
0
0
1

3
1
4
1
8031
0
0
9
134217728
4000
1000
1
0
1
0
0
1

3
1
8
1
8038
0
1
11
134217728
2000
1000
82
0
1
0
1
0
0
1
3
1
2
1
8041
0
1
12
67108864
3000
250
29
1
1
0
1
0
0
1
0
3
1
1
1
8065
0
2
10
134217728
4000
50
100
1
0
1
0
0
1

3
1
8
4
8075
0
1
11
67108864
1000
1000
51
0
1
0
1
0
0
1
3
1
2
1
8086
0
1
11
268435456
2000
100
20
0
1
0
1
0
0
1
3
1
4
1
8109
0
1
12
67108864
1000
250
4
1
1
0
1
0
0
1
0
3
1
1
1
8133
0
2
10
67108864
1000
50
5
1
0
1
0
0
1

3
1
2
1
8145
0
2
10
67108864
3000
1000
100
1
0
1
0
0
1

3
1
8
8
8175
0
2
10
268435456
3000
250
1
1
0
1
0
0
1

3
1
8
4
8183
0
2
10
268435456
3000
100
1000
1
0
1
0
0
1

3
1
2
2
8202
0
2
10
67108864
4000
1000
1
1
0
1
0
0
1

3
1
2
1
8210
0
0
9
268435456
2000
500
1
0
1
0
0
1

3
1
8
2
8239
0
2
10
134217728
3000
100
1
1
0
1
0
0
1

3
1
1
1
8265
0
1
11
268435456
1000
50
33
0
1
0
1
0
0
1
3
1
4
4
8287
0
0
9
134217728
1000
250
1
0
1
0
0
1

3
1
1
1
8300
0
2
10
268435456
3000
500
100
1
0
1
0
0
1

3
1
1
1
8305
0
2
10
134217728
2000
1000
100
1
0
1
0
0
1

3
1
2
1
8310
0
1
11
134217728
1000
500
63
0
1
0
1
0
0
1
3
1
2
1
8321
0
0
9
134217728
2000
100
1
0
1
0
0
1

3
1
2
1
8339
0
0
9
134217728
4000
50
1
0
1
0
0
1

3
1
8
8
8347
0
0
9
268435456
1000
250
1
0
1
0
0
1

3
1
8
1
8361
0
2
10
134217728
1000
1000
100
1
0
1
0
0
1

3
1
4
4
8389
0
2
10
268435456
3000
50
1
1
0
1
0
0
1

3
1
4
2
8406
0
0
9
268435456
1000
250
1
0
1
0
0
1

3
1
2
1
8423
0
0
9
268435456
1000
50
1
0
1
0
0
1

3
1
1
1
8447
0
1
11
67108864
3000
250
78
0
1
0
1
0
0
1
3
1
2
1
8468
0
0
9
268435456
2000
250
1
0
1
0
0
1

3
1
8
8
8498
0
0
9
134217728
1000
250
1
0
1
0
0
1

3
1
4
2
8523
0
2
10
268435456
2000
250
100
1
0
1
0
0
1

3
1
2
2
8532
0
2
10
268435456
1000
500
1
1
0
1
0
0
1

3
1
8
1
8534
0
0
9
67108864
4000
50
1
0
1
0
0
1

3
1
1
1
8535
0
0
9
67108864
2000
50
1
0
1
0
0
1

3
1
1
1
8563
0
2
10
134217728
4000
100
1000
1
0
1
0
0
1

3
1
2
1
8588
0
0
9
67108864
2000
50
1
0
1
0
0
1

3
1
1
1
8599
0
2
10
268435456
1000
100
100
1
0
1
0
0
1

3
1
2
2
8620
0
0
9
134217728
3000
100
1
0
1
0
0
1

3
1
4
2
8640
0
1
12
268435456
2000
100
50
1
1
0
1
0
0
1
0
3
1
8
2
8658
0
0
9
67108864
3000
100
1
0
1
0
0
1

3
1
2
1
8676
0
2
10
134217728
1000
500
10
1
0
1
0
0
1

3
1
8
8
8692
0
1
12
268435456
1000
500
31
1
1
0
1
0
0
1
0
3
1
2
2
8707
0
1
11
134217728
3000
250
63
0
1
0
1
0
0
1
3
1
4
2
8731
0
2
10
134217728
2000
500
5
1
0
1
0
0
1

3
1
4
4
8752
0
0
9
67108864
2000
50
1
0
1
0
0
1

3
1
2
1
8757
0
0
9
268435456
2000
500
1
0
1
0
0
1

3
1
8
2
8786
0
0
9
67108864
1000
1000
1
0
1
0
0
1

3
1
1
1
8816
0
0
9
134217728
3000
100
1
0
1
0
0
1

3
1
2
1
8831
0
1
11
67108864
1000
500
1
0
1
0
1
0
0
1
3
1
8
2
8850
0
1
11
67108864
4000
100
72
0
1
0
1
0
0
1
3
1
8
4
8863
0
0
9
67108864
3000
100
1
0
1
0
0
1

3
1
4
4
8876
0
1
12
134217728
1000
100
81
1
1
0
1
0
0
1
0
3
1
4
4
8893
0
2
10
268435456
3000
500
1000
1
0
1
0
0
1

3
1
2
2
8921
0
1
12
134217728
1000
100
23
1
1
0
1
0
0
1
0
3
1
8
4
8930
0
0
9
134217728
1000
250
1
0
1
0
0
1

3
1
1
1
8936
0
2
10
67108864
2000
50
10
1
0
1
0
0
1

3
1
2
1
8954
0
2
10
134217728
1000
500
5
1
0
1
0
0
1

3
1
8
4
8963
0
0
9
67108864
2000
100
1
0
1
0
0
1

3
1
4
4
8977
0
1
12
134217728
3000
100
31
1
1
0
1
0
0
1
0
3
1
2
1
8993
0
0
9
268435456
3000
100
1
0
1
0
0
1

3
1
8
2
9014
0
2
10
268435456
3000
250
5
1
0
1
0
0
1

3
1
1
1
9034
0
1
12
134217728
1000
50
10
1
1
0
1
0
0
1
0
3
1
4
1
9053
0
0
9
67108864
1000
250
1
0
1
0
0
1

3
1
2
1
9060
0
2
10
134217728
3000
100
1000
1
0
1
0
0
1

3
1
1
1
9088
0
2
10
67108864
4000
100
100
1
0
1
0
0
1

3
1
4
2
9117
0
2
10
268435456
3000
500
10
1
0
1
0
0
1

3
1
1
1
9125
0
0
9
268435456
3000
250
1
0
1
0
0
1

3
1
4
4
9151
0
2
10
134217728
3000
1000
100
1
0
1
0
0
1

3
1
1
1
9176
0
2
10
268435456
1000
500
100
1
0
1
0
0
1

3
1
4
1
9204
0
2
10
67108864
2000
250
10
1
0
1
0
0
1

3
1
4
1
9224
0
2
10
268435456
1000
100
5
1
0
1
0
0
1

3
1
2
1
9229
0
1
12
67108864
1000
250
21
1
1
0
1
0
0
1
0
3
1
4
4
9246
0
2
10
268435456
3000
50
1000
1
0
1
0
0
1

3
1
2
1
9272
0
1
11
268435456
3000
100
66
0
1
0
1
0
0
1
3
1
8
4
9300
0
2
10
268435456
2000
50
1000
1
0
1
0
0
1

3
1
4
2
9327
0
1
11
67108864
3000
50
49
0
1
0
1
0
0
1
3
1
1
1
9352
0
1
11
134217728
2000
250
75
0
1
0
1
0
0
1
3
1
8
1
9381
0
1
11
67108864
4000
1000
22
0
1
0
1
0
0
1
3
1
1
1
9394
0
2
10
134217728
1000
50
1000
1
0
1
0
0
1

3
1
1
1
9409
0
1
11
67108864
2000
1000
85
0
1
0
1
0
0
1
3
1
4
2
9414
0
0
9
134217728
1000
100
1
0
1
0
0
1

3
1
2
1
9441
0
2
10
134217728
2000
1000
1000
1
0
1
0
0
1

3
1
2
1
9451
0
2
10
134217728
2000
100
1
1
0
1
0
0
1

3
1
2
1
9466
0
0
9
67108864
2000
1000
1
0
1
0
0
1

3
1
8
2
9477
0
2
10
268435456
3000
500
100
1
0
1
0
0
1

3
1
2
1
9486
0
2
10
67108864
3000
100
10
1
0
1
0
0
1

3
1
2
2
9510
0
0
9
134217728
3000
50
1
0
1
0
0
1

3
1
4
1
9518
0
0
9
67108864
3000
100
1
0
1
0
0
1

3
1
8
8
9548
0
0
9
268435456
1000
250
1
0
1
0
0
1

3
1
4
1
9566
0
0
9
67108864
1000
250
1
0
1
0
0
1

3
1
1
1
9591
0
2
10
268435456
2000
50
1
1
0
1
0
0
1

3
1
1
1
9595
0
2
10
134217728
2000
1000
1000
1
0
1
0
0
1

3
1
2
2
9596
0
0
9
134217728
1000
50
1
0
1
0
0
1

3
1
1
1
9598
0
2
10
134217728
3000
500
5
1
0
1
0
0
1

3
1
1
1
9617
0
1
11
134217728
2000
250
9
0
1
0
1
0
0
1
3
1
4
2
9632
0
1
12
67108864
2000
100
59
1
1
0
1
0
0
1
0
3
1
8
8
9645
0
1
12
67108864
3000
1000
71
1
1
0
1
0
0
1
0
3
1
1
1
9659
0
2
10
268435456
1000
100
100
1
0
1
0
0
1

3
1
8
4
9660
0
2
10
268435456
1000
500
1000
1
0
1
0
0
1

3
1
1
1
9670
0
0
9
67108864
3000
1000
1
0
1
0
0
1

3
1
2
1
9672
0
0
9
67108864
2000
50
1
0
1
0
0
1

3
1
8
2
9690
0
1
12
134217728
1000
1000
50
1
1
0
1
0
0
1
0
3
1
4
4
9706
0
2
10
268435456
1000
50
10
1
0
1
0
0
1

3
1
1
1
9725
0
2
10
67108864
2000
50
1000
1
0
1
0
0
1

3
1
1
1
9752
0
1
12
268435456
1000
500
98
1
1
0
1
0
0
1
0
3
1
2
1
9769
0
1
12
134217728
2000
1000
68
1
1
0
1
0
0
1
0
3
1
4
2
9797
0
0
9
268435456
2000
500
1
0
1
0
0
1

3
1
1
1
9812
0
2
10
134217728
4000
250
1000
1
0
1
0
0
1

3
1
1
1
9830
0
1
12
268435456
3000
50
38
1
1
0
1
0
0
1
0
3
1
1
1
9841
0
1
11
268435456
3000
500
92
0
1
0
1
0
0
1
3
1
2
1
9849
0
1
11
134217728
4000
500
36
0
1
0
1
0
0
1
3
1
1
1
9868
0
1
11
134217728
4000
1000
97
0
1
0
1
0
0
1
3
1
2
1
9891
0
2
10
268435456
3000
50
100
1
0
1
0
0
1

3
1
1
1
9897
0
1
11
268435456
3000
50
63
0
1
0
1
0
0
1
3
1
1
1
9922
0
1
12
268435456
3000
500
76
1
1
0
1
0
0
1
0
3
1
2
1
9948
0
2
10
268435456
1000
250
5
1
0
1
0
0
1

3
1
1
1
9975
0
1
11
268435456
1000
500
67
0
1
0
1
0
0
1
3
1
2
2
9976
0
1
11
268435456
3000
500
41
0
1
0
1
0
0
1
3
1
2
1
9982
0
1
11
134217728
2000
100
58
0
1
0
1
0
0
1
3
1
4
2
9984
0
0
9
67108864
1000
100
1
0
1
0
0
1

3
1
1
1
9997
0
1
12
134217728
4000
50
9
1
1
0
1
0
0
1
0
3
1
2
2
10016
0
2
10
67108864
2000
100
10
1
0
1
0
0
1

3
1
2
2
10030
0
0
9
134217728
2000
100
1
0
1
0
0
1

3
1
8
4
10047
0
0
9
134217728
4000
250
1
0
1
0
0
1

3
1
4
2
10060
0
1
11
67108864
1000
500
4
0
1
0
1
0
0
1
3
1
8
8
10085
0
2
10
268435456
2000
250
1000
1
0
1
0
0
1

3
1
4
1
10089
0
0
9
134217728
2000
250
1
0
1
0
0
1

3
1
1
1
10109
0
0
9
134217728
4000
100
1
0
1
0
0
1

3
1
2
1
10116
0
1
11
67108864
4000
1000
43
0
1
0
1
0
0
1
3
1
1
1
10132
0
1
11
268435456
1000
500
93
0
1
0
1
0
0
1
3
1
8
2
10158
0
0
9
67108864
2000
50
1
0
1
0
0
1

3
1
2
1
10167
0
2
10
134217728
3000
100
5
1
0
1
0
0
1

3
1
4
2
10182
0
0
9
67108864
3000
500
1
0
1
0
0
1

3
1
1
1
10198
0
1
11
67108864
1000
250
32
0
1
0
1
0
0
1
3
1
2
1
10227
0
2
10
67108864
2000
500
100
1
0
1
0
0
1

3
1
2
1
10245
0
1
12
67108864
2000
500
12
1
1
0
1
0
0
1
0
3
1
8
1
10268
0
0
9
268435456
2000
500
1
0
1
0
0
1

3
1
1
1
10276
0
0
9
67108864
4000
250
1
0
1
0
0
1

3
1
1
1
10277
0
1
11
67108864
3000
100
7
0
1
0
1
0
0
1
3
1
4
2
10283
0
1
11
268435456
1000
50
70
0
1
0
1
0
0
1
3
1
8
4
10291
0
0
9
268435456
3000
500
1
0
1
0
0
1

3
1
8
8
10313
0
2
10
134217728
4000
1000
10
1
0
1
0
0
1

3
1
8
1
10323
0
2
10
67108864
3000
250
100
1
0
1
0
0
1

3
1
2
1
10336
0
0
9
268435456
3000
50
1
0
1
0
0
1

3
1
1
1
10342
0
0
9
134217728
4000
500
1
0
1
0
0
1

3
1
8
1
10369
0
0
9
134217728
3000
100
1
0
1
0
0
1

3
1
2
1
10377
0
2
10
134217728
4000
250
100
1
0
1
0
0
1

3
1
8
2
10386
0
2
10
134217728
2000
500
1
1
0
1
0
0
1

3
1
1
1
10393
0
1
11
268435456
3000
250
10
0
1
0
1
0
0
1
3
1
8
2
10397
0
1
12
134217728
1000
500
18
1
1
0
1
0
0
1
0
3
1
1
1
10416
0
0
9
67108864
3000
50
1
0
1
0
0
1

3
1
4
1
10434
0
2
10
134217728
3000
100
10
1
0
1
0
0
1

3
1
1
1
10440
0
1
12
268435456
3000
500
90
1
1
0
1
0
0
1
0
3
1
1
1
10442
0
2
10
268435456
2000
50
10
1
0
1
0
0
1

3
1
1
1
10451
0
1
11
268435456
1000
500
13
0
1
0
1
0
0
1
3
1
1
1
10465
0
2
10
134217728
1000
1000
5
1
0
1
0
0
1

3
1
2
1
10491
0
2
10
134217728
2000
250
1
1
0
1
0
0
1

3
1
8
8
10521
0
1
11
67108864
2000
250
78
0
1
0
1
0
0
1
3
1
8
2
10524
0
1
11
134217728
1000
500
46
0
1
0
1
0
0
1
3
1
4
2
10540
0
0
9
67108864
2000
100
1
0
1
0
0
1

3
1
1
1
10542
0
2
10
67108864
3000
1000
1000
1
0
1
0
0
1

3
1
1
1
10549
0
1
11
134217728
4000
250
12
0
1
0
1
0
0
1
3
1
4
2
10552
0
0
9
134217728
3000
100
1
0
1
0
0
1

3
1
2
1
10570
0
1
12
134217728
4000
50
26
1
1
0
1
0
0
1
0
3
1
1
1
10599
0
1
12
134217728
3000
500
36
1
1
0
1
0
0
1
0
3
1
2
1
10621
0
0
9
268435456
3000
500
1
0
1
0
0
1

3
1
8
4
10640
0
0
9
268435456
3000
50
1
0
1
0
0
1

3
1
1
1
10663
0
2
10
134217728
3000
500
100
1
0
1
0
0
1

3
1
8
4
10677
0
2
10
268435456
3000
500
1
1
0
1
0
0
1

3
1
1
1
10690
0
0
9
134217728
3000
500
1
0
1
0
0
1

3
1
1
1
10705
0
0
9
134217728
4000
250
1
0
1
0
0
1

3
1
1
1
10725
0
0
9
134217728
2000
100
1
0
1
0
0
1

3
1
8
8
10746
0
2
10
67108864
3000
500
10
1
0
1
0
0
1

3
1
8
2
10768
0
2
10
268435456
1000
50
5
1
0
1
0
0
1

3
1
8
4
10772
0
1
12
67108864
4000
50
4
1
1
0
1
0
0
1
0
3
1
2
2
10799
0
0
9
67108864
2000
100
1
0
1
0
0
1

3
1
8
1
10827
0
0
9
134217728
4000
100
1
0
1
0
0
1

3
1
4
4
10849
0
2
10
268435456
3000
500
10
1
0
1
0
0
1

3
1
8
8
10854
0
0
9
67108864
2000
50
1
0
1
0
0
1

3
1
1
1
10867
0
2
10
268435456
3000
500
5
1
0
1
0
0
1

3
1
1
1
10883
0
2
10
67108864
3000
100
100
1
0
1
0
0
1

3
1
4
2
10887
0
2
10
134217728
4000
50
1
1
0
1
0
0
1

3
1
8
8
10906
0
1
11
67108864
3000
250
57
0
1
0
1
0
0
1
3
1
2
2
10917
0
0
9
67108864
2000
250
1
0
1
0
0
1

3
1
1
1
10919
0
0
9
268435456
1000
500
1
0
1
0
0
1

3
1
4
1
10945
0
1
11
67108864
4000
500
76
0
1
0
1
0
0
1
3
1
1
1
10961
0
2
10
67108864
2000
500
100
1
0
1
0
0
1

3
1
4
2
10964
0
1
11
134217728
4000
50
62
0
1
0
1
0
0
1
3
1
1
1
10973
0
0
9
67108864
1000
500
1
0
1
0
0
1

3
1
4
4
10992
0
0
9
268435456
1000
100
1
0
1
0
0
1

3
1
8
1
10996
0
2
10
268435456
3000
250
5
1
0
1
0
0
1

3
1
4
2
11006
0
1
12
67108864
4000
100
73
1
1
0
1
0
0
1
0
3
1
1
1
11024
0
0
9
268435456
3000
100
1
0
1
0
0
1

3
1
4
1
11033
0
0
9
268435456
1000
250
1
0
1
0
0
1

3
1
1
1
11053
0
1
12
134217728
1000
1000
96
1
1
0
1
0
0
1
0
3
1
1
1
11083
0
1
12
134217728
2000
1000
51
1
1
0
1
0
0
1
0
3
1
1
1
11089
0
1
11
67108864
3000
100
33
0
1
0
1
0
0
1
3
1
2
2
11112
0
0
9
67108864
1000
50
1
0
1
0
0
1

3
1
8
4
11134
0
2
10
268435456
2000
100
100
1
0
1
0
0
1

3
1
2
1
11143
0
0
9
67108864
3000
100
1
0
1
0
0
1

3
1
1
1
11161
0
2
10
67108864
2000
250
1
1
0
1
0
0
1

3
1
2
1
11163
0
1
11
268435456
2000
100
35
0
1
0
1
0
0
1
3
1
1
1
11175
0
0
9
268435456
2000
50
1
0
1
0
0
1

3
1
1
1
11181
0
1
11
67108864
3000
250
81
0
1
0
1
0
0
1
3
1
8
1
11189
0
0
9
268435456
3000
500
1
0
1
0
0
1

3
1
2
1
11195
0
2
10
268435456
1000
250
10
1
0
1
0
0
1

3
1
4
1
11224
0
0
9
134217728
1000
250
1
0
1
0
0
1

3
1
1
1
11243
0
0
9
67108864
4000
1000
1
0
1
0
0
1

3
1
8
2
11246
0
2
10
67108864
2000
250
100
1
0
1
0
0
1

3
1
1
1
11270
0
0
9
268435456
2000
50
1
0
1
0
0
1

3
1
8
2
11286
0
0
9
67108864
2000
1000
1
0
1
0
0
1

3
1
1
1
11295
0
2
10
268435456
1000
100
100
1
0
1
0
0
1

3
1
1
1
11322
0
1
11
134217728
4000
1000
5
0
1
0
1
0
0
1
3
1
1
1
11330
0
0
9
134217728
2000
1000
1
0
1
0
0
1

3
1
4
2
11334
0
1
11
134217728
2000
250
51
0
1
0
1
0
0
1
3
1
2
1
11349
0
2
10
67108864
4000
250
1
1
0
1
0
0
1

3
1
4
2
11357
0
1
11
268435456
2000
250
32
0
1
0
1
0
0
1
3
1
8
4
11376
0
2
10
268435456
3000
250
5
1
0
1
0
0
1

3
1
8
4
11383
0
2
10
134217728
1000
1000
5
1
0
1
0
0
1

3
1
1
1
11407
0
1
12
268435456
3000
50
37
1
1
0
1
0
0
1
0
3
1
2
2
11423
0
0
9
268435456
3000
50
1
0
1
0
0
1

3
1
8
4
11424
0
2
10
67108864
4000
1000
10
1
0
1
0
0
1

3
1
2
1
11437
0
2
10
67108864
2000
500
1
1
0
1
0
0
1

3
1
8
2
11441
0
2
10
67108864
1000
500
1000
1
0
1
0
0
1

3
1
8
1
11461
0
0
9
134217728
3000
250
1
0
1
0
0
1

3
1
2
1
11490
0
1
12
268435456
3000
100
64
1
1
0
1
0
0
1
0
3
1
1
1
11506
0
1
12
268435456
3000
500
99
1
1
0
1
0
0
1
0
3
1
2
1
11518
0
2
10
67108864
1000
1000
10
1
0
1
0
0
1

3
1
1
1
11535
0
2
10
268435456
3000
100
100
1
0
1
0
0
1

3
1
8
1
11542
0
2
10
134217728
2000
250
100
1
0
1
0
0
1

3
1
4
2
11544
0
1
12
268435456
2000
100
60
1
1
0
1
0
0
1
0
3
1
8
8
11565
0
0
9
67108864
3000
50
1
0
1
0
0
1

3
1
8
8
11567
0
0
9
268435456
2000
250
1
0
1
0
0
1

3
1
2
2
11573
0
2
10
268435456
3000
500
5
1
0
1
0
0
1

3
1
8
1
11598
0
1
11
134217728
3000
500
81
0
1
0
1
0
0
1
3
1
4
1
11599
0
2
10
67108864
4000
250
1
1
0
1
0
0
1

3
1
2
1
11611
0
0
9
67108864
1000
50
1
0
1
0
0
1

3
1
8
8
11625
0
1
12
67108864
1000
250
50
1
1
0
1
0
0
1
0
3
1
2
1
11632
0
0
9
268435456
3000
500
1
0
1
0
0
1

3
1
4
2
11647
0
2
10
134217728
3000
1000
100
1
0
1
0
0
1

3
1
1
1
11657
0
1
11
268435456
2000
500
41
0
1
0
1
0
0
1
3
1
4
2
11674
0
2
10
67108864
3000
100
100
1
0
1
0
0
1

3
1
4
4
11681
0
1
11
134217728
2000
250
99
0
1
0
1
0
0
1
3
1
1
1
11690
0
0
9
67108864
4000
250
1
0
1
0
0
1

3
1
1
1
11696
0
0
9
67108864
3000
50
1
0
1
0
0
1

3
1
8
8
11697
0
2
10
268435456
2000
250
100
1
0
1
0
0
1

3
1
1
1
11717
0
0
9
67108864
3000
250
1
0
1
0
0
1

3
1
2
1
11725
0
0
9
134217728
3000
1000
1
0
1
0
0
1

3
1
1
1
11744
0
0
9
134217728
3000
50
1
0
1
0
0
1

3
1
4
1
11748
0
0
9
268435456
3000
50
1
0
1
0
0
1

3
1
8
1
11755
0
0
9
268435456
2000
500
1
0
1
0
0
1

3
1
2
1
11761
0
0
9
67108864
1000
50
1
0
1
0
0
1

3
1
2
2
11773
0
2
10
134217728
4000
1000
100
1
0
1
0
0
1

3
1
1
1
11791
0
2
10
268435456
3000
250
1
1
0
1
0
0
1

3
1
4
4
11806
0
0
9
268435456
1000
50
1
0
1
0
0
1

3
1
4
2
11823
0
1
11
268435456
3000
500
23
0
1
0
1
0
0
1
3
1
1
1
11828
0
1
11
268435456
3000
500
68
0
1
0
1
0
0
1
3
1
1
1
11830
0
0
9
134217728
4000
500
1
0
1
0
0
1

3
1
8
1
11833
0
2
10
268435456
2000
500
1
1
0
1
0
0
1

3
1
4
2
11856
0
1
12
268435456
3000
250
75
1
1
0
1
0
0
1
0
3
1
4
1
11877
0
1
11
134217728
3000
1000
67
0
1
0
1
0
0
1
3
1
2
1
11879
0
1
11
268435456
3000
500
36
0
1
0
1
0
0
1
3
1
2
1
11899
0
0
9
67108864
2000
100
1
0
1
0
0
1

3
1
2
1
11912
0
0
9
67108864
1000
50
1
0
1
0
0
1

3
1
2
1
11914
0
0
9
134217728
1000
1000
1
0
1
0
0
1

3
1
2
1
11937
0
2
10
268435456
3000
100
1
1
0
1
0
0
1

3
1
2
1
11967
0
0
9
134217728
1000
1000
1
0
1
0
0
1

3
1
2
1
11976
0
0
9
67108864
3000
1000
1
0
1
0
0
1

3
1
2
1
11983
0
1
11
134217728
2000
50
17
0
1
0
1
0
0
1
3
1
2
2
12010
0
0
9
134217728
4000
500
1
0
1
0
0
1

3
1
1
1
12039
0
2
10
134217728
3000
50
1000
1
0
1
0
0
1

3
1
4
1
12069
0
2
10
268435456
3000
250
1
1
0
1
0
0
1

3
1
2
1
12081
0
0
9
67108864
2000
100
1
0
1
0
0
1

3
1
1
1
12094
0
1
12
134217728
4000
50
92
1
1
0
1
0
0
1
0
3
1
8
2
12108
0
0
9
268435456
1000
250
1
0
1
0
0
1

3
1
2
1
12119
0
1
12
268435456
2000
250
42
1
1
0
1
0
0
1
0
3
1
4
1
12126
0
0
9
268435456
3000
50
1
0
1
0
0
1

3
1
8
2
12127
0
1
11
134217728
1000
1000
60
0
1
0
1
0
0
1
3
1
2
2
12141
0
1
12
67108864
3000
100
97
1
1
0
1
0
0
1
0
3
1
4
2
12142
0
2
10
134217728
2000
1000
1000
1
0
1
0
0
1

3
1
8
1
12154
0
2
10
67108864
2000
500
1000
1
0
1
0
0
1

3
1
8
1
12179
0
0
9
134217728
4000
1000
1
0
1
0
0
1

3
1
4
1
12198
0
0
9
67108864
1000
250
1
0
1
0
0
1

3
1
4
2
12216
0
1
12
268435456
3000
50
79
1
1
0
1
0
0
1
0
3
1
8
2
12232
0
1
11
134217728
3000
100
50
0
1
0
1
0
0
1
3
1
8
8
12256
0
0
9
268435456
3000
250
1
0
1
0
0
1

3
1
2
1
12268
0
1
12
134217728
4000
250
75
1
1
0
1
0
0
1
0
3
1
4
1
12288
0
2
10
67108864
2000
1000
1
1
0
1
0
0
1

3
1
2
1
12303
0
0
9
268435456
3000
50
1
0
1
0
0
1

3
1
2
2
12308
0
0
9
268435456
2000
250
1
0
1
0
0
1

3
1
4
2
12317
0
0
9
134217728
4000
250
1
0
1
0
0
1

3
1
2
1
12326
0
0
9
67108864
1000
50
1
0
1
0
0
1

3
1
8
2
12333
0
1
11
67108864
3000
50
61
0
1
0
1
0
0
1
3
1
8
4
12357
0
2
10
134217728
4000
500
5
1
0
1
0
0
1

3
1
2
1
12384
0
1
11
134217728
1000
250
92
0
1
0
1
0
0
1
3
1
2
1
12388
0
1
12
67108864
3000
500
41
1
1
0
1
0
0
1
0
3
1
1
1
12395
0
0
9
67108864
4000
1000
1
0
1
0
0
1

3
1
8
8
12411
0
0
9
134217728
3000
100
1
0
1
0
0
1

3
1
8
1
12418
0
0
9
134217728
3000
500
1
0
1
0
0
1

3
1
8
1
12446
0
2
10
268435456
3000
50
1
1
0
1
0
0
1

3
1
2
2
12472
0
0
9
134217728
4000
100
1
0
1
0
0
1

3
1
8
4
12494
0
2
10
67108864
1000
250
100
1
0
1
0
0
1

3
1
1
1
12507
0
1
12
67108864
2000
250
2
1
1
0
1
0
0
1
0
3
1
1
1
12516
0
2
10
268435456
1000
250
100
1
0
1
0
0
1

3
1
1
1
12539
0
0
9
268435456
2000
500
1
0
1
0
0
1

3
1
2
2
12547
0
1
12
134217728
2000
500
88
1
1
0
1
0
0
1
0
3
1
2
1
12560
0
1
12
268435456
3000
100
19
1
1
0
1
0
0
1
0
3
1
2
1
12583
0
2
10
134217728
2000
50
5
1
0
1
0
0
1

3
1
2
1
12600
0
2
10
268435456
3000
50
10
1
0
1
0
0
1

3
1
4
4
12630
0
2
10
67108864
3000
500
10
1
0
1
0
0
1

3
1
2
1
12651
0
0
9
134217728
2000
50
1
0
1
0
0
1

3
1
2
1
12653
0
1
11
268435456
3000
50
82
0
1
0
1
0
0
1
3
1
2
1
12672
0
0
9
134217728
1000
250
1
0
1
0
0
1

3
1
8
4
12694
0
0
9
134217728
3000
50
1
0
1
0
0
1

3
1
1
1
12704
0
1
11
134217728
2000
50
1
0
1
0
1
0
0
1
3
1
1
1
12713
0
0
9
67108864
1000
500
1
0
1
0
0
1

3
1
4
1
12735
0
2
10
134217728
1000
50
5
1
0
1
0
0
1

3
1
8
2
12739
0
2
10
67108864
4000
50
1
1
0
1
0
0
1

3
1
4
2
12746
0
2
10
67108864
4000
100
1000
1
0
1
0
0
1

3
1
4
4
12762
0
0
9
268435456
3000
500
1
0
1
0
0
1

3
1
4
4
12783
0
2
10
134217728
3000
500
10
1
0
1
0
0
1

3
1
1
1
12791
0
1
12
67108864
4000
50
85
1
1
0
1
0
0
1
0
3
1
1
1
12792
0
2
10
67108864
3000
50
100
1
0
1
0
0
1

3
1
1
1
12798
0
2
10
67108864
3000
50
1000
1
0
1
0
0
1

3
1
1
1
12810
0
1
12
67108864
1000
100
77
1
1
0
1
0
0
1
0
3
1
4
4
12817
0
2
10
67108864
1000
500
5
1
0
1
0
0
1

3
1
8
2
12835
0
2
10
268435456
2000
500
10
1
0
1
0
0
1

3
1
8
8
12847
0
2
10
134217728
2000
500
10
1
0
1
0
0
1

3
1
2
1
12850
0
1
12
134217728
3000
50
73
1
1
0
1
0
0
1
0
3
1
8
2
12876
0
2
10
67108864
1000
500
1000
1
0
1
0
0
1

3
1
8
2
12878
0
1
12
67108864
3000
500
68
1
1
0
1
0
0
1
0
3
1
4
2
12879
0
2
10
134217728
1000
100
100
1
0
1
0
0
1

3
1
1
1
12893
0
2
10
268435456
1000
250
1
1
0
1
0
0
1

3
1
2
1
12917
0
1
12
134217728
1000
50
10
1
1
0
1
0
0
1
0
3
1
1
1
12926
0
2
10
67108864
4000
500
10
1
0
1
0
0
1

3
1
4
1
12954
0
2
10
134217728
4000
250
1
1
0
1
0
0
1

3
1
2
2
12964
0
2
10
268435456
3000
250
1000
1
0
1
0
0
1

3
1
4
2
12989
0
2
10
268435456
3000
500
1
1
0
1
0
0
1

3
1
1
1
13012
0
2
10
134217728
4000
500
1
1
0
1
0
0
1

3
1
2
1
13041
0
1
12
268435456
2000
100
51
1
1
0
1
0
0
1
0
3
1
8
4
13064
0
2
10
67108864
2000
100
10
1
0
1
0
0
1

3
1
1
1
13076
0
2
10
67108864
4000
50
1
1
0
1
0
0
1

3
1
8
8
13096
0
1
12
268435456
2000
50
74
1
1
0
1
0
0
1
0
3
1
2
1
13103
0
1
11
67108864
2000
250
11
0
1
0
1
0
0
1
3
1
8
1
13129
0
1
11
67108864
2000
1000
13
0
1
0
1
0
0
1
3
1
4
4
13158
0
2
10
268435456
3000
100
5
1
0
1
0
0
1

3
1
4
2
13162
0
1
11
67108864
1000
250
81
0
1
0
1
0
0
1
3
1
2
2
13165
0
1
12
134217728
3000
500
51
1
1
0
1
0
0
1
0
3
1
2
1
13194
0
1
11
67108864
3000
500
91
0
1
0
1
0
0
1
3
1
1
1
13217
0
1
11
67108864
1000
500
72
0
1
0
1
0
0
1
3
1
2
1
13244
0
1
11
268435456
2000
50
9
0
1
0
1
0
0
1
3
1
4
2
13257
0
2
10
134217728
4000
50
100
1
0
1
0
0
1

3
1
4
2
13282
0
1
12
134217728
3000
50
50
1
1
0
1
0
0
1
0
3
1
4
4
13297
0
1
11
134217728
2000
500
70
0
1
0
1
0
0
1
3
1
2
1
13327
0
1
11
268435456
3000
500
57
0
1
0
1
0
0
1
3
1
2
1
13328
0
2
10
268435456
3000
50
5
1
0
1
0
0
1

3
1
8
2
13351
0
1
11
67108864
1000
250
47
0
1
0
1
0
0
1
3
1
1
1
13377
0
2
10
134217728
2000
500
100
1
0
1
0
0
1

3
1
1
1
13389
0
2
10
268435456
1000
500
5
1
0
1
0
0
1

3
1
8
1
13417
0
1
11
268435456
3000
250
42
0
1
0
1
0
0
1
3
1
4
1
13443
0
1
12
67108864
1000
1000
33
1
1
0
1
0
0
1
0
3
1
1
1
13448
0
2
10
268435456
2000
100
5
1
0
1
0
0
1

3
1
4
2
13467
0
1
11
67108864
2000
50
48
0
1
0
1
0
0
1
3
1
4
2
13481
0
2
10
268435456
1000
500
1
1
0
1
0
0
1

3
1
8
2
13486
0
2
10
268435456
3000
250
1000
1
0
1
0
0
1

3
1
4
2
13489
0
2
10
67108864
1000
100
1
1
0
1
0
0
1

3
1
4
4
13518
0
2
10
134217728
3000
500
100
1
0
1
0
0
1

3
1
1
1
13527
0
2
10
67108864
2000
1000
1
1
0
1
0
0
1

3
1
4
2
13554
0
2
10
268435456
3000
100
10
1
0
1
0
0
1

3
1
4
4
13577
0
2
10
268435456
3000
50
1000
1
0
1
0
0
1

3
1
8
8
13593
0
2
10
67108864
4000
1000
5
1
0
1
0
0
1

3
1
1
1
13620
0
2
10
268435456
2000
500
5
1
0
1
0
0
1

3
1
2
1
13629
0
2
10
134217728
2000
100
5
1
0
1
0
0
1

3
1
1
1
13636
0
2
10
67108864
4000
100
1
1
0
1
0
0
1

3
1
8
8
13644
0
2
10
268435456
1000
50
100
1
0
1
0
0
1

3
1
8
1
13668
0
2
10
67108864
3000
250
5
1
0
1
0
0
1

3
1
8
4
13692
0
2
10
134217728
2000
250
10
1
0
1
0
0
1

3
1
4
4
13718
0
2
10
67108864
1000
50
5
1
0
1
0
0
1

3
1
8
4
13744
0
2
10
268435456
3000
500
10
1
0
1
0
0
1

3
1
8
4
13770
0
2
10
67108864
3000
1000
10
1
0
1
0
0
1

3
1
8
1
13793
0
2
10
67108864
1000
500
10
1
0
1
0
0
1

3
1
8
4
13798
0
2
10
268435456
3000
250
1
1
0
1
0
0
1

3
1
4
1
13814
0
2
10
134217728
1000
50
1
1
0
1
0
0
1

3
1
1
1
13818
0
2
10
134217728
3000
250
10
1
0
1
0
0
1

3
1
1
1
13842
0
2
10
134217728
2000
50
5
1
0
1
0
0
1

3
1
2
2
13844
0
2
10
268435456
2000
250
10
1
0
1
0
0
1

3
1
1
1
13845
0
2
10
67108864
1000
500
10
1
0
1
0
0
1

3
1
8
1
13852
0
2
10
67108864
2000
100
1000
1
0
1
0
0
1

3
1
4
1
13878
0
2
10
134217728
1000
500
1000
1
0
1
0
0
1

3
1
1
1
13883
0
2
10
134217728
1000
100
100
1
0
1
0
0
1

3
1
4
4
13905
0
2
10
67108864
2000
500
1000
1
0
1
0
0
1

3
1
2
1
13911
0
2
10
268435456
2000
500
1
1
0
1
0
0
1

3
1
1
1
13928
0
2
10
268435456
2000
50
10
1
0
1
0
0
1

3
1
2
2
13946
0
2
10
134217728
2000
100
1000
1
0
1
0
0
1

3
1
1
1
13948
0
2
10
67108864
2000
100
5
1
0
1
0
0
1

3
1
2
1
13956
0
2
10
268435456
3000
500
1000
1
0
1
0
0
1

3
1
1
1
13965
0
2
10
268435456
1000
50
1000
1
0
1
0
0
1

3
1
1
1
13992
0
2
10
268435456
3000
500
10
1
0
1
0
0
1

3
1
8
8
14000
0
2
10
134217728
2000
100
1
1
0
1
0
0
1

3
1
4
2
14016
0
2
10
268435456
1000
500
10
1
0
1
0
0
1

3
1
1
1
14033
0
2
10
268435456
3000
500
1
1
0
1
0
0
1

3
1
4
2
14038
0
2
10
67108864
4000
500
1000
1
0
1
0
0
1

3
1
1
1
14049
0
2
10
134217728
1000
50
10
1
0
1
0
0
1

3
1
4
1
14058
0
2
10
134217728
3000
50
1
1
0
1
0
0
1

3
1
1
1
14064
0
2
10
134217728
4000
500
1000
1
0
1
0
0
1

3
1
8
2
14087
0
2
10
268435456
2000
100
1000
1
0
1
0
0
1

3
1
2
1
14099
0
2
10
268435456
2000
100
10
1
0
1
0
0
1

3
1
4
2
14113
0
2
10
67108864
4000
50
100
1
0
1
0
0
1

3
1
4
4
14122
0
2
10
134217728
3000
250
1000
1
0
1
0
0
1

3
1
4
2
14124
0
2
10
67108864
1000
50
1000
1
0
1
0
0
1

3
1
1
1
14141
0
2
10
268435456
3000
500
1000
1
0
1
0
0
1

3
1
2
1
14160
0
2
10
134217728
4000
1000
10
1
0
1
0
0
1

3
1
8
1
14184
0
2
10
268435456
1000
250
100
1
0
1
0
0
1

3
1
4
4
14213
0
2
10
134217728
3000
500
10
1
0
1
0
0
1

3
1
2
1
14221
0
2
10
67108864
2000
50
5
1
0
1
0
0
1

3
1
8
1
14250
0
2
10
67108864
4000
250
1000
1
0
1
0
0
1

3
1
4
1
14266
0
2
10
134217728
2000
100
1
1
0
1
0
0
1

3
1
4
2
14285
0
2
10
134217728
4000
250
1000
1
0
1
0
0
1

3
1
1
1
14304
0
2
10
134217728
1000
250
5
1
0
1
0
0
1

3
1
2
1
14311
0
2
10
67108864
2000
50
100
1
0
1
0
0
1

3
1
4
2
14320
0
2
10
268435456
3000
50
100
1
0
1
0
0
1

3
1
2
1
14325
0
2
10
134217728
1000
50
100
1
0
1
0
0
1

3
1
4
1
14348
0
2
10
67108864
4000
250
5
1
0
1
0
0
1

3
1
1
1
14350
0
2
10
268435456
3000
100
1000
1
0
1
0
0
1

3
1
8
2
14366
0
2
10
268435456
2000
500
5
1
0
1
0
0
1

3
1
1
1
14381
0
2
10
268435456
3000
500
5
1
0
1
0
0
1

3
1
1
1
14391
0
2
10
134217728
4000
100
10
1
0
1
0
0
1

3
1
4
1
14415
0
2
10
268435456
3000
250
1000
1
0
1
0
0
1

3
1
4
2
14433
0
2
10
134217728
1000
1000
10
1
0
1
0
0
1

3
1
2
2
14436
0
2
10
134217728
1000
50
10
1
0
1
0
0
1

3
1
1
1
14449
0
2
10
268435456
1000
500
1
1
0
1
0
0
1

3
1
8
8
14469
0
2
10
67108864
2000
100
10
1
0
1
0
0
1

3
1
8
2
14476
0
2
10
67108864
2000
1000
10
1
0
1
0
0
1

3
1
2
1
14481
0
2
10
268435456
3000
500
10
1
0
1
0
0
1

3
1
1
1
14492
0
2
10
268435456
3000
500
10
1
0
1
0
0
1

3
1
4
2
14498
0
2
10
134217728
4000
50
100
1
0
1
0
0
1

3
1
1
1
14521
0
2
10
134217728
1000
250
10
1
0
1
0
0
1

3
1
8
2
14538
0
2
10
67108864
4000
50
1000
1
0
1
0
0
1

3
1
8
4
14547
0
2
10
268435456
3000
50
1
1
0
1
0
0
1

3
1
8
2
14560
0
2
10
67108864
3000
250
100
1
0
1
0
0
1

3
1
1
1
14561
0
2
10
67108864
4000
100
10
1
0
1
0
0
1

3
1
8
2
14575
0
2
10
134217728
3000
500
1000
1
0
1
0
0
1

3
1
2
1
14587
0
2
10
134217728
2000
100
1
1
0
1
0
0
1

3
1
1
1
14588
0
2
10
67108864
2000
100
1000
1
0
1
0
0
1

3
1
2
2
14618
0
2
10
268435456
3000
50
1
1
0
1
0
0
1

3
1
4
2
14648
0
2
10
134217728
3000
500
100
1
0
1
0
0
1

3
1
4
2
14656
0
2
10
268435456
1000
50
1
1
0
1
0
0
1

3
1
1
1
14676
0
2
10
134217728
1000
500
5
1
0
1
0
0
1

3
1
8
2
14680
0
2
10
268435456
2000
500
1000
1
0
1
0
0
1

3
1
4
2
14682
0
2
10
268435456
2000
500
10
1
0
1
0
0
1

3
1
1
1
14688
0
2
10
134217728
4000
50
100
1
0
1
0
0
1

3
1
2
1
14710
0
2
10
268435456
3000
100
10
1
0
1
0
0
1

3
1
4
2
14712
0
2
10
268435456
3000
100
10
1
0
1
0
0
1

3
1
2
1
14735
0
2
10
268435456
1000
500
1000
1
0
1
0
0
1

3
1
8
1
14736
0
2
10
134217728
1000
500
1000
1
0
1
0
0
1

3
1
1
1
14765
0
2
10
67108864
2000
250
100
1
0
1
0
0
1

3
1
2
1
14793
0
2
10
268435456
2000
50
1000
1
0
1
0
0
1

3
1
2
2
14798
0
2
10
134217728
2000
100
100
1
0
1
0
0
1

3
1
4
2
14817
0
2
10
134217728
4000
100
1000
1
0
1
0
0
1

3
1
8
8
14839
0
2
10
67108864
1000
250
1
1
0
1
0
0
1

3
1
4
4
14842
0
2
10
134217728
3000
50
100
1
0
1
0
0
1

3
1
1
1
14854
0
2
10
134217728
2000
1000
10
1
0
1
0
0
1

3
1
2
1
14879
0
2
10
67108864
1000
250
10
1
0
1
0
0
1

3
1
4
2
14903
0
2
10
134217728
4000
50
1
1
0
1
0
0
1

3
1
4
1
14930
0
2
10
134217728
2000
1000
10
1
0
1
0
0
1

3
1
1
1
14955
0
2
10
134217728
2000
250
100
1
0
1
0
0
1

3
1
8
8
14969
0
2
10
67108864
4000
1000
1000
1
0
1
0
0
1

3
1
8
2
14970
0
2
10
67108864
1000
250
1000
1
0
1
0
0
1

3
1
8
1
14991
0
2
10
268435456
2000
500
10
1
0
1
0
0
1

3
1
8
8
15012
0
2
10
134217728
1000
50
100
1
0
1
0
0
1

3
1
1
1
15035
0
2
10
134217728
1000
500
100
1
0
1
0
0
1

3
1
2
1
15064
0
2
10
268435456
2000
500
100
1
0
1
0
0
1

3
1
1
1
15067
0
2
10
67108864
3000
100
1000
1
0
1
0
0
1

3
1
8
8
15071
0
2
10
67108864
3000
500
1000
1
0
1
0
0
1

3
1
4
4
15097
0
2
10
67108864
2000
50
100
1
0
1
0
0
1

3
1
8
2
15109
0
2
10
268435456
2000
250
5
1
0
1
0
0
1

3
1
2
2
15123
0
2
10
134217728
4000
50
1
1
0
1
0
0
1

3
1
4
1
15146
0
2
10
134217728
2000
250
1000
1
0
1
0
0
1

3
1
2
1
15165
0
2
10
67108864
3000
100
1
1
0
1
0
0
1

3
1
1
1
15194
0
2
10
268435456
3000
50
1000
1
0
1
0
0
1

3
1
1
1
15218
0
2
10
268435456
3000
500
10
1
0
1
0
0
1

3
1
1
1
15243
0
2
10
268435456
3000
100
100
1
0
1
0
0
1

3
1
2
1
15273
0
2
10
67108864
2000
500
1
1
0
1
0
0
1

3
1
1
1
15301
0
2
10
134217728
4000
250
5
1
0
1
0
0
1

3
1
2
1
15302
0
2
10
268435456
3000
500
100
1
0
1
0
0
1

3
1
2
1
15313
0
2
10
268435456
2000
50
5
1
0
1
0
0
1

3
1
8
8
15329
0
2
10
268435456
1000
50
10
1
0
1
0
0
1

3
1
1
1
15334
0
2
10
67108864
2000
50
1
1
0
1
0
0
1

3
1
2
1
15337
0
2
10
268435456
1000
250
5
1
0
1
0
0
1

3
1
2
2
15361
0
2
10
134217728
2000
250
100
1
0
1
0
0
1

3
1
8
4
15389
0
2
10
67108864
2000
50
1
1
0
1
0
0
1

3
1
2
1
15394
0
2
10
134217728
4000
250
100
1
0
1
0
0
1

3
1
8
2
15400
0
2
10
67108864
2000
250
1000
1
0
1
0
0
1

3
1
2
1
15422
0
2
10
134217728
2000
500
100
1
0
1
0
0
1

3
1
1
1
15423
0
2
10
134217728
4000
1000
5
1
0
1
0
0
1

3
1
1
1
15428
0
2
10
134217728
3000
50
5
1
0
1
0
0
1

3
1
8
1
15433
0
2
10
134217728
3000
1000
5
1
0
1
0
0
1

3
1
8
1
15449
0
2
10
134217728
2000
100
100
1
0
1
0
0
1

3
1
2
1
15472
0
2
10
268435456
3000
500
10
1
0
1
0
0
1

3
1
4
2
15492
0
2
10
134217728
1000
250
100
1
0
1
0
0
1

3
1
2
2
15504
0
2
10
67108864
1000
1000
10
1
0
1
0
0
1

3
1
8
8
15529
0
2
10
134217728
3000
500
5
1
0
1
0
0
1

3
1
1
1
15540
0
2
10
67108864
3000
250
5
1
0
1
0
0
1

3
1
4
4
15555
0
2
10
268435456
1000
500
5
1
0
1
0
0
1

3
1
4
1
15570
0
2
10
134217728
3000
1000
1000
1
0
1
0
0
1

3
1
1
1
15585
0
2
10
268435456
3000
250
1
1
0
1
0
0
1

3
1
8
2
15599
0
2
10
67108864
2000
250
10
1
0
1
0
0
1

3
1
8
1
15616
0
2
10
268435456
2000
100
1
1
0
1
0
0
1

3
1
4
1
15629
0
2
10
268435456
3000
50
100
1
0
1
0
0
1

3
1
2
2
15643
0
2
10
268435456
2000
100
100
1
0
1
0
0
1

3
1
2
1
15667
0
2
10
134217728
3000
250
1
1
0
1
0
0
1

3
1
1
1
15687
0
2
10
134217728
3000
250
1
1
0
1
0
0
1

3
1
8
8
15715
0
2
10
268435456
2000
500
100
1
0
1
0
0
1

3
1
2
1
15721
0
2
10
67108864
1000
1000
1
1
0
1
0
0
1

3
1
8
4
15731
0
2
10
134217728
1000
1000
5
1
0
1
0
0
1

3
1
4
2
15748
0
2
10
67108864
4000
500
1
1
0
1
0
0
1

3
1
4
1
15763
0
2
10
134217728
4000
1000
5
1
0
1
0
0
1

3
1
4
2
15768
0
2
10
268435456
3000
50
1
1
0
1
0
0
1

3
1
4
1
15785
0
2
10
134217728
4000
500
100
1
0
1
0
0
1

3
1
4
2
15795
0
2
10
134217728
1000
100
5
1
0
1
0
0
1

3
1
2
1
15823
0
2
10
268435456
1000
500
100
1
0
1
0
0
1

3
1
2
2
15842
0
2
10
268435456
2000
500
10
1
0
1
0
0
1

3
1
8
2
15858
0
2
10
67108864
1000
500
10
1
0
1
0
0
1

3
1
4
4
15874
0
2
10
67108864
2000
250
1000
1
0
1
0
0
1

3
1
1
1
15881
0
2
10
134217728
3000
100
5
1
0
1
0
0
1

3
1
8
8
15883
0
2
10
134217728
4000
250
5
1
0
1
0
0
1

3
1
4
1
15911
0
2
10
134217728
4000
250
10
1
0
1
0
0
1

3
1
4
4
15923
0
2
10
134217728
3000
250
1
1
0
1
0
0
1

3
1
1
1
15941
0
2
10
67108864
3000
500
1
1
0
1
0
0
1

3
1
4
2
15948
0
2
10
67108864
2000
100
1
1
0
1
0
0
1

3
1
2
2
15968
0
2
10
134217728
3000
250
5
1
0
1
0
0
1

3
1
2
1
15972
0
2
10
134217728
4000
50
1000
1
0
1
0
0
1

3
1
4
2
15973
0
2
10
134217728
3000
1000
1
1
0
1
0
0
1

3
1
4
4
15998
0
2
10
67108864
4000
250
10
1
0
1
0
0
1

3
1
4
4
16020
0
2
10
67108864
2000
250
10
1
0
1
0
0
1

3
1
4
4
16025
0
2
10
134217728
2000
1000
1
1
0
1
0
0
1

3
1
4
4
16049
0
2
10
268435456
2000
250
100
1
0
1
0
0
1

3
1
1
1
16061
0
2
10
268435456
3000
50
1
1
0
1
0
0
1

3
1
1
1
16072
0
2
10
134217728
4000
1000
100
1
0
1
0
0
1

3
1
1
1
16086
0
2
10
67108864
2000
100
100
1
0
1
0
0
1

3
1
8
2
16096
0
2
10
134217728
4000
1000
10
1
0
1
0
0
1

3
1
8
1
16114
0
2
10
67108864
4000
250
10
1
0
1
0
0
1

3
1
1
1
16132
0
2
10
134217728
3000
500
1000
1
0
1
0
0
1

3
1
8
2
16155
0
2
10
67108864
1000
100
1
1
0
1
0
0
1

3
1
1
1
16183
0
2
10
67108864
2000
100
5
1
0
1
0
0
1

3
1
8
1
16184
0
2
10
67108864
2000
100
1
1
0
1
0
0
1

3
1
2
1
16213
0
2
10
268435456
1000
250
100
1
0
1
0
0
1

3
1
2
1
16227
0
2
10
134217728
2000
100
5
1
0
1
0
0
1

3
1
2
1
16240
0
2
10
67108864
2000
250
100
1
0
1
0
0
1

3
1
8
1
16258
0
2
10
67108864
3000
50
1000
1
0
1
0
0
1

3
1
8
1
16259
0
2
10
268435456
2000
500
10
1
0
1
0
0
1

3
1
1
1
16283
0
2
10
268435456
1000
50
100
1
0
1
0
0
1

3
1
4
2
16308
0
2
10
268435456
1000
500
1000
1
0
1
0
0
1

3
1
4
2
16326
0
2
10
67108864
3000
50
1
1
0
1
0
0
1

3
1
2
1
16335
0
2
10
67108864
1000
500
100
1
0
1
0
0
1

3
1
1
1
16345
0
2
10
134217728
4000
50
1000
1
0
1
0
0
1

3
1
1
1
16368
0
2
10
67108864
2000
100
1000
1
0
1
0
0
1

3
1
4
2
16378
0
2
10
67108864
1000
250
10
1
0
1
0
0
1

3
1
8
4
16397
0
2
10
268435456
2000
500
5
1
0
1
0
0
1

3
1
2
1
16426
0
2
10
268435456
3000
250
10
1
0
1
0
0
1

3
1
2
1
16448
0
2
10
67108864
3000
500
100
1
0
1
0
0
1

3
1
4
4
16478
0
2
10
67108864
1000
250
1
1
0
1
0
0
1

3
1
8
2
16493
0
2
10
268435456
1000
500
1
1
0
1
0
0
1

3
1
2
1
16500
0
2
10
134217728
4000
500
5
1
0
1
0
0
1

3
1
4
4
16505
0
2
10
134217728
1000
500
100
1
0
1
0
0
1

3
1
8
8
16532
0
2
10
268435456
1000
500
1000
1
0
1
0
0
1

3
1
4
4
16556
0
2
10
134217728
3000
100
1000
1
0
1
0
0
1

3
1
8
2
16575
0
2
10
67108864
2000
50
1000
1
0
1
0
0
1

3
1
8
2
16580
0
2
10
67108864
4000
1000
100
1
0
1
0
0
1

3
1
8
4
16587
0
2
10
268435456
3000
500
10
1
0
1
0
0
1

3
1
4
4
16604
0
2
10
134217728
4000
100
1
1
0
1
0
0
1

3
1
2
1
16633
0
2
10
134217728
4000
250
5
1
0
1
0
0
1

3
1
2
1
16651
0
2
10
134217728
3000
100
5
1
0
1
0
0
1

3
1
1
1
16678
0
2
10
67108864
3000
500
100
1
0
1
0
0
1

3
1
1
1
16692
0
2
10
134217728
3000
1000
1000
1
0
1
0
0
1

3
1
2
1
16706
0
2
10
67108864
3000
250
1000
1
0
1
0
0
1

3
1
1
1
16710
0
2
10
67108864
1000
250
1
1
0
1
0
0
1

3
1
4
4
16718
0
2
10
134217728
4000
50
5
1
0
1
0
0
1

3
1
2
2
16739
0
2
10
268435456
1000
500
5
1
0
1
0
0
1

3
1
4
4
16758
0
2
10
134217728
4000
250
1000
1
0
1
0
0
1

3
1
4
2
16760
0
2
10
134217728
4000
250
1
1
0
1
0
0
1

3
1
2
2
16781
0
2
10
134217728
1000
500
10
1
0
1
0
0
1

3
1
2
1
16800
0
2
10
268435456
2000
250
5
1
0
1
0
0
1

3
1
1
1
16828
0
2
10
268435456
3000
50
5
1
0
1
0
0
1

3
1
2
2
16838
0
2
10
268435456
2000
500
10
1
0
1
0
0
1

3
1
1
1
16841
0
2
10
268435456
3000
100
100
1
0
1
0
0
1

3
1
2
2
16844
0
2
10
134217728
1000
100
10
1
0
1
0
0
1

3
1
8
4
16870
0
2
10
268435456
3000
50
1000
1
0
1
0
0
1

3
1
1
1
16876
0
2
10
134217728
1000
100
10
1
0
1
0
0
1

3
1
8
4
16902
0
2
10
67108864
2000
100
10
1
0
1
0
0
1

3
1
1
1
16909
0
2
10
268435456
2000
100
1000
1
0
1
0
0
1

3
1
8
1
16934
0
2
10
67108864
2000
500
100
1
0
1
0
0
1

3
1
2
1
16935
0
2
10
268435456
3000
500
1
1
0
1
0
0
1

3
1
1
1
16964
0
2
10
268435456
3000
100
10
1
0
1
0
0
1

3
1
2
1
16990
0
2
10
268435456
2000
100
1
1
0
1
0
0
1

3
1
4
2
17019
0
2
10
67108864
2000
100
1
1
0
1
0
0
1

3
1
4
2
17034
0
2
10
268435456
3000
100
1
1
0
1
0
0
1

3
1
1
1
17035
0
2
10
268435456
3000
500
1
1
0
1
0
0
1

3
1
1
1
17038
0
2
10
134217728
1000
250
100
1
0
1
0
0
1

3
1
8
2
17040
0
2
10
268435456
1000
500
10
1
0
1
0
0
1

3
1
2
1
17044
0
2
10
268435456
1000
50
1
1
0
1
0
0
1

3
1
1
1
17059
0
2
10
268435456
3000
50
1
1
0
1
0
0
1

3
1
4
4
17089
0
2
10
134217728
2000
100
1
1
0
1
0
0
1

3
1
2
2
17099
0
2
10
67108864
2000
250
5
1
0
1
0
0
1

3
1
4
2
17121
0
2
10
268435456
2000
500
5
1
0
1
0
0
1

3
1
1
1
17125
0
2
10
134217728
1000
100
1
1
0
1
0
0
1

3
1
1
1
17138
0
2
10
67108864
4000
500
1
1
0
1
0
0
1

3
1
2
1
17158
0
2
10
134217728
4000
50
10
1
0
1
0
0
1

3
1
8
1
17168
0
2
10
268435456
3000
500
5
1
0
1
0
0
1

3
1
2
1
17180
0
2
10
134217728
3000
1000
5
1
0
1
0
0
1

3
1
4
1
17194
0
2
10
268435456
3000
250
5
1
0
1
0
0
1

3
1
2
2
17217
0
2
10
134217728
3000
250
100
1
0
1
0
0
1

3
1
1
1
17230
0
2
10
67108864
4000
1000
1
1
0
1
0
0
1

3
1
8
2
17235
0
2
10
134217728
3000
500
1000
1
0
1
0
0
1

3
1
1
1
17262
0
2
10
268435456
3000
500
5
1
0
1
0
0
1

3
1
1
1
17278
0
2
10
67108864
3000
100
10
1
0
1
0
0
1

3
1
8
8
17286
0
2
10
134217728
2000
50
1
1
0
1
0
0
1

3
1
2
2
17306
0
2
10
268435456
2000
500
10
1
0
1
0
0
1

3
1
2
1
17315
0
2
10
268435456
3000
500
5
1
0
1
0
0
1

3
1
1
1
17325
0
2
10
268435456
3000
500
1000
1
0
1
0
0
1

3
1
8
1
17330
0
2
10
67108864
1000
1000
100
1
0
1
0
0
1

3
1
8
4
17344
0
2
10
268435456
3000
500
1
1
0
1
0
0
1

3
1
1
1
17345
0
2
10
134217728
3000
100
10
1
0
1
0
0
1

3
1
4
2
17352
0
2
10
67108864
2000
250
10
1
0
1
0
0
1

3
1
8
1
17381
0
2
10
134217728
1000
250
10
1
0
1
0
0
1

3
1
2
1
17401
0
2
10
268435456
3000
250
10
1
0
1
0
0
1

3
1
1
1
17424
0
2
10
67108864
4000
250
10
1
0
1
0
0
1

3
1
1
1
17433
0
2
10
67108864
1000
100
5
1
0
1
0
0
1

3
1
1
1
17441
0
2
10
268435456
2000
500
100
1
0
1
0
0
1

3
1
8
4
17466
0
2
10
268435456
1000
50
5
1
0
1
0
0
1

3
1
1
1
17487
0
2
10
67108864
1000
500
10
1
0
1
0
0
1

3
1
1
1
17493
0
2
10
67108864
1000
250
1000
1
0
1
0
0
1

3
1
2
1
17498
0
2
10
134217728
4000
50
100
1
0
1
0
0
1

3
1
4
4
17521
0
2
10
268435456
3000
500
100
1
0
1
0
0
1

3
1
2
1
17543
0
2
10
134217728
4000
50
1
1
0
1
0
0
1

3
1
1
1
17561
0
2
10
67108864
3000
500
1000
1
0
1
0
0
1

3
1
8
1
17575
0
2
10
268435456
3000
250
100
1
0
1
0
0
1

3
1
2
1
17584
0
2
10
268435456
2000
100
100
1
0
1
0
0
1

3
1
8
1
17603
0
2
10
134217728
3000
250
10
1
0
1
0
0
1

3
1
4
1
17613
0
2
10
268435456
2000
500
10
1
0
1
0
0
1

3
1
4
2
17622
0
2
10
67108864
4000
100
5
1
0
1
0
0
1

3
1
1
1
17625
0
2
10
134217728
2000
1000
5
1
0
1
0
0
1

3
1
8
4
17652
0
2
10
268435456
2000
250
1
1
0
1
0
0
1

3
1
4
2
17675
0
2
10
67108864
3000
50
1
1
0
1
0
0
1

3
1
4
2
17705
0
2
10
268435456
3000
500
1000
1
0
1
0
0
1

3
1
8
4
17732
0
2
10
134217728
2000
100
5
1
0
1
0
0
1

3
1
8
1
17746
0
2
10
268435456
3000
500
100
1
0
1
0
0
1

3
1
2
1
17765
0
2
10
67108864
1000
500
1000
1
0
1
0
0
1

3
1
2
1
17775
0
2
10
134217728
3000
50
1
1
0
1
0
0
1

3
1
4
2
17803
0
2
10
67108864
4000
250
100
1
0
1
0
0
1

3
1
1
1
17822
0
2
10
67108864
1000
250
10
1
0
1
0
0
1

3
1
8
2
17829
0
2
10
268435456
2000
500
1
1
0
1
0
0
1

3
1
8
4
17849
0
2
10
268435456
3000
50
100
1
0
1
0
0
1

3
1
2
1
17879
0
2
10
67108864
1000
50
1
1
0
1
0
0
1

3
1
8
2
17886
0
2
10
67108864
1000
1000
1
1
0
1
0
0
1

3
1
2
2
17907
0
2
10
134217728
3000
1000
10
1
0
1
0
0
1

3
1
2
2
17920
0
2
10
268435456
2000
500
1000
1
0
1
0
0
1

3
1
2
2
17931
0
2
10
134217728
2000
100
1000
1
0
1
0
0
1

3
1
8
8
17944
0
2
10
268435456
2000
100
100
1
0
1
0
0
1

3
1
8
1
17972
0
2
10
268435456
3000
50
10
1
0
1
0
0
1

3
1
8
1
17981
0
2
10
134217728
2000
50
100
1
0
1
0
0
1

3
1
4
4
18011
0
2
10
134217728
2000
1000
100
1
0
1
0
0
1

3
1
2
1
18022
0
2
10
268435456
3000
500
100
1
0
1
0
0
1

3
1
4
4
18044
0
2
10
134217728
4000
100
1
1
0
1
0
0
1

3
1
8
4
18045
0
2
10
67108864
1000
250
100
1
0
1
0
0
1

3
1
8
1
18051
0
2
10
268435456
3000
50
5
1
0
1
0
0
1

3
1
4
2
18064
0
2
10
268435456
2000
50
1000
1
0
1
0
0
1

3
1
1
1
18080
0
2
10
67108864
3000
250
1
1
0
1
0
0
1

3
1
4
2
18104
0
2
10
134217728
1000
100
100
1
0
1
0
0
1

3
1
2
1
18106
0
2
10
134217728
2000
100
5
1
0
1
0
0
1

3
1
2
1
18126
0
2
10
268435456
3000
100
5
1
0
1
0
0
1

3
1
2
1
18128
0
2
10
67108864
4000
250
1000
1
0
1
0
0
1

3
1
1
1
18134
0
2
10
67108864
2000
1000
1000
1
0
1
0
0
1

3
1
4
4
18161
0
2
10
67108864
1000
50
100
1
0
1
0
0
1

3
1
8
1
18163
0
2
10
134217728
1000
1000
1
1
0
1
0
0
1

3
1
1
1
18172
0
2
10
134217728
2000
50
1000
1
0
1
0
0
1

3
1
8
2
18186
0
2
10
268435456
1000
500
10
1
0
1
0
0
1

3
1
4
2
18188
0
2
10
134217728
2000
250
100
1
0
1
0
0
1

3
1
4
4
18208
0
2
10
268435456
3000
250
10
1
0
1
0
0
1

3
1
1
1
18227
0
2
10
268435456
3000
500
5
1
0
1
0
0
1

3
1
8
1
18254
0
2
10
134217728
3000
250
100
1
0
1
0
0
1

3
1
1
1
18270
0
2
10
67108864
2000
100
5
1
0
1
0
0
1

3
1
2
1
18298
0
2
10
134217728
4000
100
5
1
0
1
0
0
1

3
1
1
1
18327
0
2
10
268435456
2000
50
10
1
0
1
0
0
1

3
1
4
2
18339
0
2
10
268435456
2000
100
10
1
0
1
0
0
1

3
1
4
4
18351
0
2
10
268435456
3000
50
1
1
0
1
0
0
1

3
1
1
1
18378
0
2
10
268435456
1000
500
100
1
0
1
0
0
1

3
1
4
2
18386
0
2
10
268435456
2000
500
10
1
0
1
0
0
1

3
1
8
8
18409
0
2
10
134217728
2000
500
1000
1
0
1
0
0
1

3
1
2
1
18413
0
2
10
134217728
3000
50
1
1
0
1
0
0
1

3
1
1
1
18435
0
2
10
268435456
1000
500
1
1
0
1
0
0
1

3
1
4
2
18441
0
2
10
134217728
1000
500
5
1
0
1
0
0
1

3
1
2
1
18442
0
2
10
134217728
2000
50
1000
1
0
1
0
0
1

3
1
4
2
18472
0
2
10
268435456
1000
50
10
1
0
1
0
0
1

3
1
4
2
18496
0
2
10
268435456
3000
50
10
1
0
1
0
0
1

3
1
2
2
18513
0
2
10
134217728
1000
1000
1000
1
0
1
0
0
1

3
1
2
1
18530
0
2
10
268435456
3000
250
5
1
0
1
0
0
1

3
1
1
1
18542
0
2
10
134217728
1000
500
5
1
0
1
0
0
1

3
1
2
1
18549
0
2
10
268435456
3000
500
1
1
0
1
0
0
1

3
1
8
2
18555
0
2
10
67108864
2000
250
1000
1
0
1
0
0
1

3
1
4
2
18580
0
2
10
134217728
4000
500
1000
1
0
1
0
0
1

3
1
2
2
18593
0
2
10
268435456
2000
50
1
1
0
1
0
0
1

3
1
1
1
18619
0
2
10
268435456
3000
100
1000
1
0
1
0
0
1

3
1
2
1
18626
0
2
10
67108864
4000
50
5
1
0
1
0
0
1

3
1
8
2
18650
0
2
10
134217728
3000
1000
1
1
0
1
0
0
1

3
1
8
1
18652
0
2
10
268435456
3000
500
10
1
0
1
0
0
1

3
1
4
1
18663
0
2
10
268435456
3000
250
1
1
0
1
0
0
1

3
1
8
4
18664
0
2
10
134217728
3000
50
1
1
0
1
0
0
1

3
1
4
2
18693
0
2
10
134217728
1000
100
100
1
0
1
0
0
1

3
1
4
1
18712
0
2
10
134217728
3000
500
10
1
0
1
0
0
1

3
1
4
2
18725
0
2
10
67108864
4000
50
5
1
0
1
0
0
1

3
1
2
1
18748
0
2
10
67108864
4000
250
10
1
0
1
0
0
1

3
1
4
2
18760
0
2
10
67108864
1000
1000
10
1
0
1
0
0
1

3
1
4
2
18761
0
2
10
134217728
3000
100
1000
1
0
1
0
0
1

3
1
2
1
18762
0
2
10
268435456
3000
500
100
1
0
1
0
0
1

3
1
8
1
18782
0
2
10
67108864
1000
100
100
1
0
1
0
0
1

3
1
2
1
18787
0
2
10
134217728
2000
250
100
1
0
1
0
0
1

3
1
1
1
18796
0
2
10
134217728
4000
100
1000
1
0
1
0
0
1

3
1
8
2
18815
0
2
10
268435456
2000
50
100
1
0
1
0
0
1

3
1
2
1
18839
0
2
10
134217728
4000
500
5
1
0
1
0
0
1

3
1
1
1
18843
0
2
10
134217728
2000
250
10
1
0
1
0
0
1

3
1
8
1
18862
0
2
10
67108864
4000
500
1000
1
0
1
0
0
1

3
1
4
1
18884
0
2
10
134217728
1000
100
100
1
0
1
0
0
1

3
1
2
1
18896
0
2
10
67108864
1000
250
10
1
0
1
0
0
1

3
1
4
1
18915
0
2
10
134217728
2000
500
1000
1
0
1
0
0
1

3
1
8
2
18919
0
2
10
268435456
3000
500
10
1
0
1
0
0
1

3
1
8
1
18949
0
2
10
134217728
4000
100
5
1
0
1
0
0
1

3
1
2
1
18973
0
2
10
67108864
2000
50
1000
1
0
1
0
0
1

3
1
2
1
18994
0
2
10
268435456
1000
100
100
1
0
1
0
0
1

3
1
8
4
19023
0
2
10
134217728
1000
1000
1000
1
0
1
0
0
1

3
1
4
1
19036
0
2
10
67108864
1000
250
1000
1
0
1
0
0
1

3
1
1
1
19066
0
2
10
268435456
1000
500
1000
1
0
1
0
0
1

3
1
1
1
19091
0
2
10
134217728
4000
50
100
1
0
1
0
0
1

3
1
8
8
19119
0
2
10
134217728
3000
500
100
1
0
1
0
0
1

3
1
8
2
19141
0
2
10
67108864
2000
500
100
1
0
1
0
0
1

3
1
1
1
19148
0
2
10
67108864
3000
100
10
1
0
1
0
0
1

3
1
1
1
19156
0
2
10
67108864
4000
250
10
1
0
1
0
0
1

3
1
1
1
19169
0
2
10
134217728
3000
500
1000
1
0
1
0
0
1

3
1
1
1
19197
0
2
10
134217728
3000
50
1
1
0
1
0
0
1

3
1
4
2
19212
0
2
10
268435456
2000
250
1000
1
0
1
0
0
1

3
1
8
8
19232
0
2
10
67108864
1000
250
5
1
0
1
0
0
1

3
1
8
1
19245
0
2
10
268435456
2000
500
1000
1
0
1
0
0
1

3
1
4
2
19254
0
2
10
268435456
2000
50
100
1
0
1
0
0
1

3
1
1
1
19261
0
2
10
268435456
1000
500
10
1
0
1
0
0
1

3
1
2
1
19286
0
2
10
67108864
3000
500
1000
1
0
1
0
0
1

3
1
1
1
19308
0
2
10
268435456
1000
500
100
1
0
1
0
0
1

3
1
4
1
19316
0
2
10
268435456
1000
250
1
1
0
1
0
0
1

3
1
4
2
19329
0
2
10
134217728
4000
1000
1000
1
0
1
0
0
1

3
1
4
1
19351
0
2
10
134217728
1000
100
10
1
0
1
0
0
1

3
1
1
1
19379
0
2
10
134217728
1000
250
5
1
0
1
0
0
1

3
1
4
2
19402
0
2
10
134217728
4000
250
100
1
0
1
0
0
1

3
1
8
4
19432
0
2
10
67108864
3000
500
5
1
0
1
0
0
1

3
1
1
1
19457
0
2
10
268435456
2000
100
1
1
0
1
0
0
1

3
1
1
1
19475
0
2
10
268435456
3000
250
1
1
0
1
0
0
1

3
1
2
1
19495
0
2
10
134217728
2000
250
1000
1
0
1
0
0
1

3
1
2
2
19521
0
2
10
134217728
4000
500
1
1
0
1
0
0
1

3
1
8
1
19540
0
2
10
268435456
3000
50
100
1
0
1
0
0
1

3
1
4
2
19567
0
2
10
67108864
2000
100
1
1
0
1
0
0
1

3
1
4
4
19568
0
2
10
67108864
4000
250
10
1
0
1
0
0
1

3
1
4
1
19596
0
2
10
268435456
3000
500
10
1
0
1
0
0
1

3
1
1
1
19607
0
2
10
67108864
1000
100
1000
1
0
1
0
0
1

3
1
8
8
19623
0
2
10
268435456
1000
50
1000
1
0
1
0
0
1

3
1
8
8
19632
0
2
10
268435456
3000
500
100
1
0
1
0
0
1

3
1
4
4
19635
0
2
10
268435456
3000
500
1000
1
0
1
0
0
1

3
1
8
1
19651
0
2
10
268435456
3000
500
10
1
0
1
0
0
1

3
1
8
4
19670
0
2
10
67108864
4000
1000
100
1
0
1
0
0
1

3
1
1
1
19697
0
2
10
268435456
2000
100
5
1
0
1
0
0
1

3
1
4
4
19704
0
2
10
67108864
1000
500
1
1
0
1
0
0
1

3
1
8
4
19719
0
2
10
134217728
3000
500
1
1
0
1
0
0
1

3
1
4
2
19749
0
2
10
67108864
1000
50
100
1
0
1
0
0
1

3
1
8
2
19752
0
2
10
67108864
3000
250
100
1
0
1
0
0
1

3
1
1
1
19781
0
2
10
268435456
3000
50
10
1
0
1
0
0
1

3
1
1
1
19792
0
2
10
67108864
3000
50
100
1
0
1
0
0
1

3
1
1
1
19798
0
2
10
134217728
3000
50
5
1
0
1
0
0
1

3
1
2
1
19809
0
2
10
67108864
1000
50
5
1
0
1
0
0
1

3
1
4
1
19830
0
2
10
67108864
1000
500
10
1
0
1
0
0
1

3
1
2
1
19845
0
2
10
134217728
4000
250
1000
1
0
1
0
0
1

3
1
4
2
19865
0
2
10
268435456
3000
500
5
1
0
1
0
0
1

3
1
1
1
19874
0
2
10
268435456
1000
50
5
1
0
1
0
0
1

3
1
2
1
19875
0
2
10
134217728
1000
250
10
1
0
1
0
0
1

3
1
1
1
19889
0
2
10
67108864
2000
500
10
1
0
1
0
0
1

3
1
4
2
19913
0
2
10
134217728
1000
500
10
1
0
1
0
0
1

3
1
1
1
19941
0
2
10
134217728
3000
500
1
1
0
1
0
0
1

3
1
8
1
19946
0
2
10
134217728
3000
500
5
1
0
1
0
0
1

3
1
2
1
19947
0
2
10
268435456
3000
500
100
1
0
1
0
0
1

3
1
2
1
19952
0
2
10
67108864
2000
1000
1
1
0
1
0
0
1

3
1
4
2
19980
0
2
10
67108864
4000
250
5
1
0
1
0
0
1

3
1
2
1
19995
0
2
10
134217728
2000
500
5
1
0
1
0
0
1

3
1
4
2
20018
0
2
10
268435456
3000
500
100
1
0
1
0
0
1

3
1
1
1
20027
0
2
10
134217728
3000
250
1
1
0
1
0
0
1

3
1
8
4
20032
0
2
10
134217728
2000
50
5
1
0
1
0
0
1

3
1
1
1
20047
0
2
10
134217728
3000
50
1
1
0
1
0
0
1

3
1
4
4
20049
0
2
10
134217728
1000
50
1
1
0
1
0
0
1

3
1
1
1
20061
0
2
10
134217728
2000
500
1000
1
0
1
0
0
1

3
1
1
1
20063
0
2
10
67108864
3000
500
1000
1
0
1
0
0
1

3
1
1
1
20088
0
2
10
67108864
2000
100
1000
1
0
1
0
0
1

3
1
4
2
20100
0
2
10
67108864
4000
1000
5
1
0
1
0
0
1

3
1
4
2
20105
0
2
10
67108864
1000
250
100
1
0
1
0
0
1

3
1
4
4
20123
0
2
10
67108864
2000
50
1000
1
0
1
0
0
1

3
1
2
2
20142
0
2
10
268435456
1000
500
10
1
0
1
0
0
1

3
1
8
4
20148
0
2
10
67108864
2000
500
10
1
0
1
0
0
1

3
1
1
1
20177
0
2
10
268435456
2000
50
1
1
0
1
0
0
1

3
1
8
8
20181
0
2
10
67108864
2000
50
10
1
0
1
0
0
1

3
1
4
2
20196
0
2
10
67108864
2000
250
5
1
0
1
0
0
1

3
1
4
2
20220
0
2
10
67108864
4000
500
100
1
0
1
0
0
1

3
1
2
1
20228
0
2
10
67108864
1000
250
1
1
0
1
0
0
1

3
1
2
2
20247
0
2
10
134217728
2000
500
10
1
0
1
0
0
1

3
1
4
2
20257
0
2
10
268435456
3000
250
1
1
0
1
0
0
1

3
1
4
2
20272
0
2
10
134217728
3000
500
1
1
0
1
0
0
1

3
1
2
1
20302
0
2
10
268435456
3000
500
5
1
0
1
0
0
1

3
1
1
1
20314
0
2
10
134217728
4000
1000
1000
1
0
1
0
0
1

3
1
8
4
20344
0
2
10
268435456
1000
500
1
1
0
1
0
0
1

3
1
8
1
20346
0
2
10
134217728
3000
500
100
1
0
1
0
0
1

3
1
1
1
20372
0
2
10
67108864
2000
50
100
1
0
1
0
0
1

3
1
2
2
20400
0
2
10
268435456
3000
250
10
1
0
1
0
0
1

3
1
2
1
20417
0
2
10
268435456
1000
500
1000
1
0
1
0
0
1

3
1
1
1
20418
0
2
10
134217728
4000
250
100
1
0
1
0
0
1

3
1
4
2
20433
0
2
10
134217728
2000
100
100
1
0
1
0
0
1

3
1
8
4
20435
0
2
10
268435456
3000
250
1
1
0
1
0
0
1

3
1
2
1
20447
0
2
10
134217728
2000
1000
10
1
0
1
0
0
1

3
1
4
4
20461
0
2
10
134217728
1000
100
5
1
0
1
0
0
1

3
1
8
1
20478
0
2
10
134217728
1000
500
5
1
0
1
0
0
1

3
1
8
4
20495
0
2
10
67108864
4000
100
1
1
0
1
0
0
1

3
1
8
4
20500
0
2
10
134217728
2000
500
10
1
0
1
0
0
1

3
1
8
2
20511
0
2
10
134217728
2000
250
1000
1
0
1
0
0
1

3
1
4
4
20520
0
2
10
67108864
1000
50
100
1
0
1
0
0
1

3
1
8
2
20549
0
2
10
67108864
1000
250
1000
1
0
1
0
0
1

3
1
4
2
20579
0
2
10
268435456
3000
100
100
1
0
1
0
0
1

3
1
4
2
20587
0
2
10
67108864
4000
50
1
1
0
1
0
0
1

3
1
4
2
20595
0
2
10
134217728
1000
100
5
1
0
1
0
0
1

3
1
8
8
20617
0
2
10
67108864
1000
100
5
1
0
1
0
0
1

3
1
2
2
20646
0
2
10
134217728
4000
50
1
1
0
1
0
0
1

3
1
4
4
20656
0
2
10
134217728
4000
500
5
1
0
1
0
0
1

3
1
2
1
20662
0
2
10
268435456
3000
250
5
1
0
1
0
0
1

3
1
8
8
20670
0
2
10
67108864
2000
1000
5
1
0
1
0
0
1

3
1
2
1
20684
0
2
10
134217728
3000
250
10
1
0
1
0
0
1

3
1
4
2
20696
0
2
10
134217728
3000
100
100
1
0
1
0
0
1

3
1
1
1
20723
0
2
10
268435456
1000
500
10
1
0
1
0
0
1

3
1
4
2
20735
0
2
10
268435456
1000
500
1
1
0
1
0
0
1

3
1
8
1
20761
0
2
10
134217728
1000
100
1
1
0
1
0
0
1

3
1
4
2
20773
0
2
10
134217728
4000
250
1
1
0
1
0
0
1

3
1
2
2
20788
0
2
10
268435456
3000
500
100
1
0
1
0
0
1

3
1
4
2
20807
0
2
10
67108864
1000
50
5
1
0
1
0
0
1

3
1
4
2
20814
0
2
10
268435456
3000
50
100
1
0
1
0
0
1

3
1
2
2
20824
0
2
10
268435456
1000
50
5
1
0
1
0
0
1

3
1
4
1
20847
0
2
10
67108864
2000
50
5
1
0
1
0
0
1

3
1
8
4
20867
0
2
10
134217728
1000
50
10
1
0
1
0
0
1

3
1
8
2
20877
0
2
10
268435456
3000
250
100
1
0
1
0
0
1

3
1
2
1
20906
0
2
10
67108864
3000
50
100
1
0
1
0
0
1

3
1
8
2
20922
0
2
10
67108864
1000
1000
1000
1
0
1
0
0
1

3
1
4
2
20930
0
2
10
67108864
4000
250
10
1
0
1
0
0
1

3
1
1
1
20942
0
2
10
67108864
2000
1000
5
1
0
1
0
0
1

3
1
1
1
20951
0
2
10
268435456
2000
100
1
1
0
1
0
0
1

3
1
1
1
20973
0
2
10
134217728
4000
250
5
1
0
1
0
0
1

3
1
1
1
21003
0
2
10
67108864
2000
50
1
1
0
1
0
0
1

3
1
1
1
21009
0
2
10
134217728
3000
100
10
1
0
1
0
0
1

3
1
1
1
21020
0
2
10
268435456
3000
100
5
1
0
1
0
0
1

3
1
4
2
21041
0
2
10
134217728
4000
100
100
1
0
1
0
0
1

3
1
8
1
21042
0
2
10
134217728
4000
500
5
1
0
1
0
0
1

3
1
4
4
21072
0
2
10
134217728
4000
50
10
1
0
1
0
0
1

3
1
8
2
21099
0
2
10
67108864
1000
1000
5
1
0
1
0
0
1

3
1
8
8
21106
0
2
10
67108864
1000
500
100
1
0
1
0
0
1

3
1
4
2
21108
0
2
10
67108864
3000
1000
5
1
0
1
0
0
1

3
1
2
2
21129
0
2
10
134217728
4000
100
1000
1
0
1
0
0
1

3
1
8
2
21135
0
2
10
268435456
3000
250
100
1
0
1
0
0
1

3
1
4
2
21144
0
2
10
134217728
2000
50
100
1
0
1
0
0
1

3
1
4
2
21157
0
2
10
268435456
3000
250
100
1
0
1
0
0
1

3
1
1
1
21174
0
2
10
134217728
1000
100
1000
1
0
1
0
0
1

3
1
4
1
21186
0
2
10
268435456
3000
100
5
1
0
1
0
0
1

3
1
1
1
21210
0
2
10
268435456
2000
100
10
1
0
1
0
0
1

3
1
4
4
21214
0
2
10
67108864
4000
1000
1
1
0
1
0
0
1

3
1
1
1
21222
0
2
10
134217728
2000
500
10
1
0
1
0
0
1

3
1
8
4
21237
0
2
10
134217728
1000
500
100
1
0
1
0
0
1

3
1
4
4
21241
0
2
10
67108864
4000
100
1
1
0
1
0
0
1

3
1
1
1
21260
0
2
10
134217728
2000
250
5
1
0
1
0
0
1

3
1
8
1
21287
0
2
10
67108864
1000
100
5
1
0
1
0
0
1

3
1
8
1
21305
0
2
10
134217728
2000
500
10
1
0
1
0
0
1

3
1
4
2
21314
0
2
10
67108864
1000
500
10
1
0
1
0
0
1

3
1
4
2
21330
0
2
10
268435456
1000
100
1000
1
0
1
0
0
1

3
1
4
2
21345
0
2
10
268435456
1000
500
100
1
0
1
0
0
1

3
1
8
4
21346
0
2
10
268435456
3000
100
10
1
0
1
0
0
1

3
1
2
1
21363
0
2
10
134217728
3000
1000
100
1
0
1
0
0
1

3
1
4
1
21387
0
2
10
268435456
1000
250
1
1
0
1
0
0
1

3
1
4
1
21389
0
2
10
268435456
1000
100
5
1
0
1
0
0
1

3
1
8
4
21415
0
2
10
268435456
2000
500
5
1
0
1
0
0
1

3
1
8
1
21435
0
2
10
67108864
4000
1000
5
1
0
1
0
0
1

3
1
8
1
21453
0
2
10
67108864
2000
100
10
1
0
1
0
0
1

3
1
1
1
21454
0
2
10
134217728
3000
1000
1000
1
0
1
0
0
1

3
1
4
2
21461
0
2
10
67108864
1000
100
5
1
0
1
0
0
1

3
1
2
2
21471
0
2
10
67108864
2000
100
100
1
0
1
0
0
1

3
1
2
1
21480
0
2
10
134217728
3000
250
1000
1
0
1
0
0
1

3
1
4
2
21486
0
2
10
67108864
3000
1000
10
1
0
1
0
0
1

3
1
4
1
21513
0
2
10
67108864
2000
1000
100
1
0
1
0
0
1

3
1
8
2
21527
0
2
10
67108864
4000
100
1
1
0
1
0
0
1

3
1
4
1
21536
0
2
10
67108864
1000
50
10
1
0
1
0
0
1

3
1
4
2
21559
0
2
10
134217728
3000
100
1
1
0
1
0
0
1

3
1
2
1
21577
0
2
10
67108864
1000
50
10
1
0
1
0
0
1

3
1
2
1
21583
0
2
10
268435456
1000
50
100
1
0
1
0
0
1

3
1
2
1
21610
0
2
10
134217728
3000
100
10
1
0
1
0
0
1

3
1
8
4
21618
0
2
10
67108864
2000
250
100
1
0
1
0
0
1

3
1
1
1
21633
0
2
10
67108864
1000
1000
1
1
0
1
0
0
1

3
1
4
2
21652
0
2
10
134217728
1000
100
100
1
0
1
0
0
1

3
1
8
1
21682
0
2
10
67108864
4000
250
100
1
0
1
0
0
1

3
1
1
1
21708
0
2
10
268435456
3000
500
1000
1
0
1
0
0
1

3
1
4
2
21735
0
2
10
268435456
3000
100
10
1
0
1
0
0
1

3
1
8
1
21741
0
2
10
134217728
2000
50
5
1
0
1
0
0
1

3
1
1
1
21747
0
2
10
67108864
1000
250
10
1
0
1
0
0
1

3
1
2
1
21764
0
2
10
134217728
3000
100
1000
1
0
1
0
0
1

3
1
4
1
21784
0
2
10
134217728
1000
500
10
1
0
1
0
0
1

3
1
1
1
21793
0
2
10
67108864
4000
500
1
1
0
1
0
0
1

3
1
4
1
21803
0
2
10
67108864
1000
500
1
1
0
1
0
0
1

3
1
8
1
21812
0
2
10
67108864
2000
50
10
1
0
1
0
0
1

3
1
2
1
21827
0
2
10
268435456
3000
100
10
1
0
1
0
0
1

3
1
1
1
21846
0
2
10
67108864
1000
50
100
1
0
1
0
0
1

3
1
8
8
21852
0
2
10
134217728
3000
250
5
1
0
1
0
0
1

3
1
8
4
21865
0
2
10
67108864
3000
500
100
1
0
1
0
0
1

3
1
2
1
21872
0
2
10
268435456
3000
50
100
1
0
1
0
0
1

3
1
8
2
21896
0
2
10
67108864
3000
100
10
1
0
1
0
0
1

3
1
1
1
21915
0
2
10
268435456
1000
250
10
1
0
1
0
0
1

3
1
2
1
21941
0
2
10
67108864
2000
500
5
1
0
1
0
0
1

3
1
8
8
21950
0
2
10
268435456
3000
500
1000
1
0
1
0
0
1

3
1
8
8
21955
0
2
10
134217728
2000
100
5
1
0
1
0
0
1

3
1
8
8
21957
0
2
10
134217728
4000
500
5
1
0
1
0
0
1

3
1
4
2
21987
0
2
10
67108864
1000
50
1000
1
0
1
0
0
1

3
1
1
1
21993
0
2
10
134217728
2000
250
10
1
0
1
0
0
1

3
1
4
4
22022
0
2
10
67108864
2000
1000
10
1
0
1
0
0
1

3
1
8
2
22046
0
2
10
268435456
3000
250
10
1
0
1
0
0
1

3
1
4
4
22065
0
2
10
67108864
1000
1000
5
1
0
1
0
0
1

3
1
4
2
22067
0
2
10
268435456
1000
250
100
1
0
1
0
0
1

3
1
2
1
22075
0
2
10
67108864
1000
500
10
1
0
1
0
0
1

3
1
2
1
22077
0
2
10
67108864
4000
1000
1
1
0
1
0
0
1

3
1
4
2
22104
0
2
10
67108864
2000
500
100
1
0
1
0
0
1

3
1
8
8
22121
0
2
10
67108864
1000
250
1000
1
0
1
0
0
1

3
1
8
2
22133
0
2
10
134217728
3000
50
10
1
0
1
0
0
1

3
1
4
2
22142
0
2
10
268435456
3000
100
100
1
0
1
0
0
1

3
1
8
4
22151
0
2
10
67108864
2000
50
1000
1
0
1
0
0
1

3
1
4
2
22172
0
2
10
67108864
1000
50
1
1
0
1
0
0
1

3
1
1
1
22198
0
2
10
67108864
1000
100
5
1
0
1
0
0
1

3
1
4
2
22204
0
2
10
134217728
2000
100
1000
1
0
1
0
0
1

3
1
8
1
22214
0
2
10
67108864
3000
500
5
1
0
1
0
0
1

3
1
2
1
22231
0
2
10
67108864
3000
50
10
1
0
1
0
0
1

3
1
2
1
22235
0
2
10
67108864
3000
100
1000
1
0
1
0
0
1

3
1
4
2
22238
0
2
10
268435456
3000
100
5
1
0
1
0
0
1

3
1
1
1
22240
0
2
10
134217728
3000
250
100
1
0
1
0
0
1

3
1
1
1
22241
0
2
10
134217728
1000
50
5
1
0
1
0
0
1

3
1
2
1
22260
0
2
10
134217728
3000
250
5
1
0
1
0
0
1

3
1
4
2
22275
0
2
10
134217728
4000
1000
1
1
0
1
0
0
1

3
1
4
1
22296
0
2
10
268435456
2000
500
1000
1
0
1
0
0
1

3
1
4
4
22298
0
2
10
268435456
3000
500
10
1
0
1
0
0
1

3
1
4
4
22304
0
2
10
67108864
2000
500
5
1
0
1
0
0
1

3
1
2
1
22326
0
2
10
134217728
3000
500
1000
1
0
1
0
0
1

3
1
8
8
22347
0
2
10
134217728
2000
500
5
1
0
1
0
0
1

3
1
1
1
22355
0
2
10
268435456
3000
50
1
1
0
1
0
0
1

3
1
4
2
22369
0
2
10
67108864
3000
1000
5
1
0
1
0
0
1

3
1
4
4
22388
0
2
10
134217728
1000
250
5
1
0
1
0
0
1

3
1
4
4
22414
0
2
10
134217728
4000
50
1000
1
0
1
0
0
1

3
1
1
1
22415
0
2
10
134217728
2000
1000
1
1
0
1
0
0
1

3
1
1
1
22444
0
2
10
134217728
3000
50
1000
1
0
1
0
0
1

3
1
8
8
22451
0
2
10
268435456
3000
50
100
1
0
1
0
0
1

3
1
2
1
22481
0
2
10
134217728
4000
250
100
1
0
1
0
0
1

3
1
2
1
22498
0
2
10
268435456
3000
100
1
1
0
1
0
0
1

3
1
8
1
22501
0
2
10
67108864
2000
50
1000
1
0
1
0
0
1

3
1
1
1
22504
0
2
10
67108864
2000
250
10
1
0
1
0
0
1

3
1
1
1
22517
0
2
10
67108864
1000
250
100
1
0
1
0
0
1

3
1
1
1
22543
0
2
10
134217728
1000
250
1
1
0
1
0
0
1

3
1
8
1
22566
0
2
10
134217728
2000
250
5
1
0
1
0
0
1

3
1
1
1
22570
0
2
10
268435456
1000
500
10
1
0
1
0
0
1

3
1
4
4
22591
0
2
10
268435456
3000
250
5
1
0
1
0
0
1

3
1
4
2
22609
0
2
10
268435456
1000
100
100
1
0
1
0
0
1

3
1
8
2
22623
0
2
10
134217728
4000
1000
1000
1
0
1
0
0
1

3
1
1
1
22634
0
2
10
268435456
3000
500
100
1
0
1
0
0
1

