1500

3
1
2
1
15
0
0
9
268435456
3000
500
1
0
1
0
0
1

3
1
2
1
26
0
2
10
268435456
3000
500
10
1
0
1
0
0
1

3
1
4
4
55
0
0
9
67108864
3000
500
1
0
1
0
0
1

3
1
2
1
71
0
0
9
67108864
4000
250
1
0
1
0
0
1

3
1
8
2
89
0
0
9
67108864
3000
50
1
0
1
0
0
1

3
1
4
2
113
0
1
12
134217728
4000
100
90
1
1
0
1
0
0
1
0
3
1
4
2
142
0
1
12
134217728
3000
100
93
1
1
0
1
0
0
1
0
3
1
1
1
161
0
1
12
268435456
1000
250
3
1
1
0
1
0
0
1
0
3
1
2
1
191
0
0
9
134217728
1000
50
1
0
1
0
0
1

3
1
8
4
214
0
2
10
67108864
1000
100
1
1
0
1
0
0
1

3
1
2
1
223
0
2
10
134217728
3000
500
1000
1
0
1
0
0
1

3
1
8
2
234
0
2
10
268435456
1000
250
100
1
0
1
0
0
1

3
1
8
4
255
0
1
12
67108864
3000
500
4
1
1
0
1
0
0
1
0
3
1
2
1
278
0
0
9
134217728
2000
500
1
0
1
0
0
1

3
1
4
4
302
0
2
10
67108864
3000
500
1000
1
0
1
0
0
1

3
1
4
2
322
0
0
9
134217728
3000
250
1
0
1
0
0
1

3
1
4
2
348
0
2
10
134217728
1000
500
1000
1
0
1
0
0
1

3
1
1
1
365
0
1
12
268435456
2000
500
81
1
1
0
1
0
0
1
0
3
1
8
8
379
0
1
12
268435456
1000
250
25
1
1
0
1
0
0
1
0
3
1
2
1
380
0
0
9
268435456
1000
100
1
0
1
0
0
1

3
1
1
1
381
0
0
9
268435456
3000
500
1
0
1
0
0
1

3
1
2
1
388
0
1
11
67108864
4000
500
15
0
1
0
1
0
0
1
3
1
8
1
394
0
1
11
134217728
4000
500
78
0
1
0
1
0
0
1
3
1
4
2
400
0
2
10
67108864
2000
250
5
1
0
1
0
0
1

3
1
8
4
410
0
1
12
268435456
3000
500
9
1
1
0
1
0
0
1
0
3
1
2
1
437
0
2
10
134217728
3000
100
5
1
0
1
0
0
1

3
1
8
2
456
0
1
12
134217728
4000
500
89
1
1
0
1
0
0
1
0
3
1
8
4
463
0
1
12
268435456
1000
500
49
1
1
0
1
0
0
1
0
3
1
8
4
471
0
0
9
134217728
1000
100
1
0
1
0
0
1

3
1
1
1
495
0
0
9
268435456
3000
500
1
0
1
0
0
1

3
1
8
2
520
0
0
9
67108864
1000
50
1
0
1
0
0
1

3
1
1
1
525
0
0
9
268435456
3000
100
1
0
1
0
0
1

3
1
2
1
547
0
2
10
268435456
3000
50
1
1
0
1
0
0
1

3
1
1
1
575
0
1
11
134217728
1000
1000
38
0
1
0
1
0
0
1
3
1
4
1
595
0
0
9
268435456
3000
500
1
0
1
0
0
1

3
1
2
1
603
0
0
9
268435456
3000
500
1
0
1
0
0
1

3
1
2
1
618
0
2
10
134217728
1000
50
10
1
0
1
0
0
1

3
1
1
1
631
0
0
9
268435456
3000
250
1
0
1
0
0
1

3
1
2
1
654
0
0
9
268435456
2000
100
1
0
1
0
0
1

3
1
2
1
677
0
2
10
67108864
1000
50
10
1
0
1
0
0
1

3
1
1
1
703
0
2
10
268435456
1000
500
1
1
0
1
0
0
1

3
1
8
2
723
0
0
9
134217728
1000
50
1
0
1
0
0
1

3
1
8
4
740
0
2
10
134217728
2000
50
5
1
0
1
0
0
1

3
1
4
1
753
0
2
10
134217728
1000
500
10
1
0
1
0
0
1

3
1
2
1
757
0
0
9
67108864
2000
500
1
0
1
0
0
1

3
1
4
1
785
0
1
11
67108864
4000
1000
69
0
1
0
1
0
0
1
3
1
4
1
805
0
2
10
268435456
3000
100
100
1
0
1
0
0
1

3
1
8
8
811
0
0
9
268435456
2000
100
1
0
1
0
0
1

3
1
4
1
823
0
0
9
268435456
2000
500
1
0
1
0
0
1

3
1
2
1
837
0
2
10
67108864
3000
50
10
1
0
1
0
0
1

3
1
4
4
838
0
2
10
268435456
3000
500
100
1
0
1
0
0
1

3
1
2
2
866
0
2
10
268435456
2000
50
1
1
0
1
0
0
1

3
1
1
1
886
0
1
11
67108864
3000
250
2
0
1
0
1
0
0
1
3
1
2
2
906
0
2
10
134217728
4000
100
100
1
0
1
0
0
1

3
1
8
2
909
0
0
9
67108864
2000
50
1
0
1
0
0
1

3
1
4
2
919
0
2
10
134217728
4000
100
100
1
0
1
0
0
1

3
1
4
1
928
0
1
12
67108864
1000
1000
49
1
1
0
1
0
0
1
0
3
1
1
1
953
0
0
9
134217728
1000
100
1
0
1
0
0
1

3
1
1
1
978
0
2
10
134217728
4000
1000
5
1
0
1
0
0
1

3
1
1
1
988
0
0
9
134217728
2000
500
1
0
1
0
0
1

3
1
4
2
997
0
0
9
134217728
3000
1000
1
0
1
0
0
1

3
1
4
4
1013
0
0
9
134217728
2000
500
1
0
1
0
0
1

3
1
1
1
1021
0
1
11
134217728
3000
100
79
0
1
0
1
0
0
1
3
1
4
2
1044
0
2
10
268435456
2000
500
1000
1
0
1
0
0
1

3
1
2
1
1050
0
2
10
67108864
4000
250
1
1
0
1
0
0
1

3
1
2
1
1071
0
0
9
268435456
2000
250
1
0
1
0
0
1

3
1
8
8
1076
0
1
12
67108864
4000
100
27
1
1
0
1
0
0
1
0
3
1
8
1
1095
0
1
11
134217728
3000
50
8
0
1
0
1
0
0
1
3
1
1
1
1112
0
0
9
134217728
3000
50
1
0
1
0
0
1

3
1
4
2
1131
0
0
9
268435456
2000
250
1
0
1
0
0
1

3
1
2
2
1160
0
2
10
67108864
4000
50
5
1
0
1
0
0
1

3
1
4
2
1180
0
2
10
268435456
2000
50
100
1
0
1
0
0
1

3
1
2
1
1197
0
1
12
67108864
1000
500
92
1
1
0
1
0
0
1
0
3
1
4
2
1212
0
0
9
67108864
1000
100
1
0
1
0
0
1

3
1
1
1
1219
0
0
9
268435456
3000
500
1
0
1
0
0
1

3
1
4
4
1223
0
1
11
134217728
1000
50
91
0
1
0
1
0
0
1
3
1
8
4
1227
0
1
11
67108864
3000
250
29
0
1
0
1
0
0
1
3
1
4
4
1248
0
2
10
268435456
3000
50
10
1
0
1
0
0
1

3
1
4
1
1268
0
0
9
67108864
3000
1000
1
0
1
0
0
1

3
1
8
2
1291
0
0
9
268435456
2000
500
1
0
1
0
0
1

3
1
4
2
1305
0
0
9
67108864
2000
500
1
0
1
0
0
1

3
1
4
1
1335
0
1
11
134217728
3000
500
78
0
1
0
1
0
0
1
3
1
8
2
1352
0
0
9
134217728
3000
250
1
0
1
0
0
1

3
1
2
1
1373
0
2
10
134217728
1000
250
5
1
0
1
0
0
1

3
1
1
1
1399
0
1
12
268435456
3000
500
92
1
1
0
1
0
0
1
0
3
1
8
8
1410
0
1
12
67108864
3000
250
37
1
1
0
1
0
0
1
0
3
1
2
1
1425
0
2
10
134217728
4000
100
1000
1
0
1
0
0
1

3
1
2
1
1455
0
2
10
134217728
3000
100
1000
1
0
1
0
0
1

3
1
8
8
1474
0
0
9
134217728
4000
50
1
0
1
0
0
1

3
1
1
1
1493
0
0
9
134217728
2000
500
1
0
1
0
0
1

3
1
2
2
1494
0
1
12
268435456
3000
50
41
1
1
0
1
0
0
1
0
3
1
4
2
1509
0
1
11
67108864
1000
1000
27
0
1
0
1
0
0
1
3
1
2
1
1514
0
0
9
67108864
1000
500
1
0
1
0
0
1

3
1
4
4
1539
0
0
9
67108864
3000
1000
1
0
1
0
0
1

3
1
4
2
1549
0
0
9
134217728
2000
250
1
0
1
0
0
1

3
1
1
1
1559
0
0
9
67108864
3000
250
1
0
1
0
0
1

3
1
8
1
1583
0
2
10
134217728
3000
500
100
1
0
1
0
0
1

3
1
2
1
1609
0
2
10
67108864
1000
250
100
1
0
1
0
0
1

3
1
8
2
1633
0
1
11
268435456
2000
250
5
0
1
0
1
0
0
1
3
1
4
2
1647
0
1
12
67108864
1000
100
86
1
1
0
1
0
0
1
0
3
1
1
1
1649
0
0
9
268435456
2000
100
1
0
1
0
0
1

3
1
2
1
1662
0
1
11
134217728
2000
250
5
0
1
0
1
0
0
1
3
1
2
1
1691
0
0
9
134217728
3000
250
1
0
1
0
0
1

3
1
1
1
1718
0
0
9
67108864
2000
1000
1
0
1
0
0
1

3
1
2
1
1739
0
2
10
134217728
4000
250
1
1
0
1
0
0
1

3
1
4
1
1760
0
1
11
268435456
1000
500
10
0
1
0
1
0
0
1
3
1
1
1
1783
0
0
9
134217728
2000
50
1
0
1
0
0
1

3
1
1
1
1796
0
0
9
67108864
3000
1000
1
0
1
0
0
1

3
1
4
1
1825
0
0
9
67108864
2000
1000
1
0
1
0
0
1

3
1
2
1
1852
0
2
10
268435456
1000
100
1
1
0
1
0
0
1

3
1
2
2
1867
0
0
9
67108864
1000
500
1
0
1
0
0
1

3
1
4
2
1883
0
1
12
268435456
3000
500
28
1
1
0
1
0
0
1
0
3
1
4
2
1884
0
2
10
67108864
1000
100
100
1
0
1
0
0
1

3
1
2
1
1885
0
0
9
268435456
2000
500
1
0
1
0
0
1

3
1
8
8
1900
0
2
10
134217728
3000
1000
1
1
0
1
0
0
1

3
1
4
1
1912
0
1
12
268435456
3000
50
35
1
1
0
1
0
0
1
0
3
1
8
8
1925
0
1
11
67108864
1000
100
29
0
1
0
1
0
0
1
3
1
8
8
1944
0
2
10
67108864
4000
250
1
1
0
1
0
0
1

3
1
2
1
1966
0
0
9
67108864
4000
100
1
0
1
0
0
1

3
1
2
2
1979
0
1
12
268435456
3000
500
44
1
1
0
1
0
0
1
0
3
1
1
1
1990
0
2
10
134217728
1000
1000
1
1
0
1
0
0
1

3
1
8
4
2000
0
2
10
134217728
3000
1000
10
1
0
1
0
0
1

3
1
1
1
2024
0
1
12
134217728
3000
50
70
1
1
0
1
0
0
1
0
3
1
1
1
2044
0
0
9
134217728
2000
500
1
0
1
0
0
1

3
1
1
1
2063
0
1
11
268435456
3000
500
5
0
1
0
1
0
0
1
3
1
8
8
2079
0
0
9
67108864
3000
500
1
0
1
0
0
1

3
1
1
1
2090
0
1
11
67108864
4000
1000
13
0
1
0
1
0
0
1
3
1
4
1
2097
0
1
11
134217728
1000
1000
33
0
1
0
1
0
0
1
3
1
4
2
2120
0
0
9
268435456
2000
250
1
0
1
0
0
1

3
1
4
1
2143
0
0
9
268435456
1000
100
1
0
1
0
0
1

3
1
8
4
2172
0
1
12
134217728
1000
500
68
1
1
0
1
0
0
1
0
3
1
8
4
2187
0
2
10
268435456
1000
250
10
1
0
1
0
0
1

3
1
8
2
2197
0
1
11
67108864
1000
1000
42
0
1
0
1
0
0
1
3
1
1
1
2208
0
0
9
134217728
3000
250
1
0
1
0
0
1

3
1
1
1
2226
0
2
10
67108864
4000
250
100
1
0
1
0
0
1

3
1
1
1
2233
0
0
9
268435456
2000
500
1
0
1
0
0
1

3
1
8
4
2236
0
1
12
134217728
2000
50
5
1
1
0
1
0
0
1
0
3
1
1
1
2244
0
0
9
67108864
3000
250
1
0
1
0
0
1

3
1
1
1
2245
0
1
11
268435456
1000
500
20
0
1
0
1
0
0
1
3
1
2
1
2262
0
0
9
67108864
2000
1000
1
0
1
0
0
1

3
1
1
1
2266
0
2
10
134217728
3000
500
1
1
0
1
0
0
1

3
1
1
1
2280
0
1
12
134217728
4000
500
8
1
1
0
1
0
0
1
0
3
1
4
1
2281
0
0
9
268435456
3000
500
1
0
1
0
0
1

3
1
2
2
2282
0
0
9
134217728
4000
100
1
0
1
0
0
1

3
1
4
1
2303
0
1
12
67108864
2000
100
3
1
1
0
1
0
0
1
0
3
1
2
1
2314
0
1
12
67108864
1000
500
46
1
1
0
1
0
0
1
0
3
1
1
1
2333
0
2
10
67108864
2000
250
10
1
0
1
0
0
1

3
1
4
4
2359
0
0
9
268435456
2000
50
1
0
1
0
0
1

3
1
2
1
2367
0
1
12
67108864
4000
1000
93
1
1
0
1
0
0
1
0
3
1
4
2
2375
0
1
11
67108864
4000
50
83
0
1
0
1
0
0
1
3
1
2
2
2382
0
2
10
134217728
3000
100
10
1
0
1
0
0
1

3
1
2
2
2389
0
1
11
134217728
4000
1000
24
0
1
0
1
0
0
1
3
1
2
1
2407
0
2
10
134217728
1000
500
100
1
0
1
0
0
1

3
1
4
4
2433
0
2
10
134217728
2000
100
1
1
0
1
0
0
1

3
1
1
1
2450
0
1
12
67108864
3000
250
83
1
1
0
1
0
0
1
0
3
1
8
8
2479
0
2
10
134217728
3000
500
10
1
0
1
0
0
1

3
1
4
2
2506
0
2
10
67108864
2000
100
10
1
0
1
0
0
1

3
1
1
1
2523
0
2
10
67108864
4000
100
1000
1
0
1
0
0
1

3
1
8
2
2536
0
1
12
134217728
1000
100
59
1
1
0
1
0
0
1
0
3
1
1
1
2544
0
2
10
67108864
4000
100
100
1
0
1
0
0
1

3
1
4
4
2551
0
1
11
268435456
3000
500
79
0
1
0
1
0
0
1
3
1
2
1
2564
0
1
11
134217728
3000
100
86
0
1
0
1
0
0
1
3
1
8
1
2583
0
0
9
268435456
2000
100
1
0
1
0
0
1

3
1
8
2
2584
0
0
9
134217728
2000
100
1
0
1
0
0
1

3
1
4
4
2586
0
1
12
268435456
3000
50
35
1
1
0
1
0
0
1
0
3
1
4
2
2592
0
0
9
134217728
3000
100
1
0
1
0
0
1

3
1
2
1
2604
0
2
10
268435456
1000
500
10
1
0
1
0
0
1

3
1
4
2
2610
0
0
9
134217728
3000
500
1
0
1
0
0
1

3
1
8
1
2624
0
1
11
134217728
4000
500
90
0
1
0
1
0
0
1
3
1
4
2
2632
0
0
9
67108864
2000
100
1
0
1
0
0
1

3
1
2
2
2645
0
1
11
268435456
3000
100
23
0
1
0
1
0
0
1
3
1
2
1
2672
0
0
9
134217728
4000
250
1
0
1
0
0
1

3
1
2
1
2686
0
2
10
134217728
3000
500
1
1
0
1
0
0
1

3
1
1
1
2689
0
2
10
67108864
1000
250
5
1
0
1
0
0
1

3
1
4
4
2708
0
2
10
268435456
3000
500
1000
1
0
1
0
0
1

3
1
4
2
2733
0
0
9
67108864
3000
250
1
0
1
0
0
1

3
1
8
2
2758
0
1
12
134217728
3000
500
47
1
1
0
1
0
0
1
0
3
1
8
1
2766
0
0
9
134217728
2000
100
1
0
1
0
0
1

3
1
8
1
2783
0
0
9
67108864
4000
1000
1
0
1
0
0
1

3
1
8
8
2813
0
2
10
67108864
3000
1000
10
1
0
1
0
0
1

3
1
4
2
2835
0
2
10
67108864
4000
100
1000
1
0
1
0
0
1

3
1
4
2
2839
0
1
12
134217728
4000
500
86
1
1
0
1
0
0
1
0
3
1
1
1
2864
0
1
12
67108864
3000
100
33
1
1
0
1
0
0
1
0
3
1
8
4
2877
0
2
10
134217728
1000
1000
1
1
0
1
0
0
1

3
1
2
2
2898
0
0
9
268435456
3000
250
1
0
1
0
0
1

3
1
2
1
2914
0
1
11
67108864
3000
250
57
0
1
0
1
0
0
1
3
1
8
2
2942
0
2
10
268435456
3000
100
1
1
0
1
0
0
1

3
1
2
1
2957
0
1
12
134217728
3000
50
32
1
1
0
1
0
0
1
0
3
1
8
4
2968
0
0
9
134217728
1000
50
1
0
1
0
0
1

3
1
2
1
2997
0
1
12
134217728
4000
500
65
1
1
0
1
0
0
1
0
3
1
2
1
2999
0
2
10
268435456
1000
250
1
1
0
1
0
0
1

3
1
1
1
3003
0
0
9
67108864
1000
1000
1
0
1
0
0
1

3
1
1
1
3030
0
2
10
268435456
2000
250
10
1
0
1
0
0
1

3
1
8
1
3039
0
0
9
134217728
4000
1000
1
0
1
0
0
1

3
1
1
1
3044
0
1
11
134217728
4000
100
92
0
1
0
1
0
0
1
3
1
8
4
3065
0
2
10
134217728
3000
250
100
1
0
1
0
0
1

3
1
2
1
3081
0
1
12
268435456
3000
50
61
1
1
0
1
0
0
1
0
3
1
1
1
3098
0
2
10
268435456
1000
500
1000
1
0
1
0
0
1

3
1
8
8
3109
0
1
11
67108864
2000
1000
11
0
1
0
1
0
0
1
3
1
8
1
3112
0
2
10
67108864
2000
50
100
1
0
1
0
0
1

3
1
2
1
3122
0
0
9
268435456
3000
250
1
0
1
0
0
1

3
1
2
1
3126
0
2
10
67108864
4000
250
10
1
0
1
0
0
1

3
1
4
1
3136
0
2
10
67108864
2000
250
1
1
0
1
0
0
1

3
1
1
1
3148
0
2
10
67108864
2000
500
10
1
0
1
0
0
1

3
1
2
1
3171
0
1
12
268435456
2000
500
25
1
1
0
1
0
0
1
0
3
1
2
1
3192
0
1
12
268435456
3000
50
60
1
1
0
1
0
0
1
0
3
1
1
1
3212
0
0
9
268435456
1000
500
1
0
1
0
0
1

3
1
1
1
3230
0
1
12
268435456
1000
100
67
1
1
0
1
0
0
1
0
3
1
2
1
3233
0
2
10
67108864
4000
1000
1
1
0
1
0
0
1

3
1
4
2
3250
0
2
10
134217728
3000
50
1000
1
0
1
0
0
1

3
1
2
2
3251
0
2
10
268435456
2000
50
1000
1
0
1
0
0
1

3
1
8
1
3260
0
1
11
67108864
2000
50
33
0
1
0
1
0
0
1
3
1
4
1
3271
0
2
10
67108864
4000
1000
1000
1
0
1
0
0
1

3
1
2
1
3301
0
1
11
268435456
2000
250
0
0
1
0
1
0
0
1
3
1
8
1
3311
0
2
10
134217728
3000
250
100
1
0
1
0
0
1

3
1
8
4
3319
0
0
9
134217728
3000
100
1
0
1
0
0
1

3
1
4
1
3336
0
1
11
67108864
1000
500
72
0
1
0
1
0
0
1
3
1
1
1
3356
0
1
11
67108864
3000
1000
24
0
1
0
1
0
0
1
3
1
8
1
3367
0
0
9
67108864
2000
250
1
0
1
0
0
1

3
1
4
2
3371
0
2
10
134217728
4000
250
10
1
0
1
0
0
1

3
1
1
1
3389
0
2
10
67108864
2000
100
5
1
0
1
0
0
1

3
1
4
2
3412
0
1
11
268435456
3000
100
30
0
1
0
1
0
0
1
3
1
1
1
3419
0
1
12
268435456
1000
100
67
1
1
0
1
0
0
1
0
3
1
4
1
3426
0
1
11
134217728
1000
500
35
0
1
0
1
0
0
1
3
1
8
8
3431
0
1
11
67108864
4000
1000
6
0
1
0
1
0
0
1
3
1
8
8
3437
0
2
10
268435456
3000
500
1
1
0
1
0
0
1

3
1
1
1
3446
0
2
10
134217728
2000
250
100
1
0
1
0
0
1

3
1
8
1
3463
0
1
11
134217728
2000
1000
71
0
1
0
1
0
0
1
3
1
8
1
3468
0
1
11
67108864
3000
250
31
0
1
0
1
0
0
1
3
1
2
2
3484
0
1
11
268435456
2000
500
58
0
1
0
1
0
0
1
3
1
2
1
3499
0
0
9
268435456
2000
500
1
0
1
0
0
1

3
1
2
2
3508
0
2
10
134217728
3000
100
10
1
0
1
0
0
1

3
1
4
1
3523
0
2
10
67108864
1000
50
1
1
0
1
0
0
1

3
1
8
2
3538
0
1
11
134217728
4000
1000
69
0
1
0
1
0
0
1
3
1
8
8
3564
0
2
10
134217728
3000
50
1
1
0
1
0
0
1

3
1
2
1
3591
0
1
12
134217728
4000
500
22
1
1
0
1
0
0
1
0
3
1
1
1
3598
0
2
10
67108864
1000
50
10
1
0
1
0
0
1

3
1
2
2
3607
0
0
9
67108864
2000
100
1
0
1
0
0
1

3
1
2
1
3619
0
0
9
67108864
1000
50
1
0
1
0
0
1

3
1
2
2
3634
0
1
12
134217728
4000
50
17
1
1
0
1
0
0
1
0
3
1
8
8
3662
0
0
9
268435456
2000
100
1
0
1
0
0
1

3
1
1
1
3683
0
1
12
67108864
4000
250
88
1
1
0
1
0
0
1
0
3
1
1
1
3696
0
1
11
67108864
2000
250
69
0
1
0
1
0
0
1
3
1
1
1
3712
0
0
9
268435456
3000
500
1
0
1
0
0
1

3
1
4
1
3738
0
2
10
67108864
4000
100
10
1
0
1
0
0
1

3
1
2
1
3763
0
1
11
67108864
3000
500
31
0
1
0
1
0
0
1
3
1
4
2
3779
0
2
10
268435456
3000
500
10
1
0
1
0
0
1

3
1
4
2
3791
0
0
9
268435456
3000
50
1
0
1
0
0
1

3
1
4
2
3805
0
0
9
67108864
3000
100
1
0
1
0
0
1

3
1
2
1
3830
0
1
12
268435456
3000
50
79
1
1
0
1
0
0
1
0
3
1
2
2
3855
0
1
12
134217728
1000
500
85
1
1
0
1
0
0
1
0
3
1
1
1
3863
0
0
9
268435456
2000
500
1
0
1
0
0
1

3
1
4
4
3883
0
1
11
268435456
1000
100
34
0
1
0
1
0
0
1
3
1
1
1
3891
0
1
12
67108864
2000
50
53
1
1
0
1
0
0
1
0
3
1
1
1
3916
0
0
9
134217728
3000
50
1
0
1
0
0
1

3
1
2
1
3945
0
0
9
134217728
1000
1000
1
0
1
0
0
1

3
1
8
8
3950
0
0
9
67108864
1000
1000
1
0
1
0
0
1

3
1
4
2
3966
0
2
10
268435456
3000
50
5
1
0
1
0
0
1

3
1
4
2
3971
0
1
11
134217728
4000
500
26
0
1
0
1
0
0
1
3
1
2
1
3996
0
2
10
268435456
2000
50
1
1
0
1
0
0
1

3
1
8
2
4006
0
1
12
67108864
3000
250
38
1
1
0
1
0
0
1
0
3
1
4
2
4012
0
2
10
67108864
3000
100
1
1
0
1
0
0
1

3
1
8
8
4020
0
1
11
134217728
3000
100
25
0
1
0
1
0
0
1
3
1
8
8
4027
0
1
12
134217728
1000
50
98
1
1
0
1
0
0
1
0
3
1
8
1
4031
0
2
10
268435456
1000
500
100
1
0
1
0
0
1

3
1
8
1
4053
0
2
10
268435456
2000
100
5
1
0
1
0
0
1

3
1
2
1
4066
0
2
10
67108864
1000
250
1
1
0
1
0
0
1

3
1
8
1
4087
0
2
10
268435456
3000
500
1
1
0
1
0
0
1

3
1
2
2
4106
0
1
12
134217728
1000
100
61
1
1
0
1
0
0
1
0
3
1
8
4
4116
0
1
11
134217728
4000
100
3
0
1
0
1
0
0
1
3
1
1
1
4141
0
2
10
67108864
4000
1000
10
1
0
1
0
0
1

3
1
8
2
4154
0
1
11
67108864
3000
1000
30
0
1
0
1
0
0
1
3
1
1
1
4160
0
0
9
268435456
2000
500
1
0
1
0
0
1

3
1
2
2
4177
0
2
10
134217728
4000
50
100
1
0
1
0
0
1

3
1
4
2
4195
0
2
10
134217728
2000
250
100
1
0
1
0
0
1

3
1
8
4
4223
0
0
9
268435456
3000
100
1
0
1
0
0
1

3
1
8
1
4232
0
2
10
67108864
4000
500
1000
1
0
1
0
0
1

3
1
1
1
4238
0
0
9
67108864
4000
100
1
0
1
0
0
1

3
1
8
2
4268
0
1
11
67108864
1000
1000
23
0
1
0
1
0
0
1
3
1
1
1
4297
0
0
9
268435456
1000
500
1
0
1
0
0
1

3
1
2
1
4325
0
0
9
67108864
1000
250
1
0
1
0
0
1

3
1
2
2
4343
0
1
11
67108864
2000
1000
88
0
1
0
1
0
0
1
3
1
4
2
4357
0
1
11
134217728
1000
500
40
0
1
0
1
0
0
1
3
1
1
1
4377
0
1
12
268435456
2000
100
88
1
1
0
1
0
0
1
0
3
1
2
1
4391
0
2
10
134217728
2000
50
1
1
0
1
0
0
1

3
1
2
1
4400
0
0
9
134217728
1000
50
1
0
1
0
0
1

3
1
1
1
4401
0
0
9
268435456
3000
500
1
0
1
0
0
1

3
1
1
1
4402
0
2
10
67108864
2000
50
10
1
0
1
0
0
1

3
1
4
4
4419
0
1
12
268435456
3000
100
84
1
1
0
1
0
0
1
0
3
1
1
1
4421
0
0
9
67108864
1000
100
1
0
1
0
0
1

3
1
2
1
4437
0
2
10
268435456
1000
50
100
1
0
1
0
0
1

3
1
4
4
4441
0
2
10
67108864
3000
500
1000
1
0
1
0
0
1

3
1
4
4
4445
0
2
10
268435456
1000
100
100
1
0
1
0
0
1

3
1
1
1
4448
0
1
11
268435456
2000
100
56
0
1
0
1
0
0
1
3
1
4
2
4468
0
1
11
268435456
1000
500
36
0
1
0
1
0
0
1
3
1
8
2
4483
0
0
9
268435456
3000
250
1
0
1
0
0
1

3
1
8
8
4512
0
1
12
134217728
1000
500
84
1
1
0
1
0
0
1
0
3
1
4
1
4517
0
2
10
67108864
4000
50
5
1
0
1
0
0
1

3
1
8
8
4536
0
0
9
134217728
3000
1000
1
0
1
0
0
1

3
1
4
4
4546
0
1
11
134217728
3000
1000
68
0
1
0
1
0
0
1
3
1
4
2
4575
0
1
11
134217728
4000
1000
89
0
1
0
1
0
0
1
3
1
2
1
4578
0
1
12
268435456
3000
50
36
1
1
0
1
0
0
1
0
3
1
2
1
4590
0
1
12
134217728
1000
500
77
1
1
0
1
0
0
1
0
3
1
8
8
4618
0
1
11
67108864
2000
100
88
0
1
0
1
0
0
1
3
1
8
8
4633
0
0
9
134217728
1000
250
1
0
1
0
0
1

3
1
8
8
4645
0
0
9
268435456
1000
500
1
0
1
0
0
1

3
1
4
2
4654
0
2
10
268435456
3000
250
1
1
0
1
0
0
1

3
1
8
1
4682
0
0
9
67108864
3000
250
1
0
1
0
0
1

3
1
8
8
4689
0
1
12
134217728
1000
50
78
1
1
0
1
0
0
1
0
3
1
4
2
4712
0
1
11
134217728
2000
250
24
0
1
0
1
0
0
1
3
1
4
4
4725
0
1
12
134217728
4000
250
80
1
1
0
1
0
0
1
0
3
1
8
2
4748
0
0
9
134217728
2000
250
1
0
1
0
0
1

3
1
4
1
4762
0
1
11
67108864
1000
50
78
0
1
0
1
0
0
1
3
1
1
1
4779
0
0
9
134217728
4000
100
1
0
1
0
0
1

3
1
4
2
4781
0
0
9
67108864
1000
1000
1
0
1
0
0
1

3
1
8
4
4782
0
0
9
134217728
4000
500
1
0
1
0
0
1

3
1
4
4
4811
0
2
10
134217728
1000
250
100
1
0
1
0
0
1

3
1
4
1
4822
0
1
11
134217728
3000
1000
27
0
1
0
1
0
0
1
3
1
4
4
4852
0
1
12
268435456
3000
500
50
1
1
0
1
0
0
1
0
3
1
1
1
4864
0
2
10
134217728
2000
250
100
1
0
1
0
0
1

3
1
2
1
4873
0
2
10
67108864
3000
250
10
1
0
1
0
0
1

3
1
2
1
4892
0
0
9
268435456
1000
100
1
0
1
0
0
1

3
1
4
2
4916
0
1
12
268435456
3000
500
71
1
1
0
1
0
0
1
0
3
1
1
1
4920
0
2
10
268435456
1000
50
1
1
0
1
0
0
1

3
1
4
2
4933
0
1
11
268435456
2000
250
30
0
1
0
1
0
0
1
3
1
8
2
4962
0
1
11
67108864
2000
250
86
0
1
0
1
0
0
1
3
1
4
2
4977
0
1
11
268435456
3000
50
36
0
1
0
1
0
0
1
3
1
1
1
4999
0
1
12
67108864
1000
50
5
1
1
0
1
0
0
1
0
3
1
4
4
5008
0
0
9
67108864
3000
250
1
0
1
0
0
1

3
1
2
1
5032
0
0
9
134217728
1000
250
1
0
1
0
0
1

3
1
2
1
5044
0
0
9
268435456
2000
500
1
0
1
0
0
1

3
1
2
1
5063
0
0
9
268435456
3000
250
1
0
1
0
0
1

3
1
2
1
5068
0
2
10
67108864
1000
500
5
1
0
1
0
0
1

3
1
4
2
5074
0
0
9
134217728
3000
500
1
0
1
0
0
1

3
1
4
1
5081
0
1
11
134217728
2000
1000
9
0
1
0
1
0
0
1
3
1
2
2
5109
0
0
9
268435456
2000
250
1
0
1
0
0
1

3
1
1
1
5138
0
0
9
268435456
2000
250
1
0
1
0
0
1

3
1
1
1
5139
0
0
9
268435456
2000
500
1
0
1
0
0
1

3
1
4
4
5142
0
2
10
67108864
1000
1000
1
1
0
1
0
0
1

3
1
4
2
5167
0
0
9
268435456
3000
500
1
0
1
0
0
1

3
1
2
2
5176
0
2
10
134217728
2000
250
10
1
0
1
0
0
1

3
1
2
1
5178
0
2
10
134217728
1000
1000
10
1
0
1
0
0
1

3
1
4
2
5204
0
0
9
134217728
3000
1000
1
0
1
0
0
1

3
1
4
4
5212
0
0
9
67108864
2000
100
1
0
1
0
0
1

3
1
2
1
5214
0
1
12
134217728
3000
100
87
1
1
0
1
0
0
1
0
3
1
2
1
5228
0
1
12
268435456
3000
50
92
1
1
0
1
0
0
1
0
3
1
4
2
5241
0
2
10
67108864
2000
1000
5
1
0
1
0
0
1

3
1
4
2
5258
0
2
10
67108864
3000
500
5
1
0
1
0
0
1

3
1
2
1
5287
0
2
10
134217728
3000
50
1000
1
0
1
0
0
1

3
1
4
2
5288
0
0
9
134217728
2000
1000
1
0
1
0
0
1

3
1
4
2
5310
0
0
9
134217728
2000
100
1
0
1
0
0
1

3
1
4
4
5339
0
0
9
134217728
1000
250
1
0
1
0
0
1

3
1
1
1
5345
0
0
9
268435456
3000
500
1
0
1
0
0
1

3
1
8
1
5348
0
2
10
134217728
1000
500
5
1
0
1
0
0
1

3
1
4
2
5354
0
0
9
67108864
4000
500
1
0
1
0
0
1

3
1
2
1
5384
0
0
9
67108864
4000
50
1
0
1
0
0
1

3
1
4
4
5397
0
1
12
67108864
3000
50
37
1
1
0
1
0
0
1
0
3
1
1
1
5417
0
2
10
67108864
1000
50
1000
1
0
1
0
0
1

3
1
4
2
5446
0
0
9
67108864
1000
500
1
0
1
0
0
1

3
1
4
4
5469
0
1
11
67108864
4000
500
77
0
1
0
1
0
0
1
3
1
1
1
5471
0
2
10
134217728
4000
500
1
1
0
1
0
0
1

3
1
2
1
5487
0
1
12
67108864
3000
50
8
1
1
0
1
0
0
1
0
3
1
8
4
5492
0
0
9
134217728
1000
1000
1
0
1
0
0
1

3
1
8
2
5508
0
0
9
134217728
2000
1000
1
0
1
0
0
1

3
1
4
1
5510
0
0
9
67108864
4000
1000
1
0
1
0
0
1

3
1
2
1
5531
0
0
9
134217728
1000
50
1
0
1
0
0
1

3
1
8
1
5545
0
1
12
67108864
4000
100
86
1
1
0
1
0
0
1
0
3
1
8
8
5570
0
0
9
134217728
4000
1000
1
0
1
0
0
1

3
1
2
1
5571
0
0
9
134217728
3000
250
1
0
1
0
0
1

3
1
1
1
5579
0
2
10
134217728
3000
100
10
1
0
1
0
0
1

3
1
4
2
5602
0
1
11
268435456
2000
500
53
0
1
0
1
0
0
1
3
1
1
1
5611
0
0
9
268435456
2000
250
1
0
1
0
0
1

3
1
8
2
5619
0
1
11
67108864
3000
1000
2
0
1
0
1
0
0
1
3
1
4
2
5640
0
1
11
67108864
4000
1000
16
0
1
0
1
0
0
1
3
1
1
1
5649
0
1
12
67108864
2000
250
98
1
1
0
1
0
0
1
0
3
1
4
4
5675
0
0
9
134217728
4000
500
1
0
1
0
0
1

3
1
1
1
5695
0
0
9
67108864
3000
500
1
0
1
0
0
1

3
1
2
2
5696
0
2
10
134217728
4000
1000
10
1
0
1
0
0
1

3
1
1
1
5700
0
0
9
67108864
3000
1000
1
0
1
0
0
1

3
1
1
1
5703
0
2
10
67108864
2000
500
5
1
0
1
0
0
1

3
1
2
1
5713
0
0
9
134217728
4000
500
1
0
1
0
0
1

3
1
8
8
5741
0
2
10
134217728
2000
500
1000
1
0
1
0
0
1

3
1
2
1
5746
0
0
9
67108864
3000
100
1
0
1
0
0
1

3
1
2
2
5756
0
2
10
134217728
1000
50
10
1
0
1
0
0
1

3
1
1
1
5761
0
2
10
268435456
3000
50
100
1
0
1
0
0
1

3
1
2
1
5768
0
1
12
268435456
2000
50
84
1
1
0
1
0
0
1
0
3
1
1
1
5769
0
2
10
67108864
2000
250
5
1
0
1
0
0
1

3
1
1
1
5771
0
2
10
67108864
4000
500
10
1
0
1
0
0
1

3
1
4
2
5776
0
2
10
134217728
2000
100
10
1
0
1
0
0
1

3
1
2
1
5787
0
2
10
268435456
3000
50
5
1
0
1
0
0
1

3
1
2
1
5814
0
0
9
268435456
1000
500
1
0
1
0
0
1

3
1
4
2
5843
0
2
10
67108864
1000
100
10
1
0
1
0
0
1

3
1
8
1
5870
0
2
10
268435456
2000
50
5
1
0
1
0
0
1

3
1
8
8
5882
0
2
10
134217728
1000
250
100
1
0
1
0
0
1

3
1
2
1
5893
0
2
10
67108864
1000
1000
5
1
0
1
0
0
1

3
1
1
1
5903
0
0
9
268435456
3000
50
1
0
1
0
0
1

3
1
4
4
5911
0
2
10
67108864
1000
500
100
1
0
1
0
0
1

3
1
2
2
5914
0
2
10
67108864
3000
50
1
1
0
1
0
0
1

3
1
1
1
5922
0
1
11
134217728
3000
250
35
0
1
0
1
0
0
1
3
1
4
1
5943
0
0
9
67108864
4000
1000
1
0
1
0
0
1

3
1
4
2
5944
0
1
12
268435456
1000
100
50
1
1
0
1
0
0
1
0
3
1
4
2
5952
0
1
11
268435456
3000
500
19
0
1
0
1
0
0
1
3
1
4
1
5965
0
2
10
67108864
3000
100
10
1
0
1
0
0
1

3
1
2
1
5980
0
1
11
268435456
2000
50
27
0
1
0
1
0
0
1
3
1
8
1
5991
0
1
11
268435456
1000
50
31
0
1
0
1
0
0
1
3
1
4
4
6004
0
2
10
134217728
1000
500
10
1
0
1
0
0
1

3
1
2
2
6024
0
0
9
268435456
3000
500
1
0
1
0
0
1

3
1
4
4
6051
0
2
10
268435456
3000
50
100
1
0
1
0
0
1

3
1
2
2
6062
0
1
11
134217728
3000
50
4
0
1
0
1
0
0
1
3
1
2
2
6064
0
1
12
134217728
3000
500
35
1
1
0
1
0
0
1
0
3
1
2
1
6071
0
0
9
134217728
4000
250
1
0
1
0
0
1

3
1
4
2
6082
0
2
10
268435456
1000
500
10
1
0
1
0
0
1

3
1
4
4
6112
0
1
12
134217728
3000
50
31
1
1
0
1
0
0
1
0
3
1
8
2
6136
0
2
10
268435456
1000
500
1
1
0
1
0
0
1

3
1
8
1
6148
0
1
11
268435456
1000
50
10
0
1
0
1
0
0
1
3
1
4
2
6165
0
0
9
134217728
3000
1000
1
0
1
0
0
1

3
1
1
1
6171
0
1
11
134217728
3000
1000
87
0
1
0
1
0
0
1
3
1
2
1
6198
0
0
9
268435456
2000
500
1
0
1
0
0
1

3
1
1
1
6205
0
2
10
134217728
1000
1000
10
1
0
1
0
0
1

3
1
8
1
6206
0
2
10
134217728
4000
500
1000
1
0
1
0
0
1

3
1
8
8
6208
0
0
9
67108864
1000
1000
1
0
1
0
0
1

3
1
8
2
6228
0
1
11
67108864
3000
500
5
0
1
0
1
0
0
1
3
1
1
1
6232
0
0
9
134217728
4000
500
1
0
1
0
0
1

3
1
8
4
6259
0
0
9
134217728
1000
500
1
0
1
0
0
1

3
1
2
1
6285
0
0
9
67108864
3000
500
1
0
1
0
0
1

3
1
2
1
6296
0
1
12
67108864
1000
1000
13
1
1
0
1
0
0
1
0
3
1
8
1
6326
0
1
12
67108864
2000
50
29
1
1
0
1
0
0
1
0
3
1
8
1
6342
0
2
10
268435456
2000
50
1
1
0
1
0
0
1

3
1
4
2
6348
0
1
11
67108864
1000
1000
13
0
1
0
1
0
0
1
3
1
8
4
6351
0
1
11
268435456
3000
500
63
0
1
0
1
0
0
1
3
1
2
1
6354
0
0
9
268435456
2000
500
1
0
1
0
0
1

3
1
8
2
6363
0
2
10
134217728
4000
500
5
1
0
1
0
0
1

3
1
4
2
6391
0
0
9
268435456
2000
50
1
0
1
0
0
1

3
1
1
1
6419
0
0
9
134217728
4000
1000
1
0
1
0
0
1

3
1
1
1
6440
0
0
9
268435456
2000
250
1
0
1
0
0
1

3
1
2
2
6445
0
1
11
134217728
2000
1000
94
0
1
0
1
0
0
1
3
1
2
1
6473
0
0
9
67108864
4000
50
1
0
1
0
0
1

3
1
1
1
6499
0
1
11
268435456
3000
250
37
0
1
0
1
0
0
1
3
1
1
1
6500
0
1
11
268435456
3000
500
62
0
1
0
1
0
0
1
3
1
2
2
6522
0
2
10
268435456
3000
100
10
1
0
1
0
0
1

3
1
4
4
6550
0
1
11
268435456
2000
250
23
0
1
0
1
0
0
1
3
1
1
1
6576
0
2
10
268435456
2000
50
1000
1
0
1
0
0
1

3
1
1
1
6598
0
2
10
134217728
3000
50
1000
1
0
1
0
0
1

3
1
2
1
6605
0
0
9
67108864
1000
250
1
0
1
0
0
1

3
1
8
1
6607
0
1
11
134217728
1000
250
58
0
1
0
1
0
0
1
3
1
8
1
6616
0
1
12
134217728
3000
250
82
1
1
0
1
0
0
1
0
3
1
8
4
6643
0
2
10
67108864
1000
100
100
1
0
1
0
0
1

3
1
1
1
6665
0
0
9
268435456
3000
500
1
0
1
0
0
1

3
1
4
2
6690
0
0
9
134217728
3000
500
1
0
1
0
0
1

3
1
8
4
6695
0
2
10
67108864
3000
500
1000
1
0
1
0
0
1

3
1
4
1
6704
0
0
9
268435456
3000
50
1
0
1
0
0
1

3
1
8
4
6709
0
0
9
134217728
1000
500
1
0
1
0
0
1

3
1
1
1
6729
0
2
10
268435456
1000
100
100
1
0
1
0
0
1

3
1
4
1
6751
0
0
9
67108864
2000
1000
1
0
1
0
0
1

3
1
1
1
6769
0
0
9
268435456
1000
500
1
0
1
0
0
1

3
1
2
2
6778
0
1
12
134217728
2000
50
56
1
1
0
1
0
0
1
0
3
1
2
2
6805
0
1
11
67108864
1000
50
43
0
1
0
1
0
0
1
3
1
2
2
6833
0
1
12
67108864
4000
1000
86
1
1
0
1
0
0
1
0
3
1
2
1
6843
0
0
9
134217728
1000
500
1
0
1
0
0
1

3
1
4
1
6871
0
0
9
268435456
1000
500
1
0
1
0
0
1

3
1
8
1
6874
0
2
10
268435456
3000
500
10
1
0
1
0
0
1

3
1
1
1
6892
0
1
11
268435456
3000
500
25
0
1
0
1
0
0
1
3
1
2
1
6896
0
0
9
67108864
4000
100
1
0
1
0
0
1

3
1
4
4
6901
0
0
9
67108864
3000
100
1
0
1
0
0
1

3
1
4
1
6904
0
1
12
268435456
1000
500
34
1
1
0
1
0
0
1
0
3
1
8
4
6920
0
0
9
67108864
4000
250
1
0
1
0
0
1

3
1
1
1
6927
0
0
9
134217728
1000
50
1
0
1
0
0
1

3
1
1
1
6946
0
0
9
134217728
1000
100
1
0
1
0
0
1

3
1
8
4
6974
0
1
12
67108864
2000
250
49
1
1
0
1
0
0
1
0
3
1
2
1
6983
0
0
9
268435456
3000
250
1
0
1
0
0
1

3
1
2
1
7000
0
1
12
67108864
3000
100
89
1
1
0
1
0
0
1
0
3
1
1
1
7004
0
1
12
268435456
2000
250
11
1
1
0
1
0
0
1
0
3
1
8
1
7033
0
2
10
268435456
3000
50
100
1
0
1
0
0
1

3
1
8
2
7038
0
1
11
268435456
1000
50
27
0
1
0
1
0
0
1
3
1
1
1
7055
0
0
9
67108864
4000
500
1
0
1
0
0
1

3
1
4
4
7058
0
1
12
67108864
1000
250
38
1
1
0
1
0
0
1
0
3
1
4
2
7086
0
1
11
268435456
3000
250
18
0
1
0
1
0
0
1
3
1
1
1
7104
0
2
10
268435456
3000
500
10
1
0
1
0
0
1

3
1
2
1
7109
0
1
11
134217728
4000
50
69
0
1
0
1
0
0
1
3
1
2
1
7136
0
0
9
134217728
4000
1000
1
0
1
0
0
1

3
1
2
1
7158
0
2
10
134217728
2000
50
100
1
0
1
0
0
1

3
1
8
1
7179
0
1
12
67108864
1000
250
17
1
1
0
1
0
0
1
0
3
1
2
1
7189
0
1
11
134217728
4000
500
6
0
1
0
1
0
0
1
3
1
1
1
7191
0
1
12
134217728
1000
1000
89
1
1
0
1
0
0
1
0
3
1
2
1
7198
0
2
10
67108864
4000
100
10
1
0
1
0
0
1

3
1
4
4
7203
0
0
9
67108864
3000
500
1
0
1
0
0
1

3
1
8
2
7219
0
0
9
67108864
1000
250
1
0
1
0
0
1

3
1
8
8
7232
0
0
9
134217728
4000
1000
1
0
1
0
0
1

3
1
8
2
7256
0
0
9
67108864
3000
500
1
0
1
0
0
1

3
1
2
1
7281
0
0
9
268435456
2000
250
1
0
1
0
0
1

3
1
2
1
7298
0
2
10
134217728
1000
50
5
1
0
1
0
0
1

3
1
2
1
7314
0
0
9
134217728
2000
100
1
0
1
0
0
1

3
1
1
1
7325
0
2
10
67108864
4000
1000
1
1
0
1
0
0
1

3
1
2
1
7346
0
1
11
134217728
2000
250
78
0
1
0
1
0
0
1
3
1
2
1
7366
0
0
9
67108864
1000
50
1
0
1
0
0
1

3
1
4
2
7384
0
1
12
268435456
3000
500
19
1
1
0
1
0
0
1
0
3
1
2
2
7394
0
2
10
67108864
3000
500
5
1
0
1
0
0
1

3
1
4
2
7397
0
2
10
134217728
1000
50
100
1
0
1
0
0
1

3
1
2
1
7407
0
2
10
67108864
3000
1000
100
1
0
1
0
0
1

3
1
2
2
7414
0
1
12
67108864
2000
500
57
1
1
0
1
0
0
1
0
3
1
4
4
7423
0
0
9
134217728
2000
1000
1
0
1
0
0
1

3
1
4
1
7433
0
2
10
268435456
2000
500
100
1
0
1
0
0
1

3
1
4
2
7443
0
1
12
67108864
1000
500
88
1
1
0
1
0
0
1
0
3
1
2
1
7453
0
1
12
67108864
3000
250
72
1
1
0
1
0
0
1
0
3
1
8
8
7475
0
2
10
134217728
1000
50
5
1
0
1
0
0
1

3
1
4
4
7487
0
1
11
134217728
2000
50
73
0
1
0
1
0
0
1
3
1
1
1
7511
0
1
11
67108864
2000
500
2
0
1
0
1
0
0
1
3
1
1
1
7526
0
1
11
268435456
1000
50
55
0
1
0
1
0
0
1
3
1
2
1
7540
0
0
9
67108864
4000
250
1
0
1
0
0
1

3
1
2
1
7548
0
0
9
67108864
3000
250
1
0
1
0
0
1

3
1
4
2
7563
0
1
11
67108864
1000
250
33
0
1
0
1
0
0
1
3
1
8
8
7588
0
1
11
67108864
2000
1000
7
0
1
0
1
0
0
1
3
1
4
2
7608
0
2
10
67108864
4000
250
1000
1
0
1
0
0
1

3
1
2
1
7624
0
2
10
67108864
1000
250
5
1
0
1
0
0
1

3
1
8
2
7625
0
1
11
67108864
1000
1000
45
0
1
0
1
0
0
1
3
1
2
1
7635
0
2
10
134217728
4000
500
10
1
0
1
0
0
1

3
1
4
4
7661
0
0
9
268435456
3000
500
1
0
1
0
0
1

3
1
1
1
7678
0
2
10
67108864
3000
50
1000
1
0
1
0
0
1

3
1
2
2
7689
0
2
10
134217728
3000
1000
100
1
0
1
0
0
1

3
1
4
1
7706
0
1
12
268435456
3000
50
40
1
1
0
1
0
0
1
0
3
1
1
1
7719
0
1
11
134217728
3000
1000
3
0
1
0
1
0
0
1
3
1
1
1
7727
0
2
10
268435456
2000
250
100
1
0
1
0
0
1

3
1
4
2
7750
0
0
9
268435456
2000
500
1
0
1
0
0
1

3
1
1
1
7774
0
0
9
134217728
3000
100
1
0
1
0
0
1

3
1
2
1
7796
0
1
12
268435456
1000
500
59
1
1
0
1
0
0
1
0
3
1
4
1
7823
0
1
12
67108864
4000
500
19
1
1
0
1
0
0
1
0
3
1
8
4
7852
0
2
10
67108864
3000
500
100
1
0
1
0
0
1

3
1
2
1
7868
0
2
10
134217728
1000
50
10
1
0
1
0
0
1

3
1
1
1
7874
0
2
10
134217728
2000
500
1
1
0
1
0
0
1

3
1
2
1
7884
0
0
9
268435456
2000
50
1
0
1
0
0
1

3
1
4
1
7894
0
0
9
134217728
4000
1000
1
0
1
0
0
1

3
1
8
1
7916
0
1
11
134217728
2000
1000
82
0
1
0
1
0
0
1
3
1
2
1
7918
0
1
12
67108864
3000
250
29
1
1
0
1
0
0
1
0
3
1
1
1
7930
0
2
10
134217728
4000
50
100
1
0
1
0
0
1

3
1
8
4
7953
0
1
11
67108864
1000
1000
51
0
1
0
1
0
0
1
3
1
2
1
7979
0
1
11
268435456
2000
100
20
0
1
0
1
0
0
1
3
1
4
1
7997
0
1
12
67108864
1000
250
4
1
1
0
1
0
0
1
0
3
1
1
1
8019
0
2
10
67108864
1000
50
5
1
0
1
0
0
1

3
1
2
1
8040
0
2
10
67108864
3000
1000
100
1
0
1
0
0
1

3
1
8
8
8058
0
2
10
268435456
3000
250
1
1
0
1
0
0
1

3
1
8
4
8081
0
2
10
268435456
3000
100
1000
1
0
1
0
0
1

3
1
2
2
8109
0
2
10
67108864
4000
1000
1
1
0
1
0
0
1

3
1
2
1
8127
0
0
9
268435456
2000
500
1
0
1
0
0
1

3
1
8
2
8152
0
2
10
134217728
3000
100
1
1
0
1
0
0
1

3
1
1
1
8179
0
1
11
268435456
1000
50
33
0
1
0
1
0
0
1
3
1
4
4
8200
0
0
9
134217728
1000
250
1
0
1
0
0
1

3
1
1
1
8217
0
2
10
268435456
3000
500
100
1
0
1
0
0
1

3
1
1
1
8224
0
2
10
134217728
2000
1000
100
1
0
1
0
0
1

3
1
2
1
8232
0
1
11
134217728
1000
500
63
0
1
0
1
0
0
1
3
1
2
1
8245
0
0
9
134217728
2000
100
1
0
1
0
0
1

3
1
2
1
8267
0
0
9
134217728
4000
50
1
0
1
0
0
1

3
1
8
8
8293
0
0
9
268435456
1000
250
1
0
1
0
0
1

3
1
8
1
8316
0
2
10
134217728
1000
1000
100
1
0
1
0
0
1

3
1
4
4
8318
0
2
10
268435456
3000
50
1
1
0
1
0
0
1

3
1
4
2
8324
0
0
9
268435456
1000
250
1
0
1
0
0
1

3
1
2
1
8329
0
0
9
268435456
1000
50
1
0
1
0
0
1

3
1
1
1
8338
0
1
11
67108864
3000
250
78
0
1
0
1
0
0
1
3
1
2
1
8341
0
0
9
268435456
2000
250
1
0
1
0
0
1

3
1
8
8
8369
0
0
9
134217728
1000
250
1
0
1
0
0
1

3
1
4
2
8387
0
2
10
268435456
2000
250
100
1
0
1
0
0
1

3
1
2
2
8413
0
2
10
268435456
1000
500
1
1
0
1
0
0
1

3
1
8
1
8428
0
0
9
67108864
4000
50
1
0
1
0
0
1

3
1
1
1
8444
0
0
9
67108864
2000
50
1
0
1
0
0
1

3
1
1
1
8459
0
2
10
134217728
4000
100
1000
1
0
1
0
0
1

3
1
2
1
8488
0
0
9
67108864
2000
50
1
0
1
0
0
1

3
1
1
1
8507
0
2
10
268435456
1000
100
100
1
0
1
0
0
1

3
1
2
2
8509
0
0
9
134217728
3000
100
1
0
1
0
0
1

3
1
4
2
8529
0
1
12
268435456
2000
100
50
1
1
0
1
0
0
1
0
3
1
8
2
8538
0
0
9
67108864
3000
100
1
0
1
0
0
1

3
1
2
1
8555
0
2
10
134217728
1000
500
10
1
0
1
0
0
1

3
1
8
8
8558
0
1
12
268435456
1000
500
31
1
1
0
1
0
0
1
0
3
1
2
2
8566
0
1
11
134217728
3000
250
63
0
1
0
1
0
0
1
3
1
4
2
8595
0
2
10
134217728
2000
500
5
1
0
1
0
0
1

3
1
4
4
8617
0
0
9
67108864
2000
50
1
0
1
0
0
1

3
1
2
1
8634
0
0
9
268435456
2000
500
1
0
1
0
0
1

3
1
8
2
8646
0
0
9
67108864
1000
1000
1
0
1
0
0
1

3
1
1
1
8673
0
0
9
134217728
3000
100
1
0
1
0
0
1

3
1
2
1
8701
0
1
11
67108864
1000
500
1
0
1
0
1
0
0
1
3
1
8
2
8721
0
1
11
67108864
4000
100
72
0
1
0
1
0
0
1
3
1
8
4
8739
0
0
9
67108864
3000
100
1
0
1
0
0
1

3
1
4
4
8764
0
1
12
134217728
1000
100
81
1
1
0
1
0
0
1
0
3
1
4
4
8787
0
2
10
268435456
3000
500
1000
1
0
1
0
0
1

3
1
2
2
8811
0
1
12
134217728
1000
100
23
1
1
0
1
0
0
1
0
3
1
8
4
8817
0
0
9
134217728
1000
250
1
0
1
0
0
1

3
1
1
1
8839
0
2
10
67108864
2000
50
10
1
0
1
0
0
1

3
1
2
1
8862
0
2
10
134217728
1000
500
5
1
0
1
0
0
1

3
1
8
4
8877
0
0
9
67108864
2000
100
1
0
1
0
0
1

3
1
4
4
8898
0
1
12
134217728
3000
100
31
1
1
0
1
0
0
1
0
3
1
2
1
8905
0
0
9
268435456
3000
100
1
0
1
0
0
1

3
1
8
2
8906
0
2
10
268435456
3000
250
5
1
0
1
0
0
1

3
1
1
1
8936
0
1
12
134217728
1000
50
10
1
1
0
1
0
0
1
0
3
1
4
1
8961
0
0
9
67108864
1000
250
1
0
1
0
0
1

3
1
2
1
8987
0
2
10
134217728
3000
100
1000
1
0
1
0
0
1

3
1
1
1
9015
0
2
10
67108864
4000
100
100
1
0
1
0
0
1

3
1
4
2
9016
0
2
10
268435456
3000
500
10
1
0
1
0
0
1

3
1
1
1
9043
0
0
9
268435456
3000
250
1
0
1
0
0
1

3
1
4
4
9057
0
2
10
134217728
3000
1000
100
1
0
1
0
0
1

3
1
1
1
9073
0
2
10
268435456
1000
500
100
1
0
1
0
0
1

3
1
4
1
9079
0
2
10
67108864
2000
250
10
1
0
1
0
0
1

3
1
4
1
9085
0
2
10
268435456
1000
100
5
1
0
1
0
0
1

3
1
2
1
9090
0
1
12
67108864
1000
250
21
1
1
0
1
0
0
1
0
3
1
4
4
9112
0
2
10
268435456
3000
50
1000
1
0
1
0
0
1

3
1
2
1
9120
0
1
11
268435456
3000
100
66
0
1
0
1
0
0
1
3
1
8
4
9139
0
2
10
268435456
2000
50
1000
1
0
1
0
0
1

3
1
4
2
9153
0
1
11
67108864
3000
50
49
0
1
0
1
0
0
1
3
1
1
1
9164
0
1
11
134217728
2000
250
75
0
1
0
1
0
0
1
3
1
8
1
9183
0
1
11
67108864
4000
1000
22
0
1
0
1
0
0
1
3
1
1
1
9195
0
2
10
134217728
1000
50
1000
1
0
1
0
0
1

3
1
1
1
9216
0
1
11
67108864
2000
1000
85
0
1
0
1
0
0
1
3
1
4
2
9223
0
0
9
134217728
1000
100
1
0
1
0
0
1

3
1
2
1
9242
0
2
10
134217728
2000
1000
1000
1
0
1
0
0
1

3
1
2
1
9261
0
2
10
134217728
2000
100
1
1
0
1
0
0
1

3
1
2
1
9284
0
0
9
67108864
2000
1000
1
0
1
0
0
1

3
1
8
2
9301
0
2
10
268435456
3000
500
100
1
0
1
0
0
1

3
1
2
1
9317
0
2
10
67108864
3000
100
10
1
0
1
0
0
1

3
1
2
2
9328
0
0
9
134217728
3000
50
1
0
1
0
0
1

3
1
4
1
9344
0
0
9
67108864
3000
100
1
0
1
0
0
1

3
1
8
8
9357
0
0
9
268435456
1000
250
1
0
1
0
0
1

3
1
4
1
9376
0
0
9
67108864
1000
250
1
0
1
0
0
1

3
1
1
1
9382
0
2
10
268435456
2000
50
1
1
0
1
0
0
1

3
1
1
1
9393
0
2
10
134217728
2000
1000
1000
1
0
1
0
0
1

3
1
2
2
9404
0
0
9
134217728
1000
50
1
0
1
0
0
1

3
1
1
1
9413
0
2
10
134217728
3000
500
5
1
0
1
0
0
1

3
1
1
1
9422
0
1
11
134217728
2000
250
9
0
1
0
1
0
0
1
3
1
4
2
9432
0
1
12
67108864
2000
100
59
1
1
0
1
0
0
1
0
3
1
8
8
9452
0
1
12
67108864
3000
1000
71
1
1
0
1
0
0
1
0
3
1
1
1
9479
0
2
10
268435456
1000
100
100
1
0
1
0
0
1

3
1
8
4
9490
0
2
10
268435456
1000
500
1000
1
0
1
0
0
1

3
1
1
1
9505
0
0
9
67108864
3000
1000
1
0
1
0
0
1

3
1
2
1
9507
0
0
9
67108864
2000
50
1
0
1
0
0
1

3
1
8
2
9515
0
1
12
134217728
1000
1000
50
1
1
0
1
0
0
1
0
3
1
4
4
9538
0
2
10
268435456
1000
50
10
1
0
1
0
0
1

3
1
1
1
9550
0
2
10
67108864
2000
50
1000
1
0
1
0
0
1

3
1
1
1
9574
0
1
12
268435456
1000
500
98
1
1
0
1
0
0
1
0
3
1
2
1
9575
0
1
12
134217728
2000
1000
68
1
1
0
1
0
0
1
0
3
1
4
2
9592
0
0
9
268435456
2000
500
1
0
1
0
0
1

3
1
1
1
9603
0
2
10
134217728
4000
250
1000
1
0
1
0
0
1

3
1
1
1
9631
0
1
12
268435456
3000
50
38
1
1
0
1
0
0
1
0
3
1
1
1
9636
0
1
11
268435456
3000
500
92
0
1
0
1
0
0
1
3
1
2
1
9645
0
1
11
134217728
4000
500
36
0
1
0
1
0
0
1
3
1
1
1
9655
0
1
11
134217728
4000
1000
97
0
1
0
1
0
0
1
3
1
2
1
9669
0
2
10
268435456
3000
50
100
1
0
1
0
0
1

3
1
1
1
9679
0
1
11
268435456
3000
50
63
0
1
0
1
0
0
1
3
1
1
1
9685
0
1
12
268435456
3000
500
76
1
1
0
1
0
0
1
0
3
1
2
1
9708
0
2
10
268435456
1000
250
5
1
0
1
0
0
1

3
1
1
1
9713
0
1
11
268435456
1000
500
67
0
1
0
1
0
0
1
3
1
2
2
9731
0
1
11
268435456
3000
500
41
0
1
0
1
0
0
1
3
1
2
1
9743
0
1
11
134217728
2000
100
58
0
1
0
1
0
0
1
3
1
4
2
9750
0
0
9
67108864
1000
100
1
0
1
0
0
1

3
1
1
1
9760
0
1
12
134217728
4000
50
9
1
1
0
1
0
0
1
0
3
1
2
2
9770
0
2
10
67108864
2000
100
10
1
0
1
0
0
1

3
1
2
2
9771
0
0
9
134217728
2000
100
1
0
1
0
0
1

3
1
8
4
9774
0
0
9
134217728
4000
250
1
0
1
0
0
1

3
1
4
2
9802
0
1
11
67108864
1000
500
4
0
1
0
1
0
0
1
3
1
8
8
9804
0
2
10
268435456
2000
250
1000
1
0
1
0
0
1

3
1
4
1
9834
0
0
9
134217728
2000
250
1
0
1
0
0
1

3
1
1
1
9842
0
0
9
134217728
4000
100
1
0
1
0
0
1

3
1
2
1
9851
0
1
11
67108864
4000
1000
43
0
1
0
1
0
0
1
3
1
1
1
9880
0
1
11
268435456
1000
500
93
0
1
0
1
0
0
1
3
1
8
2
9888
0
0
9
67108864
2000
50
1
0
1
0
0
1

3
1
2
1
9890
0
2
10
134217728
3000
100
5
1
0
1
0
0
1

3
1
4
2
9903
0
0
9
67108864
3000
500
1
0
1
0
0
1

3
1
1
1
9915
0
1
11
67108864
1000
250
32
0
1
0
1
0
0
1
3
1
2
1
9935
0
2
10
67108864
2000
500
100
1
0
1
0
0
1

3
1
2
1
9956
0
1
12
67108864
2000
500
12
1
1
0
1
0
0
1
0
3
1
8
1
9983
0
0
9
268435456
2000
500
1
0
1
0
0
1

3
1
1
1
9986
0
0
9
67108864
4000
250
1
0
1
0
0
1

3
1
1
1
10016
0
1
11
67108864
3000
100
7
0
1
0
1
0
0
1
3
1
4
2
10041
0
1
11
268435456
1000
50
70
0
1
0
1
0
0
1
3
1
8
4
10068
0
0
9
268435456
3000
500
1
0
1
0
0
1

3
1
8
8
10096
0
2
10
134217728
4000
1000
10
1
0
1
0
0
1

3
1
8
1
10123
0
2
10
67108864
3000
250
100
1
0
1
0
0
1

3
1
2
1
10147
0
0
9
268435456
3000
50
1
0
1
0
0
1

3
1
1
1
10162
0
0
9
134217728
4000
500
1
0
1
0
0
1

3
1
8
1
10177
0
0
9
134217728
3000
100
1
0
1
0
0
1

3
1
2
1
10198
0
2
10
134217728
4000
250
100
1
0
1
0
0
1

3
1
8
2
10208
0
2
10
134217728
2000
500
1
1
0
1
0
0
1

3
1
1
1
10209
0
1
11
268435456
3000
250
10
0
1
0
1
0
0
1
3
1
8
2
10214
0
1
12
134217728
1000
500
18
1
1
0
1
0
0
1
0
3
1
1
1
10231
0
0
9
67108864
3000
50
1
0
1
0
0
1

3
1
4
1
10251
0
2
10
134217728
3000
100
10
1
0
1
0
0
1

3
1
1
1
10273
0
1
12
268435456
3000
500
90
1
1
0
1
0
0
1
0
3
1
1
1
10284
0
2
10
268435456
2000
50
10
1
0
1
0
0
1

3
1
1
1
10287
0
1
11
268435456
1000
500
13
0
1
0
1
0
0
1
3
1
1
1
10292
0
2
10
134217728
1000
1000
5
1
0
1
0
0
1

3
1
2
1
10296
0
2
10
134217728
2000
250
1
1
0
1
0
0
1

3
1
8
8
10307
0
1
11
67108864
2000
250
78
0
1
0
1
0
0
1
3
1
8
2
10335
0
1
11
134217728
1000
500
46
0
1
0
1
0
0
1
3
1
4
2
10341
0
0
9
67108864
2000
100
1
0
1
0
0
1

3
1
1
1
10359
0
2
10
67108864
3000
1000
1000
1
0
1
0
0
1

3
1
1
1
10377
0
1
11
134217728
4000
250
12
0
1
0
1
0
0
1
3
1
4
2
10379
0
0
9
134217728
3000
100
1
0
1
0
0
1

3
1
2
1
10385
0
1
12
134217728
4000
50
26
1
1
0
1
0
0
1
0
3
1
1
1
10399
0
1
12
134217728
3000
500
36
1
1
0
1
0
0
1
0
3
1
2
1
10416
0
0
9
268435456
3000
500
1
0
1
0
0
1

3
1
8
4
10421
0
0
9
268435456
3000
50
1
0
1
0
0
1

3
1
1
1
10436
0
2
10
134217728
3000
500
100
1
0
1
0
0
1

3
1
8
4
10459
0
2
10
268435456
3000
500
1
1
0
1
0
0
1

3
1
1
1
10461
0
0
9
134217728
3000
500
1
0
1
0
0
1

3
1
1
1
10487
0
0
9
134217728
4000
250
1
0
1
0
0
1

3
1
1
1
10509
0
0
9
134217728
2000
100
1
0
1
0
0
1

3
1
8
8
10530
0
2
10
67108864
3000
500
10
1
0
1
0
0
1

3
1
8
2
10553
0
2
10
268435456
1000
50
5
1
0
1
0
0
1

3
1
8
4
10563
0
1
12
67108864
4000
50
4
1
1
0
1
0
0
1
0
3
1
2
2
10591
0
0
9
67108864
2000
100
1
0
1
0
0
1

3
1
8
1
10618
0
0
9
134217728
4000
100
1
0
1
0
0
1

3
1
4
4
10643
0
2
10
268435456
3000
500
10
1
0
1
0
0
1

3
1
8
8
10664
0
0
9
67108864
2000
50
1
0
1
0
0
1

3
1
1
1
10687
0
2
10
268435456
3000
500
5
1
0
1
0
0
1

3
1
1
1
10688
0
2
10
67108864
3000
100
100
1
0
1
0
0
1

3
1
4
2
10708
0
2
10
134217728
4000
50
1
1
0
1
0
0
1

3
1
8
8
10716
0
1
11
67108864
3000
250
57
0
1
0
1
0
0
1
3
1
2
2
10735
0
0
9
67108864
2000
250
1
0
1
0
0
1

3
1
1
1
10739
0
0
9
268435456
1000
500
1
0
1
0
0
1

3
1
4
1
10756
0
1
11
67108864
4000
500
76
0
1
0
1
0
0
1
3
1
1
1
10774
0
2
10
67108864
2000
500
100
1
0
1
0
0
1

3
1
4
2
10780
0
1
11
134217728
4000
50
62
0
1
0
1
0
0
1
3
1
1
1
10788
0
0
9
67108864
1000
500
1
0
1
0
0
1

3
1
4
4
10792
0
0
9
268435456
1000
100
1
0
1
0
0
1

3
1
8
1
10821
0
2
10
268435456
3000
250
5
1
0
1
0
0
1

3
1
4
2
10848
0
1
12
67108864
4000
100
73
1
1
0
1
0
0
1
0
3
1
1
1
10856
0
0
9
268435456
3000
100
1
0
1
0
0
1

3
1
4
1
10865
0
0
9
268435456
1000
250
1
0
1
0
0
1

3
1
1
1
10891
0
1
12
134217728
1000
1000
96
1
1
0
1
0
0
1
0
3
1
1
1
10918
0
1
12
134217728
2000
1000
51
1
1
0
1
0
0
1
0
3
1
1
1
10935
0
1
11
67108864
3000
100
33
0
1
0
1
0
0
1
3
1
2
2
10950
0
0
9
67108864
1000
50
1
0
1
0
0
1

3
1
8
4
10976
0
2
10
268435456
2000
100
100
1
0
1
0
0
1

3
1
2
1
10998
0
0
9
67108864
3000
100
1
0
1
0
0
1

3
1
1
1
11001
0
2
10
67108864
2000
250
1
1
0
1
0
0
1

3
1
2
1
11015
0
1
11
268435456
2000
100
35
0
1
0
1
0
0
1
3
1
1
1
11018
0
0
9
268435456
2000
50
1
0
1
0
0
1

3
1
1
1
11033
0
1
11
67108864
3000
250
81
0
1
0
1
0
0
1
3
1
8
1
11046
0
0
9
268435456
3000
500
1
0
1
0
0
1

3
1
2
1
11051
0
2
10
268435456
1000
250
10
1
0
1
0
0
1

3
1
4
1
11069
0
0
9
134217728
1000
250
1
0
1
0
0
1

3
1
1
1
11078
0
0
9
67108864
4000
1000
1
0
1
0
0
1

3
1
8
2
11093
0
2
10
67108864
2000
250
100
1
0
1
0
0
1

3
1
1
1
11118
0
0
9
268435456
2000
50
1
0
1
0
0
1

3
1
8
2
11141
0
0
9
67108864
2000
1000
1
0
1
0
0
1

3
1
1
1
11171
0
2
10
268435456
1000
100
100
1
0
1
0
0
1

3
1
1
1
11183
0
1
11
134217728
4000
1000
5
0
1
0
1
0
0
1
3
1
1
1
11211
0
0
9
134217728
2000
1000
1
0
1
0
0
1

3
1
4
2
11233
0
1
11
134217728
2000
250
51
0
1
0
1
0
0
1
3
1
2
1
11250
0
2
10
67108864
4000
250
1
1
0
1
0
0
1

3
1
4
2
11267
0
1
11
268435456
2000
250
32
0
1
0
1
0
0
1
3
1
8
4
11292
0
2
10
268435456
3000
250
5
1
0
1
0
0
1

3
1
8
4
11319
0
2
10
134217728
1000
1000
5
1
0
1
0
0
1

3
1
1
1
11325
0
1
12
268435456
3000
50
37
1
1
0
1
0
0
1
0
3
1
2
2
11345
0
0
9
268435456
3000
50
1
0
1
0
0
1

3
1
8
4
11367
0
2
10
67108864
4000
1000
10
1
0
1
0
0
1

3
1
2
1
11379
0
2
10
67108864
2000
500
1
1
0
1
0
0
1

3
1
8
2
11405
0
2
10
67108864
1000
500
1000
1
0
1
0
0
1

3
1
8
1
11411
0
0
9
134217728
3000
250
1
0
1
0
0
1

3
1
2
1
11432
0
1
12
268435456
3000
100
64
1
1
0
1
0
0
1
0
3
1
1
1
11435
0
1
12
268435456
3000
500
99
1
1
0
1
0
0
1
0
3
1
2
1
11461
0
2
10
67108864
1000
1000
10
1
0
1
0
0
1

3
1
1
1
11491
0
2
10
268435456
3000
100
100
1
0
1
0
0
1

3
1
8
1
11506
0
2
10
134217728
2000
250
100
1
0
1
0
0
1

3
1
4
2
11507
0
1
12
268435456
2000
100
60
1
1
0
1
0
0
1
0
3
1
8
8
11514
0
0
9
67108864
3000
50
1
0
1
0
0
1

3
1
8
8
11526
0
0
9
268435456
2000
250
1
0
1
0
0
1

3
1
2
2
11537
0
2
10
268435456
3000
500
5
1
0
1
0
0
1

3
1
8
1
11554
0
1
11
134217728
3000
500
81
0
1
0
1
0
0
1
3
1
4
1
11578
0
2
10
67108864
4000
250
1
1
0
1
0
0
1

3
1
2
1
11606
0
0
9
67108864
1000
50
1
0
1
0
0
1

3
1
8
8
11608
0
1
12
67108864
1000
250
50
1
1
0
1
0
0
1
0
3
1
2
1
11630
0
0
9
268435456
3000
500
1
0
1
0
0
1

3
1
4
2
11647
0
2
10
134217728
3000
1000
100
1
0
1
0
0
1

3
1
1
1
11649
0
1
11
268435456
2000
500
41
0
1
0
1
0
0
1
3
1
4
2
11679
0
2
10
67108864
3000
100
100
1
0
1
0
0
1

3
1
4
4
11692
0
1
11
134217728
2000
250
99
0
1
0
1
0
0
1
3
1
1
1
11713
0
0
9
67108864
4000
250
1
0
1
0
0
1

3
1
1
1
11718
0
0
9
67108864
3000
50
1
0
1
0
0
1

3
1
8
8
11745
0
2
10
268435456
2000
250
100
1
0
1
0
0
1

3
1
1
1
11754
0
0
9
67108864
3000
250
1
0
1
0
0
1

3
1
2
1
11766
0
0
9
134217728
3000
1000
1
0
1
0
0
1

3
1
1
1
11784
0
0
9
134217728
3000
50
1
0
1
0
0
1

3
1
4
1
11812
0
0
9
268435456
3000
50
1
0
1
0
0
1

3
1
8
1
11820
0
0
9
268435456
2000
500
1
0
1
0
0
1

3
1
2
1
11838
0
0
9
67108864
1000
50
1
0
1
0
0
1

3
1
2
2
11865
0
2
10
134217728
4000
1000
100
1
0
1
0
0
1

3
1
1
1
11890
0
2
10
268435456
3000
250
1
1
0
1
0
0
1

3
1
4
4
11905
0
0
9
268435456
1000
50
1
0
1
0
0
1

3
1
4
2
11925
0
1
11
268435456
3000
500
23
0
1
0
1
0
0
1
3
1
1
1
11933
0
1
11
268435456
3000
500
68
0
1
0
1
0
0
1
3
1
1
1
11961
0
0
9
134217728
4000
500
1
0
1
0
0
1

3
1
8
1
11975
0
2
10
268435456
2000
500
1
1
0
1
0
0
1

3
1
4
2
11982
0
1
12
268435456
3000
250
75
1
1
0
1
0
0
1
0
3
1
4
1
11988
0
1
11
134217728
3000
1000
67
0
1
0
1
0
0
1
3
1
2
1
11992
0
1
11
268435456
3000
500
36
0
1
0
1
0
0
1
3
1
2
1
12000
0
0
9
67108864
2000
100
1
0
1
0
0
1

3
1
2
1
12004
0
0
9
67108864
1000
50
1
0
1
0
0
1

3
1
2
1
12016
0
0
9
134217728
1000
1000
1
0
1
0
0
1

3
1
2
1
12019
0
2
10
268435456
3000
100
1
1
0
1
0
0
1

3
1
2
1
12037
0
0
9
134217728
1000
1000
1
0
1
0
0
1

3
1
2
1
12049
0
0
9
67108864
3000
1000
1
0
1
0
0
1

3
1
2
1
12067
0
1
11
134217728
2000
50
17
0
1
0
1
0
0
1
3
1
2
2
12089
0
0
9
134217728
4000
500
1
0
1
0
0
1

3
1
1
1
12111
0
2
10
134217728
3000
50
1000
1
0
1
0
0
1

3
1
4
1
12131
0
2
10
268435456
3000
250
1
1
0
1
0
0
1

3
1
2
1
12143
0
0
9
67108864
2000
100
1
0
1
0
0
1

3
1
1
1
12145
0
1
12
134217728
4000
50
92
1
1
0
1
0
0
1
0
3
1
8
2
12163
0
0
9
268435456
1000
250
1
0
1
0
0
1

3
1
2
1
12172
0
1
12
268435456
2000
250
42
1
1
0
1
0
0
1
0
3
1
4
1
12174
0
0
9
268435456
3000
50
1
0
1
0
0
1

3
1
8
2
12179
0
1
11
134217728
1000
1000
60
0
1
0
1
0
0
1
3
1
2
2
12190
0
1
12
67108864
3000
100
97
1
1
0
1
0
0
1
0
3
1
4
2
12192
0
2
10
134217728
2000
1000
1000
1
0
1
0
0
1

3
1
8
1
12212
0
2
10
67108864
2000
500
1000
1
0
1
0
0
1

3
1
8
1
12214
0
0
9
134217728
4000
1000
1
0
1
0
0
1

3
1
4
1
12217
0
0
9
67108864
1000
250
1
0
1
0
0
1

3
1
4
2
12220
0
1
12
268435456
3000
50
79
1
1
0
1
0
0
1
0
3
1
8
2
12241
0
1
11
134217728
3000
100
50
0
1
0
1
0
0
1
3
1
8
8
12256
0
0
9
268435456
3000
250
1
0
1
0
0
1

3
1
2
1
12274
0
1
12
134217728
4000
250
75
1
1
0
1
0
0
1
0
3
1
4
1
12303
0
2
10
67108864
2000
1000
1
1
0
1
0
0
1

3
1
2
1
12322
0
0
9
268435456
3000
50
1
0
1
0
0
1

3
1
2
2
12336
0
0
9
268435456
2000
250
1
0
1
0
0
1

3
1
4
2
12359
0
0
9
134217728
4000
250
1
0
1
0
0
1

3
1
2
1
12364
0
0
9
67108864
1000
50
1
0
1
0
0
1

3
1
8
2
12367
0
1
11
67108864
3000
50
61
0
1
0
1
0
0
1
3
1
8
4
12396
0
2
10
134217728
4000
500
5
1
0
1
0
0
1

3
1
2
1
12402
0
1
11
134217728
1000
250
92
0
1
0
1
0
0
1
3
1
2
1
12426
0
1
12
67108864
3000
500
41
1
1
0
1
0
0
1
0
3
1
1
1
12450
0
0
9
67108864
4000
1000
1
0
1
0
0
1

3
1
8
8
12453
0
0
9
134217728
3000
100
1
0
1
0
0
1

3
1
8
1
12483
0
0
9
134217728
3000
500
1
0
1
0
0
1

3
1
8
1
12488
0
2
10
268435456
3000
50
1
1
0
1
0
0
1

3
1
2
2
12512
0
0
9
134217728
4000
100
1
0
1
0
0
1

3
1
8
4
12531
0
2
10
67108864
1000
250
100
1
0
1
0
0
1

3
1
1
1
12543
0
1
12
67108864
2000
250
2
1
1
0
1
0
0
1
0
3
1
1
1
12550
0
2
10
268435456
1000
250
100
1
0
1
0
0
1

3
1
1
1
12554
0
0
9
268435456
2000
500
1
0
1
0
0
1

3
1
2
2
12582
0
1
12
134217728
2000
500
88
1
1
0
1
0
0
1
0
3
1
2
1
12592
0
1
12
268435456
3000
100
19
1
1
0
1
0
0
1
0
3
1
2
1
12611
0
2
10
134217728
2000
50
5
1
0
1
0
0
1

3
1
2
1
12641
0
2
10
268435456
3000
50
10
1
0
1
0
0
1

3
1
4
4
12642
0
2
10
67108864
3000
500
10
1
0
1
0
0
1

3
1
2
1
12671
0
0
9
134217728
2000
50
1
0
1
0
0
1

3
1
2
1
12687
0
1
11
268435456
3000
50
82
0
1
0
1
0
0
1
3
1
2
1
12698
0
0
9
134217728
1000
250
1
0
1
0
0
1

3
1
8
4
12716
0
0
9
134217728
3000
50
1
0
1
0
0
1

3
1
1
1
12735
0
1
11
134217728
2000
50
1
0
1
0
1
0
0
1
3
1
1
1
12760
0
0
9
67108864
1000
500
1
0
1
0
0
1

3
1
4
1
12778
0
2
10
134217728
1000
50
5
1
0
1
0
0
1

3
1
8
2
12787
0
2
10
67108864
4000
50
1
1
0
1
0
0
1

3
1
4
2
12796
0
2
10
67108864
4000
100
1000
1
0
1
0
0
1

3
1
4
4
12797
0
0
9
268435456
3000
500
1
0
1
0
0
1

3
1
4
4
12801
0
2
10
134217728
3000
500
10
1
0
1
0
0
1

3
1
1
1
12808
0
1
12
67108864
4000
50
85
1
1
0
1
0
0
1
0
3
1
1
1
12825
0
2
10
67108864
3000
50
100
1
0
1
0
0
1

3
1
1
1
12841
0
2
10
67108864
3000
50
1000
1
0
1
0
0
1

3
1
1
1
12848
0
1
12
67108864
1000
100
77
1
1
0
1
0
0
1
0
3
1
4
4
12865
0
2
10
67108864
1000
500
5
1
0
1
0
0
1

3
1
8
2
12881
0
2
10
268435456
2000
500
10
1
0
1
0
0
1

3
1
8
8
12900
0
2
10
134217728
2000
500
10
1
0
1
0
0
1

3
1
2
1
12916
0
1
12
134217728
3000
50
73
1
1
0
1
0
0
1
0
3
1
8
2
12920
0
2
10
67108864
1000
500
1000
1
0
1
0
0
1

3
1
8
2
12928
0
1
12
67108864
3000
500
68
1
1
0
1
0
0
1
0
3
1
4
2
12945
0
2
10
134217728
1000
100
100
1
0
1
0
0
1

3
1
1
1
12949
0
2
10
268435456
1000
250
1
1
0
1
0
0
1

3
1
2
1
12962
0
1
12
134217728
1000
50
10
1
1
0
1
0
0
1
0
3
1
1
1
12984
0
2
10
67108864
4000
500
10
1
0
1
0
0
1

3
1
4
1
13009
0
2
10
134217728
4000
250
1
1
0
1
0
0
1

3
1
2
2
13035
0
2
10
268435456
3000
250
1000
1
0
1
0
0
1

3
1
4
2
13064
0
2
10
268435456
3000
500
1
1
0
1
0
0
1

3
1
1
1
13093
0
2
10
134217728
4000
500
1
1
0
1
0
0
1

3
1
2
1
13123
0
1
12
268435456
2000
100
51
1
1
0
1
0
0
1
0
3
1
8
4
13124
0
2
10
67108864
2000
100
10
1
0
1
0
0
1

3
1
1
1
13143
0
2
10
67108864
4000
50
1
1
0
1
0
0
1

3
1
8
8
13165
0
1
12
268435456
2000
50
74
1
1
0
1
0
0
1
0
3
1
2
1
13194
0
1
11
67108864
2000
250
11
0
1
0
1
0
0
1
3
1
8
1
13200
0
1
11
67108864
2000
1000
13
0
1
0
1
0
0
1
3
1
4
4
13201
0
2
10
268435456
3000
100
5
1
0
1
0
0
1

3
1
4
2
13204
0
1
11
67108864
1000
250
81
0
1
0
1
0
0
1
3
1
2
2
13215
0
1
12
134217728
3000
500
51
1
1
0
1
0
0
1
0
3
1
2
1
13227
0
1
11
67108864
3000
500
91
0
1
0
1
0
0
1
3
1
1
1
13255
0
1
11
67108864
1000
500
72
0
1
0
1
0
0
1
3
1
2
1
13260
0
1
11
268435456
2000
50
9
0
1
0
1
0
0
1
3
1
4
2
13261
0
2
10
134217728
4000
50
100
1
0
1
0
0
1

3
1
4
2
13286
0
1
12
134217728
3000
50
50
1
1
0
1
0
0
1
0
3
1
4
4
13295
0
1
11
134217728
2000
500
70
0
1
0
1
0
0
1
3
1
2
1
13313
0
1
11
268435456
3000
500
57
0
1
0
1
0
0
1
3
1
2
1
13333
0
2
10
268435456
3000
50
5
1
0
1
0
0
1

3
1
8
2
13347
0
1
11
67108864
1000
250
47
0
1
0
1
0
0
1
3
1
1
1
13353
0
2
10
134217728
2000
500
100
1
0
1
0
0
1

3
1
1
1
13373
0
2
10
268435456
1000
500
5
1
0
1
0
0
1

3
1
8
1
13397
0
1
11
268435456
3000
250
42
0
1
0
1
0
0
1
3
1
4
1
13400
0
1
12
67108864
1000
1000
33
1
1
0
1
0
0
1
0
3
1
1
1
13413
0
2
10
268435456
2000
100
5
1
0
1
0
0
1

3
1
4
2
13426
0
1
11
67108864
2000
50
48
0
1
0
1
0
0
1
3
1
4
2
13446
0
2
10
268435456
1000
500
1
1
0
1
0
0
1

3
1
8
2
13468
0
2
10
268435456
3000
250
1000
1
0
1
0
0
1

3
1
1
1
13477
0
1
11
67108864
3000
100
91
0
1
0
1
0
0
1
3
1
2
1
13503
0
1
11
67108864
4000
50
58
0
1
0
1
0
0
1
3
1
1
1
13504
0
1
11
268435456
3000
250
96
0
1
0
1
0
0
1
3
1
1
1
13514
0
1
12
268435456
3000
500
28
1
1
0
1
0
0
1
0
3
1
4
4
13515
0
2
10
268435456
3000
50
1000
1
0
1
0
0
1

3
1
4
4
13527
0
1
12
67108864
3000
250
89
1
1
0
1
0
0
1
0
3
1
4
2
13539
0
2
10
268435456
2000
500
10
1
0
1
0
0
1

3
1
4
1
13564
0
2
10
134217728
3000
100
100
1
0
1
0
0
1

3
1
2
1
13581
0
1
11
67108864
3000
1000
4
0
1
0
1
0
0
1
3
1
1
1
13603
0
1
12
268435456
3000
500
96
1
1
0
1
0
0
1
0
3
1
8
8
13633
0
2
10
268435456
1000
50
100
1
0
1
0
0
1

3
1
4
2
13645
0
1
12
134217728
4000
1000
97
1
1
0
1
0
0
1
0
3
1
4
4
13668
0
1
12
67108864
2000
500
93
1
1
0
1
0
0
1
0
3
1
2
1
13673
0
2
10
67108864
3000
250
100
1
0
1
0
0
1

3
1
2
1
13675
0
2
10
134217728
3000
1000
1000
1
0
1
0
0
1

3
1
8
2
13677
0
1
11
268435456
3000
500
13
0
1
0
1
0
0
1
3
1
8
8
13702
0
1
12
67108864
4000
1000
20
1
1
0
1
0
0
1
0
3
1
2
1
13720
0
1
11
67108864
1000
250
4
0
1
0
1
0
0
1
3
1
1
1
13729
0
1
12
268435456
3000
250
40
1
1
0
1
0
0
1
0
3
1
1
1
13756
0
1
11
268435456
2000
100
18
0
1
0
1
0
0
1
3
1
4
2
13760
0
1
12
67108864
4000
50
28
1
1
0
1
0
0
1
0
3
1
2
1
13762
0
1
11
134217728
3000
1000
20
0
1
0
1
0
0
1
3
1
2
2
13779
0
1
12
67108864
3000
100
21
1
1
0
1
0
0
1
0
3
1
8
1
13784
0
1
12
67108864
2000
1000
46
1
1
0
1
0
0
1
0
3
1
2
1
13813
0
1
11
67108864
3000
250
91
0
1
0
1
0
0
1
3
1
1
1
13832
0
1
11
134217728
4000
1000
10
0
1
0
1
0
0
1
3
1
2
1
13852
0
1
11
134217728
3000
100
94
0
1
0
1
0
0
1
3
1
4
2
13868
0
1
11
67108864
3000
500
21
0
1
0
1
0
0
1
3
1
1
1
13872
0
1
11
268435456
3000
500
61
0
1
0
1
0
0
1
3
1
2
2
13891
0
1
12
268435456
1000
500
53
1
1
0
1
0
0
1
0
3
1
4
1
13902
0
1
11
134217728
3000
500
73
0
1
0
1
0
0
1
3
1
8
1
13911
0
1
12
67108864
1000
250
93
1
1
0
1
0
0
1
0
3
1
8
1
13941
0
1
12
268435456
2000
500
40
1
1
0
1
0
0
1
0
3
1
2
2
13946
0
1
12
268435456
1000
500
21
1
1
0
1
0
0
1
0
3
1
1
1
13947
0
1
12
268435456
3000
250
96
1
1
0
1
0
0
1
0
3
1
4
2
13965
0
1
11
268435456
3000
100
83
0
1
0
1
0
0
1
3
1
8
1
13970
0
1
12
268435456
2000
250
66
1
1
0
1
0
0
1
0
3
1
8
1
13980
0
1
12
67108864
1000
250
9
1
1
0
1
0
0
1
0
3
1
8
4
14001
0
1
11
268435456
1000
500
60
0
1
0
1
0
0
1
3
1
4
1
14028
0
1
11
67108864
1000
250
6
0
1
0
1
0
0
1
3
1
2
1
14045
0
1
11
67108864
1000
50
3
0
1
0
1
0
0
1
3
1
8
1
14066
0
1
11
268435456
3000
250
75
0
1
0
1
0
0
1
3
1
2
1
14088
0
1
12
67108864
4000
50
49
1
1
0
1
0
0
1
0
3
1
1
1
14106
0
1
12
67108864
1000
500
17
1
1
0
1
0
0
1
0
3
1
8
4
14117
0
1
12
268435456
2000
250
92
1
1
0
1
0
0
1
0
3
1
8
1
14129
0
1
11
134217728
1000
50
57
0
1
0
1
0
0
1
3
1
8
1
14142
0
1
12
67108864
3000
500
85
1
1
0
1
0
0
1
0
3
1
4
2
14149
0
1
12
134217728
4000
250
13
1
1
0
1
0
0
1
0
3
1
2
1
14174
0
1
12
67108864
3000
100
47
1
1
0
1
0
0
1
0
3
1
1
1
14196
0
1
12
67108864
2000
1000
92
1
1
0
1
0
0
1
0
3
1
4
2
14214
0
1
11
268435456
1000
100
78
0
1
0
1
0
0
1
3
1
8
8
14223
0
1
12
268435456
3000
50
3
1
1
0
1
0
0
1
0
3
1
1
1
14248
0
1
11
67108864
3000
1000
69
0
1
0
1
0
0
1
3
1
2
1
14266
0
1
12
67108864
4000
500
15
1
1
0
1
0
0
1
0
3
1
2
1
14295
0
1
11
67108864
2000
250
15
0
1
0
1
0
0
1
3
1
1
1
14323
0
1
12
134217728
2000
50
61
1
1
0
1
0
0
1
0
3
1
8
1
14351
0
1
12
67108864
4000
1000
97
1
1
0
1
0
0
1
0
3
1
2
1
14379
0
1
11
268435456
3000
100
42
0
1
0
1
0
0
1
3
1
4
2
14382
0
1
11
134217728
1000
250
67
0
1
0
1
0
0
1
3
1
8
8
14409
0
1
12
268435456
3000
50
18
1
1
0
1
0
0
1
0
3
1
8
2
14427
0
1
11
268435456
2000
500
99
0
1
0
1
0
0
1
3
1
2
1
14455
0
1
11
67108864
3000
250
13
0
1
0
1
0
0
1
3
1
2
1
14478
0
1
12
268435456
1000
50
32
1
1
0
1
0
0
1
0
3
1
2
2
14504
0
1
11
134217728
3000
50
77
0
1
0
1
0
0
1
3
1
4
4
14528
0
1
12
67108864
2000
50
16
1
1
0
1
0
0
1
0
3
1
2
1
14553
0
1
11
67108864
1000
100
7
0
1
0
1
0
0
1
3
1
1
1
14561
0
1
11
67108864
1000
250
85
0
1
0
1
0
0
1
3
1
4
2
14570
0
1
12
67108864
2000
100
90
1
1
0
1
0
0
1
0
3
1
1
1
14600
0
1
11
268435456
1000
500
52
0
1
0
1
0
0
1
3
1
4
2
14627
0
1
11
67108864
1000
50
63
0
1
0
1
0
0
1
3
1
1
1
14641
0
1
11
134217728
2000
500
72
0
1
0
1
0
0
1
3
1
1
1
14663
0
1
12
268435456
2000
100
96
1
1
0
1
0
0
1
0
3
1
1
1
14686
0
1
12
134217728
3000
1000
30
1
1
0
1
0
0
1
0
3
1
8
1
14708
0
1
11
134217728
4000
50
46
0
1
0
1
0
0
1
3
1
4
4
14723
0
1
12
134217728
1000
1000
64
1
1
0
1
0
0
1
0
3
1
2
1
14750
0
1
12
67108864
2000
50
96
1
1
0
1
0
0
1
0
3
1
4
2
14776
0
1
12
67108864
2000
50
1
1
1
0
1
0
0
1
0
3
1
2
1
14802
0
1
11
67108864
4000
250
26
0
1
0
1
0
0
1
3
1
8
1
14819
0
1
12
134217728
2000
50
96
1
1
0
1
0
0
1
0
3
1
2
2
14821
0
1
12
134217728
4000
50
94
1
1
0
1
0
0
1
0
3
1
4
2
14838
0
1
12
67108864
3000
250
26
1
1
0
1
0
0
1
0
3
1
2
1
14866
0
1
12
268435456
3000
50
39
1
1
0
1
0
0
1
0
3
1
2
2
14876
0
1
11
134217728
4000
100
33
0
1
0
1
0
0
1
3
1
2
1
14885
0
1
11
268435456
3000
500
69
0
1
0
1
0
0
1
3
1
2
1
14900
0
1
11
134217728
2000
1000
29
0
1
0
1
0
0
1
3
1
8
4
14926
0
1
12
134217728
1000
250
97
1
1
0
1
0
0
1
0
3
1
2
1
14953
0
1
12
134217728
2000
500
6
1
1
0
1
0
0
1
0
3
1
4
2
14969
0
1
12
134217728
3000
500
68
1
1
0
1
0
0
1
0
3
1
1
1
14970
0
1
11
134217728
4000
500
54
0
1
0
1
0
0
1
3
1
2
1
14981
0
1
11
67108864
1000
50
36
0
1
0
1
0
0
1
3
1
2
1
15005
0
1
11
67108864
1000
50
91
0
1
0
1
0
0
1
3
1
1
1
15022
0
1
11
268435456
3000
100
25
0
1
0
1
0
0
1
3
1
2
2
15036
0
1
12
134217728
4000
1000
17
1
1
0
1
0
0
1
0
3
1
8
1
15060
0
1
11
134217728
2000
100
79
0
1
0
1
0
0
1
3
1
8
4
15086
0
1
12
134217728
2000
50
78
1
1
0
1
0
0
1
0
3
1
8
2
15094
0
1
11
134217728
3000
50
24
0
1
0
1
0
0
1
3
1
8
2
15117
0
1
12
134217728
1000
250
60
1
1
0
1
0
0
1
0
3
1
1
1
15135
0
1
11
67108864
2000
500
97
0
1
0
1
0
0
1
3
1
8
1
15149
0
1
11
134217728
1000
100
43
0
1
0
1
0
0
1
3
1
4
2
15178
0
1
12
134217728
2000
1000
24
1
1
0
1
0
0
1
0
3
1
2
1
15201
0
1
12
268435456
3000
250
93
1
1
0
1
0
0
1
0
3
1
1
1
15217
0
1
12
268435456
3000
500
94
1
1
0
1
0
0
1
0
3
1
4
2
15220
0
1
12
67108864
3000
250
92
1
1
0
1
0
0
1
0
3
1
2
1
15239
0
1
11
67108864
1000
1000
24
0
1
0
1
0
0
1
3
1
8
4
15246
0
1
11
134217728
3000
250
80
0
1
0
1
0
0
1
3
1
2
1
15271
0
1
11
268435456
3000
500
20
0
1
0
1
0
0
1
3
1
8
2
15298
0
1
12
268435456
3000
50
74
1
1
0
1
0
0
1
0
3
1
8
1
15303
0
1
12
268435456
3000
250
22
1
1
0
1
0
0
1
0
3
1
4
4
15325
0
1
12
268435456
3000
500
13
1
1
0
1
0
0
1
0
3
1
2
1
15326
0
1
11
134217728
3000
100
80
0
1
0
1
0
0
1
3
1
4
2
15342
0
1
11
268435456
2000
500
98
0
1
0
1
0
0
1
3
1
2
1
15359
0
1
12
134217728
3000
500
21
1
1
0
1
0
0
1
0
3
1
1
1
15387
0
1
11
67108864
2000
1000
94
0
1
0
1
0
0
1
3
1
2
2
15388
0
1
12
268435456
3000
500
99
1
1
0
1
0
0
1
0
3
1
1
1
15417
0
1
12
268435456
3000
50
32
1
1
0
1
0
0
1
0
3
1
2
2
15420
0
1
11
268435456
2000
50
46
0
1
0
1
0
0
1
3
1
4
1
15434
0
1
12
134217728
2000
500
85
1
1
0
1
0
0
1
0
3
1
1
1
15443
0
1
12
67108864
2000
100
97
1
1
0
1
0
0
1
0
3
1
8
4
15444
0
1
12
134217728
2000
100
4
1
1
0
1
0
0
1
0
3
1
4
2
15467
0
1
12
67108864
4000
500
75
1
1
0
1
0
0
1
0
3
1
8
2
15484
0
1
11
67108864
2000
50
60
0
1
0
1
0
0
1
3
1
8
1
15510
0
1
12
67108864
3000
250
15
1
1
0
1
0
0
1
0
3
1
1
1
15523
0
1
11
67108864
1000
500
12
0
1
0
1
0
0
1
3
1
4
4
15550
0
1
12
134217728
3000
50
97
1
1
0
1
0
0
1
0
3
1
1
1
15571
0
1
12
67108864
3000
100
1
1
1
0
1
0
0
1
0
3
1
8
4
15588
0
1
12
134217728
2000
50
95
1
1
0
1
0
0
1
0
3
1
4
4
15612
0
1
11
67108864
2000
500
7
0
1
0
1
0
0
1
3
1
8
4
15638
0
1
11
67108864
2000
100
97
0
1
0
1
0
0
1
3
1
4
2
15649
0
1
12
134217728
2000
250
58
1
1
0
1
0
0
1
0
3
1
8
8
15657
0
1
11
67108864
1000
50
68
0
1
0
1
0
0
1
3
1
1
1
15671
0
1
11
67108864
3000
50
15
0
1
0
1
0
0
1
3
1
1
1
15699
0
1
11
67108864
2000
50
1
0
1
0
1
0
0
1
3
1
2
2
15709
0
1
12
268435456
3000
100
80
1
1
0
1
0
0
1
0
3
1
1
1
15736
0
1
12
134217728
4000
50
26
1
1
0
1
0
0
1
0
3
1
2
2
15765
0
1
12
268435456
1000
500
0
1
1
0
1
0
0
1
0
3
1
4
2
15768
0
1
12
268435456
1000
500
10
1
1
0
1
0
0
1
0
3
1
1
1
15776
0
1
12
134217728
1000
100
96
1
1
0
1
0
0
1
0
3
1
1
1
15784
0
1
11
67108864
2000
1000
26
0
1
0
1
0
0
1
3
1
4
4
15791
0
1
11
67108864
3000
250
95
0
1
0
1
0
0
1
3
1
8
4
15801
0
1
12
134217728
3000
1000
37
1
1
0
1
0
0
1
0
3
1
8
8
15829
0
1
11
268435456
2000
500
22
0
1
0
1
0
0
1
3
1
1
1
15831
0
1
12
134217728
4000
500
80
1
1
0
1
0
0
1
0
3
1
1
1
15845
0
1
12
134217728
3000
100
12
1
1
0
1
0
0
1
0
3
1
4
2
15860
0
1
12
134217728
4000
500
1
1
1
0
1
0
0
1
0
3
1
4
4
15879
0
1
11
67108864
2000
500
65
0
1
0
1
0
0
1
3
1
2
1
15896
0
1
12
67108864
2000
1000
49
1
1
0
1
0
0
1
0
3
1
4
1
15900
0
1
11
134217728
2000
250
99
0
1
0
1
0
0
1
3
1
1
1
15930
0
1
12
134217728
4000
500
44
1
1
0
1
0
0
1
0
3
1
8
2
15946
0
1
12
67108864
4000
1000
26
1
1
0
1
0
0
1
0
3
1
2
1
15949
0
1
12
134217728
4000
50
50
1
1
0
1
0
0
1
0
3
1
2
1
15956
0
1
12
134217728
4000
100
22
1
1
0
1
0
0
1
0
3
1
2
1
15978
0
1
12
268435456
3000
50
84
1
1
0
1
0
0
1
0
3
1
8
2
15985
0
1
12
268435456
1000
100
47
1
1
0
1
0
0
1
0
3
1
4
2
15989
0
1
12
134217728
1000
1000
44
1
1
0
1
0
0
1
0
3
1
8
1
16014
0
1
11
67108864
1000
100
29
0
1
0
1
0
0
1
3
1
4
4
16034
0
1
12
134217728
2000
50
11
1
1
0
1
0
0
1
0
3
1
8
2
16056
0
1
12
67108864
1000
1000
99
1
1
0
1
0
0
1
0
3
1
4
2
16085
0
1
11
268435456
3000
500
55
0
1
0
1
0
0
1
3
1
2
1
16112
0
1
11
67108864
3000
50
50
0
1
0
1
0
0
1
3
1
2
1
16139
0
1
11
134217728
2000
250
6
0
1
0
1
0
0
1
3
1
1
1
16148
0
1
12
268435456
2000
100
12
1
1
0
1
0
0
1
0
3
1
8
4
16176
0
1
11
67108864
1000
500
90
0
1
0
1
0
0
1
3
1
2
1
16180
0
1
12
268435456
3000
100
4
1
1
0
1
0
0
1
0
3
1
1
1
16185
0
1
11
134217728
4000
250
16
0
1
0
1
0
0
1
3
1
8
4
16191
0
1
11
268435456
1000
500
54
0
1
0
1
0
0
1
3
1
2
2
16205
0
1
12
268435456
3000
500
41
1
1
0
1
0
0
1
0
3
1
1
1
16224
0
1
11
134217728
3000
500
56
0
1
0
1
0
0
1
3
1
8
1
16226
0
1
11
268435456
3000
500
92
0
1
0
1
0
0
1
3
1
2
1
16242
0
1
11
67108864
2000
1000
83
0
1
0
1
0
0
1
3
1
2
2
16270
0
1
11
268435456
3000
100
13
0
1
0
1
0
0
1
3
1
4
2
16290
0
1
12
134217728
4000
250
32
1
1
0
1
0
0
1
0
3
1
1
1
16309
0
1
12
268435456
3000
250
5
1
1
0
1
0
0
1
0
3
1
4
2
16321
0
1
11
134217728
4000
100
41
0
1
0
1
0
0
1
3
1
2
2
16333
0
1
12
134217728
3000
500
81
1
1
0
1
0
0
1
0
3
1
1
1
16349
0
1
11
134217728
2000
500
90
0
1
0
1
0
0
1
3
1
1
1
16354
0
1
12
268435456
2000
50
43
1
1
0
1
0
0
1
0
3
1
2
1
16370
0
1
11
67108864
4000
50
9
0
1
0
1
0
0
1
3
1
2
1
16376
0
1
12
67108864
2000
250
30
1
1
0
1
0
0
1
0
3
1
4
2
16401
0
1
11
67108864
2000
500
89
0
1
0
1
0
0
1
3
1
8
4
16426
0
1
11
67108864
4000
1000
55
0
1
0
1
0
0
1
3
1
2
1
16451
0
1
12
67108864
3000
250
89
1
1
0
1
0
0
1
0
3
1
2
1
16453
0
1
12
268435456
1000
500
80
1
1
0
1
0
0
1
0
3
1
4
4
16475
0
1
12
67108864
3000
500
4
1
1
0
1
0
0
1
0
3
1
4
2
16502
0
1
12
67108864
3000
500
19
1
1
0
1
0
0
1
0
3
1
2
1
16506
0
1
12
268435456
3000
500
28
1
1
0
1
0
0
1
0
3
1
1
1
16508
0
1
12
134217728
3000
250
10
1
1
0
1
0
0
1
0
3
1
4
4
16526
0
1
11
268435456
2000
500
69
0
1
0
1
0
0
1
3
1
8
2
16542
0
1
12
268435456
3000
50
63
1
1
0
1
0
0
1
0
3
1
2
2
16569
0
1
11
67108864
3000
1000
98
0
1
0
1
0
0
1
3
1
2
1
16581
0
1
11
67108864
3000
1000
36
0
1
0
1
0
0
1
3
1
8
2
16585
0
1
11
268435456
1000
100
2
0
1
0
1
0
0
1
3
1
2
1
16588
0
1
11
67108864
3000
250
78
0
1
0
1
0
0
1
3
1
1
1
16613
0
1
11
134217728
2000
500
13
0
1
0
1
0
0
1
3
1
4
4
16628
0
1
11
268435456
2000
250
11
0
1
0
1
0
0
1
3
1
1
1
16656
0
1
12
268435456
3000
50
58
1
1
0
1
0
0
1
0
3
1
8
4
16666
0
1
11
67108864
1000
1000
91
0
1
0
1
0
0
1
3
1
4
2
16686
0
1
12
268435456
3000
500
91
1
1
0
1
0
0
1
0
3
1
4
4
16688
0
1
11
134217728
1000
250
20
0
1
0
1
0
0
1
3
1
4
1
16705
0
1
11
134217728
3000
100
79
0
1
0
1
0
0
1
3
1
8
2
16732
0
1
12
134217728
3000
1000
84
1
1
0
1
0
0
1
0
3
1
4
4
16734
0
1
11
67108864
1000
500
40
0
1
0
1
0
0
1
3
1
8
1
16760
0
1
12
67108864
3000
500
7
1
1
0
1
0
0
1
0
3
1
2
1
16777
0
1
11
268435456
2000
50
71
0
1
0
1
0
0
1
3
1
8
4
16787
0
1
11
134217728
3000
50
93
0
1
0
1
0
0
1
3
1
1
1
16807
0
1
11
67108864
4000
250
53
0
1
0
1
0
0
1
3
1
8
1
16814
0
1
11
134217728
2000
100
2
0
1
0
1
0
0
1
3
1
8
4
16834
0
1
11
67108864
3000
1000
61
0
1
0
1
0
0
1
3
1
4
1
16854
0
1
11
268435456
3000
100
55
0
1
0
1
0
0
1
3
1
4
4
16876
0
1
11
268435456
3000
500
58
0
1
0
1
0
0
1
3
1
8
8
16898
0
1
11
67108864
2000
1000
58
0
1
0
1
0
0
1
3
1
2
2
16918
0
1
11
134217728
4000
250
31
0
1
0
1
0
0
1
3
1
4
2
16932
0
1
12
268435456
3000
250
12
1
1
0
1
0
0
1
0
3
1
8
4
16944
0
1
12
67108864
1000
1000
19
1
1
0
1
0
0
1
0
3
1
4
1
16969
0
1
12
67108864
4000
100
28
1
1
0
1
0
0
1
0
3
1
1
1
16992
0
1
12
67108864
2000
250
1
1
1
0
1
0
0
1
0
3
1
4
2
17015
0
1
11
268435456
3000
250
29
0
1
0
1
0
0
1
3
1
4
2
17022
0
1
11
67108864
1000
250
11
0
1
0
1
0
0
1
3
1
1
1
17032
0
1
11
134217728
4000
500
67
0
1
0
1
0
0
1
3
1
2
1
17043
0
1
11
67108864
4000
1000
93
0
1
0
1
0
0
1
3
1
4
4
17044
0
1
11
134217728
1000
500
70
0
1
0
1
0
0
1
3
1
8
1
17070
0
1
12
67108864
3000
50
95
1
1
0
1
0
0
1
0
3
1
8
1
17093
0
1
11
67108864
4000
100
25
0
1
0
1
0
0
1
3
1
8
2
17115
0
1
12
67108864
4000
1000
90
1
1
0
1
0
0
1
0
3
1
4
2
17116
0
1
11
67108864
3000
500
15
0
1
0
1
0
0
1
3
1
4
1
17135
0
1
11
67108864
4000
50
97
0
1
0
1
0
0
1
3
1
4
1
17145
0
1
11
134217728
3000
1000
32
0
1
0
1
0
0
1
3
1
2
1
17173
0
1
12
134217728
3000
50
91
1
1
0
1
0
0
1
0
3
1
8
8
17200
0
1
12
67108864
4000
50
80
1
1
0
1
0
0
1
0
3
1
2
1
17210
0
1
11
134217728
1000
100
10
0
1
0
1
0
0
1
3
1
2
2
17214
0
1
12
268435456
3000
100
58
1
1
0
1
0
0
1
0
3
1
8
8
17225
0
1
11
134217728
4000
50
88
0
1
0
1
0
0
1
3
1
4
4
17253
0
1
12
67108864
2000
250
12
1
1
0
1
0
0
1
0
3
1
2
1
17276
0
1
12
134217728
2000
250
4
1
1
0
1
0
0
1
0
3
1
2
1
17295
0
1
12
67108864
4000
100
65
1
1
0
1
0
0
1
0
3
1
2
1
17317
0
1
11
268435456
3000
100
30
0
1
0
1
0
0
1
3
1
1
1
17325
0
1
12
67108864
4000
100
69
1
1
0
1
0
0
1
0
3
1
4
2
17355
0
1
12
134217728
3000
1000
84
1
1
0
1
0
0
1
0
3
1
4
4
17380
0
1
12
67108864
2000
500
76
1
1
0
1
0
0
1
0
3
1
1
1
17388
0
1
11
134217728
4000
100
9
0
1
0
1
0
0
1
3
1
2
1
17397
0
1
12
67108864
3000
250
23
1
1
0
1
0
0
1
0
3
1
2
1
17404
0
1
12
134217728
2000
100
86
1
1
0
1
0
0
1
0
3
1
2
1
17419
0
1
12
268435456
1000
50
60
1
1
0
1
0
0
1
0
3
1
1
1
17445
0
1
12
268435456
3000
500
59
1
1
0
1
0
0
1
0
3
1
4
2
17449
0
1
11
268435456
1000
100
58
0
1
0
1
0
0
1
3
1
1
1
17463
0
1
11
268435456
3000
500
44
0
1
0
1
0
0
1
3
1
8
8
17473
0
1
12
134217728
1000
500
51
1
1
0
1
0
0
1
0
3
1
4
2
17489
0
1
12
268435456
3000
250
46
1
1
0
1
0
0
1
0
3
1
1
1
17514
0
1
12
134217728
3000
50
88
1
1
0
1
0
0
1
0
3
1
8
2
17530
0
1
12
134217728
2000
100
16
1
1
0
1
0
0
1
0
3
1
2
1
17542
0
1
12
268435456
1000
100
40
1
1
0
1
0
0
1
0
3
1
1
1
17545
0
1
12
67108864
2000
100
63
1
1
0
1
0
0
1
0
3
1
4
2
17547
0
1
12
268435456
3000
250
88
1
1
0
1
0
0
1
0
3
1
4
1
17576
0
1
12
67108864
1000
50
44
1
1
0
1
0
0
1
0
3
1
1
1
17584
0
1
11
268435456
1000
500
58
0
1
0
1
0
0
1
3
1
1
1
17614
0
1
11
134217728
1000
500
50
0
1
0
1
0
0
1
3
1
4
2
17631
0
1
11
67108864
2000
1000
78
0
1
0
1
0
0
1
3
1
8
1
17638
0
1
11
67108864
4000
1000
16
0
1
0
1
0
0
1
3
1
1
1
17666
0
1
12
67108864
3000
1000
85
1
1
0
1
0
0
1
0
3
1
4
4
17679
0
1
12
67108864
3000
50
90
1
1
0
1
0
0
1
0
3
1
4
2
17695
0
1
12
67108864
4000
250
90
1
1
0
1
0
0
1
0
3
1
4
2
17714
0
1
11
134217728
2000
1000
36
0
1
0
1
0
0
1
3
1
2
1
17741
0
1
12
67108864
4000
50
38
1
1
0
1
0
0
1
0
3
1
4
2
17751
0
1
12
134217728
2000
1000
53
1
1
0
1
0
0
1
0
3
1
1
1
17774
0
1
11
67108864
2000
500
96
0
1
0
1
0
0
1
3
1
1
1
17800
0
1
11
268435456
3000
250
56
0
1
0
1
0
0
1
3
1
4
2
17829
0
1
11
67108864
4000
100
56
0
1
0
1
0
0
1
3
1
4
2
17855
0
1
12
67108864
4000
50
82
1
1
0
1
0
0
1
0
3
1
4
2
17882
0
1
11
67108864
1000
100
39
0
1
0
1
0
0
1
3
1
2
1
17886
0
1
11
268435456
2000
500
16
0
1
0
1
0
0
1
3
1
2
1
17915
0
1
12
134217728
4000
1000
62
1
1
0
1
0
0
1
0
3
1
4
1
17921
0
1
12
67108864
1000
500
76
1
1
0
1
0
0
1
0
3
1
1
1
17934
0
1
11
67108864
4000
500
42
0
1
0
1
0
0
1
3
1
1
1
17951
0
1
12
268435456
3000
500
22
1
1
0
1
0
0
1
0
3
1
4
2
17969
0
1
11
67108864
3000
1000
56
0
1
0
1
0
0
1
3
1
2
1
17994
0
1
11
134217728
1000
1000
49
0
1
0
1
0
0
1
3
1
1
1
18019
0
1
11
67108864
3000
1000
38
0
1
0
1
0
0
1
3
1
2
1
18040
0
1
11
67108864
3000
1000
46
0
1
0
1
0
0
1
3
1
2
1
18067
0
1
11
134217728
1000
250
8
0
1
0
1
0
0
1
3
1
8
8
18069
0
1
11
268435456
1000
50
56
0
1
0
1
0
0
1
3
1
8
8
18097
0
1
12
268435456
2000
500
39
1
1
0
1
0
0
1
0
3
1
4
4
18109
0
1
11
134217728
3000
50
65
0
1
0
1
0
0
1
3
1
8
8
18120
0
1
11
67108864
1000
100
19
0
1
0
1
0
0
1
3
1
8
1
18129
0
1
11
67108864
4000
50
73
0
1
0
1
0
0
1
3
1
1
1
18133
0
1
11
134217728
1000
1000
98
0
1
0
1
0
0
1
3
1
4
4
18139
0
1
11
67108864
3000
500
79
0
1
0
1
0
0
1
3
1
4
4
18141
0
1
12
268435456
2000
500
58
1
1
0
1
0
0
1
0
3
1
1
1
18156
0
1
11
134217728
3000
50
59
0
1
0
1
0
0
1
3
1
4
4
18171
0
1
11
268435456
3000
500
33
0
1
0
1
0
0
1
3
1
4
2
18190
0
1
11
134217728
2000
500
3
0
1
0
1
0
0
1
3
1
1
1
18200
0
1
11
134217728
4000
500
2
0
1
0
1
0
0
1
3
1
8
2
18214
0
1
11
67108864
2000
50
87
0
1
0
1
0
0
1
3
1
1
1
18218
0
1
12
134217728
1000
500
32
1
1
0
1
0
0
1
0
3
1
4
2
18242
0
1
12
134217728
1000
100
68
1
1
0
1
0
0
1
0
3
1
8
1
18263
0
1
11
134217728
3000
100
96
0
1
0
1
0
0
1
3
1
4
1
18264
0
1
11
268435456
3000
50
61
0
1
0
1
0
0
1
3
1
8
2
18294
0
1
11
134217728
4000
1000
8
0
1
0
1
0
0
1
3
1
8
2
18300
0
1
11
134217728
1000
50
19
0
1
0
1
0
0
1
3
1
8
2
18318
0
1
12
134217728
3000
500
90
1
1
0
1
0
0
1
0
3
1
1
1
18330
0
1
12
268435456
3000
250
68
1
1
0
1
0
0
1
0
3
1
1
1
18355
0
1
11
67108864
2000
250
93
0
1
0
1
0
0
1
3
1
2
1
18364
0
1
11
67108864
4000
250
17
0
1
0
1
0
0
1
3
1
1
1
18383
0
1
11
67108864
1000
500
39
0
1
0
1
0
0
1
3
1
8
2
18397
0
1
12
134217728
4000
250
31
1
1
0
1
0
0
1
0
3
1
1
1
18404
0
1
11
268435456
3000
50
99
0
1
0
1
0
0
1
3
1
2
1
18432
0
1
12
67108864
4000
1000
54
1
1
0
1
0
0
1
0
3
1
4
1
18460
0
1
12
134217728
3000
250
10
1
1
0
1
0
0
1
0
3
1
8
1
18474
0
1
11
134217728
3000
250
89
0
1
0
1
0
0
1
3
1
8
4
18476
0
1
12
268435456
3000
100
53
1
1
0
1
0
0
1
0
3
1
8
4
18493
0
1
12
67108864
3000
1000
63
1
1
0
1
0
0
1
0
3
1
4
4
18501
0
1
11
67108864
1000
500
71
0
1
0
1
0
0
1
3
1
2
1
18516
0
1
11
134217728
2000
250
99
0
1
0
1
0
0
1
3
1
4
1
18519
0
1
11
268435456
3000
500
37
0
1
0
1
0
0
1
3
1
2
1
18530
0
1
11
134217728
4000
500
28
0
1
0
1
0
0
1
3
1
4
2
18545
0
1
12
67108864
4000
250
47
1
1
0
1
0
0
1
0
3
1
2
2
18562
0
1
11
67108864
1000
250
45
0
1
0
1
0
0
1
3
1
4
2
18570
0
1
12
134217728
1000
50
72
1
1
0
1
0
0
1
0
3
1
2
1
18576
0
1
11
134217728
3000
50
66
0
1
0
1
0
0
1
3
1
2
1
18578
0
1
11
67108864
3000
250
90
0
1
0
1
0
0
1
3
1
4
1
18595
0
1
12
134217728
1000
50
85
1
1
0
1
0
0
1
0
3
1
2
1
18611
0
1
11
67108864
3000
1000
72
0
1
0
1
0
0
1
3
1
4
2
18641
0
1
12
268435456
2000
250
76
1
1
0
1
0
0
1
0
3
1
1
1
18653
0
1
11
134217728
3000
1000
24
0
1
0
1
0
0
1
3
1
8
8
18664
0
1
12
134217728
3000
100
93
1
1
0
1
0
0
1
0
3
1
4
4
18681
0
1
12
67108864
4000
500
70
1
1
0
1
0
0
1
0
3
1
8
8
18692
0
1
12
268435456
1000
50
50
1
1
0
1
0
0
1
0
3
1
1
1
18717
0
1
11
67108864
4000
1000
38
0
1
0
1
0
0
1
3
1
4
4
18743
0
1
12
134217728
2000
50
24
1
1
0
1
0
0
1
0
3
1
4
2
18768
0
1
11
268435456
1000
100
28
0
1
0
1
0
0
1
3
1
2
2
18778
0
1
12
134217728
3000
250
86
1
1
0
1
0
0
1
0
3
1
8
4
18789
0
1
12
134217728
4000
50
84
1
1
0
1
0
0
1
0
3
1
8
4
18813
0
1
12
67108864
4000
50
40
1
1
0
1
0
0
1
0
3
1
4
4
18818
0
1
11
134217728
3000
1000
36
0
1
0
1
0
0
1
3
1
2
2
18834
0
1
11
67108864
4000
500
81
0
1
0
1
0
0
1
3
1
1
1
18837
0
1
11
134217728
1000
500
62
0
1
0
1
0
0
1
3
1
4
4
18866
0
1
12
268435456
3000
500
19
1
1
0
1
0
0
1
0
3
1
8
2
18893
0
1
12
134217728
1000
500
85
1
1
0
1
0
0
1
0
3
1
8
2
18899
0
1
12
268435456
1000
500
37
1
1
0
1
0
0
1
0
3
1
8
1
18911
0
1
12
268435456
2000
100
94
1
1
0
1
0
0
1
0
3
1
2
1
18925
0
1
11
268435456
2000
100
87
0
1
0
1
0
0
1
3
1
2
1
18946
0
1
11
67108864
1000
250
72
0
1
0
1
0
0
1
3
1
4
4
18951
0
1
12
67108864
1000
50
27
1
1
0
1
0
0
1
0
3
1
2
1
18954
0
1
11
67108864
4000
50
16
0
1
0
1
0
0
1
3
1
8
2
18961
0
1
11
134217728
3000
500
51
0
1
0
1
0
0
1
3
1
1
1
18970
0
1
12
134217728
4000
250
3
1
1
0
1
0
0
1
0
3
1
8
8
18984
0
1
11
67108864
3000
500
25
0
1
0
1
0
0
1
3
1
8
1
19009
0
1
12
134217728
1000
250
43
1
1
0
1
0
0
1
0
3
1
8
1
19038
0
1
11
67108864
2000
500
17
0
1
0
1
0
0
1
3
1
4
2
19053
0
1
11
67108864
4000
250
27
0
1
0
1
0
0
1
3
1
1
1
19082
0
1
11
268435456
2000
500
31
0
1
0
1
0
0
1
3
1
2
1
19089
0
1
12
268435456
3000
100
51
1
1
0
1
0
0
1
0
3
1
2
1
19097
0
1
11
134217728
4000
100
59
0
1
0
1
0
0
1
3
1
8
1
19107
0
1
11
268435456
3000
500
72
0
1
0
1
0
0
1
3
1
8
2
19116
0
1
11
268435456
3000
500
82
0
1
0
1
0
0
1
3
1
4
2
19122
0
1
12
268435456
3000
500
6
1
1
0
1
0
0
1
0
3
1
8
8
19145
0
1
12
268435456
1000
50
77
1
1
0
1
0
0
1
0
3
1
1
1
19153
0
1
12
268435456
3000
100
7
1
1
0
1
0
0
1
0
3
1
2
1
19172
0
1
12
67108864
2000
100
25
1
1
0
1
0
0
1
0
3
1
8
2
19201
0
1
11
134217728
2000
250
99
0
1
0
1
0
0
1
3
1
2
1
19229
0
1
11
134217728
4000
1000
95
0
1
0
1
0
0
1
3
1
4
2
19249
0
1
11
134217728
4000
250
85
0
1
0
1
0
0
1
3
1
8
4
19261
0
1
12
134217728
4000
100
11
1
1
0
1
0
0
1
0
3
1
2
2
19285
0
1
12
67108864
4000
500
52
1
1
0
1
0
0
1
0
3
1
2
1
19292
0
1
12
67108864
4000
100
30
1
1
0
1
0
0
1
0
3
1
4
2
19315
0
1
11
67108864
4000
500
36
0
1
0
1
0
0
1
3
1
2
1
19328
0
1
12
268435456
3000
250
8
1
1
0
1
0
0
1
0
3
1
1
1
19347
0
1
11
134217728
3000
1000
29
0
1
0
1
0
0
1
3
1
4
2
19372
0
1
11
268435456
2000
500
16
0
1
0
1
0
0
1
3
1
1
1
19382
0
1
11
268435456
3000
500
64
0
1
0
1
0
0
1
3
1
8
4
19408
0
1
11
268435456
2000
500
49
0
1
0
1
0
0
1
3
1
1
1
19413
0
1
11
134217728
4000
50
22
0
1
0
1
0
0
1
3
1
1
1
19423
0
1
12
268435456
1000
50
4
1
1
0
1
0
0
1
0
3
1
1
1
19446
0
1
11
67108864
2000
250
52
0
1
0
1
0
0
1
3
1
2
1
19461
0
1
11
134217728
4000
50
72
0
1
0
1
0
0
1
3
1
2
1
19478
0
1
12
67108864
3000
100
66
1
1
0
1
0
0
1
0
3
1
8
4
19500
0
1
12
67108864
1000
250
41
1
1
0
1
0
0
1
0
3
1
8
1
19510
0
1
11
134217728
3000
100
45
0
1
0
1
0
0
1
3
1
4
1
19519
0
1
12
67108864
2000
50
87
1
1
0
1
0
0
1
0
3
1
2
1
19525
0
1
12
134217728
2000
1000
92
1
1
0
1
0
0
1
0
3
1
8
1
19533
0
1
11
67108864
1000
100
63
0
1
0
1
0
0
1
3
1
2
1
19540
0
1
11
268435456
3000
100
54
0
1
0
1
0
0
1
3
1
4
4
19565
0
1
11
268435456
3000
250
60
0
1
0
1
0
0
1
3
1
8
4
19568
0
1
12
134217728
3000
250
36
1
1
0
1
0
0
1
0
3
1
1
1
19570
0
1
11
134217728
4000
500
3
0
1
0
1
0
0
1
3
1
1
1
19576
0
1
12
67108864
2000
500
13
1
1
0
1
0
0
1
0
3
1
8
1
19600
0
1
12
67108864
2000
1000
38
1
1
0
1
0
0
1
0
3
1
8
2
19612
0
1
11
67108864
3000
50
36
0
1
0
1
0
0
1
3
1
8
1
19621
0
1
11
134217728
3000
1000
24
0
1
0
1
0
0
1
3
1
8
4
19640
0
1
12
268435456
3000
500
90
1
1
0
1
0
0
1
0
3
1
4
4
19659
0
1
11
67108864
1000
500
39
0
1
0
1
0
0
1
3
1
8
1
19673
0
1
12
134217728
1000
500
66
1
1
0
1
0
0
1
0
3
1
1
1
19675
0
1
12
268435456
2000
250
47
1
1
0
1
0
0
1
0
3
1
4
1
19678
0
1
11
268435456
3000
500
65
0
1
0
1
0
0
1
3
1
4
2
19686
0
1
12
67108864
3000
500
86
1
1
0
1
0
0
1
0
3
1
4
2
19716
0
1
12
134217728
2000
250
10
1
1
0
1
0
0
1
0
3
1
1
1
19731
0
1
11
134217728
2000
500
41
0
1
0
1
0
0
1
3
1
1
1
19737
0
1
11
67108864
4000
250
29
0
1
0
1
0
0
1
3
1
1
1
19750
0
1
12
268435456
3000
100
36
1
1
0
1
0
0
1
0
3
1
8
1
19752
0
1
12
268435456
1000
500
44
1
1
0
1
0
0
1
0
3
1
4
2
19776
0
1
11
67108864
2000
500
61
0
1
0
1
0
0
1
3
1
2
1
19795
0
1
11
268435456
3000
50
77
0
1
0
1
0
0
1
3
1
2
1
19810
0
1
11
67108864
3000
250
58
0
1
0
1
0
0
1
3
1
4
4
19820
0
1
11
134217728
4000
250
3
0
1
0
1
0
0
1
3
1
8
1
19826
0
1
11
67108864
3000
100
64
0
1
0
1
0
0
1
3
1
2
2
19846
0
1
11
268435456
3000
250
66
0
1
0
1
0
0
1
3
1
8
4
19869
0
1
11
268435456
2000
500
21
0
1
0
1
0
0
1
3
1
1
1
19880
0
1
11
268435456
3000
500
70
0
1
0
1
0
0
1
3
1
2
1
19896
0
1
11
268435456
3000
100
66
0
1
0
1
0
0
1
3
1
2
1
19923
0
1
11
134217728
4000
100
5
0
1
0
1
0
0
1
3
1
8
2
19929
0
1
12
67108864
3000
500
95
1
1
0
1
0
0
1
0
3
1
2
1
19935
0
1
12
268435456
1000
250
86
1
1
0
1
0
0
1
0
3
1
4
4
19949
0
1
12
134217728
4000
250
19
1
1
0
1
0
0
1
0
3
1
4
4
19951
0
1
11
67108864
1000
50
89
0
1
0
1
0
0
1
3
1
4
1
19975
0
1
11
268435456
3000
50
94
0
1
0
1
0
0
1
3
1
1
1
19991
0
1
12
268435456
3000
50
8
1
1
0
1
0
0
1
0
3
1
2
1
19992
0
1
11
134217728
3000
250
7
0
1
0
1
0
0
1
3
1
2
2
20008
0
1
11
268435456
1000
50
49
0
1
0
1
0
0
1
3
1
8
2
20026
0
1
12
134217728
3000
250
84
1
1
0
1
0
0
1
0
3
1
1
1
20045
0
1
12
134217728
2000
50
29
1
1
0
1
0
0
1
0
3
1
2
1
20053
0
1
11
268435456
2000
250
13
0
1
0
1
0
0
1
3
1
8
1
20080
0
1
11
268435456
3000
50
90
0
1
0
1
0
0
1
3
1
1
1
20102
0
1
12
67108864
1000
50
69
1
1
0
1
0
0
1
0
3
1
4
2
20104
0
1
11
67108864
2000
500
11
0
1
0
1
0
0
1
3
1
1
1
20123
0
1
12
134217728
1000
50
54
1
1
0
1
0
0
1
0
3
1
2
2
20145
0
1
11
67108864
3000
500
52
0
1
0
1
0
0
1
3
1
8
4
20170
0
1
11
268435456
1000
500
93
0
1
0
1
0
0
1
3
1
8
1
20182
0
1
12
134217728
3000
100
53
1
1
0
1
0
0
1
0
3
1
2
1
20206
0
1
12
67108864
1000
1000
16
1
1
0
1
0
0
1
0
3
1
1
1
20218
0
1
11
134217728
1000
250
81
0
1
0
1
0
0
1
3
1
1
1
20222
0
1
11
268435456
3000
500
27
0
1
0
1
0
0
1
3
1
4
4
20246
0
1
12
268435456
1000
500
85
1
1
0
1
0
0
1
0
3
1
2
2
20261
0
1
11
134217728
3000
250
14
0
1
0
1
0
0
1
3
1
4
2
20291
0
1
12
268435456
2000
50
80
1
1
0
1
0
0
1
0
3
1
2
1
20298
0
1
11
134217728
2000
500
55
0
1
0
1
0
0
1
3
1
8
4
20306
0
1
12
268435456
2000
250
48
1
1
0
1
0
0
1
0
3
1
8
2
20312
0
1
11
67108864
2000
500
22
0
1
0
1
0
0
1
3
1
1
1
20336
0
1
12
268435456
3000
500
76
1
1
0
1
0
0
1
0
3
1
2
2
20342
0
1
11
134217728
1000
250
16
0
1
0
1
0
0
1
3
1
4
2
20359
0
1
12
268435456
3000
500
99
1
1
0
1
0
0
1
0
3
1
1
1
20362
0
1
12
67108864
2000
100
12
1
1
0
1
0
0
1
0
3
1
8
2
20386
0
1
11
67108864
1000
500
42
0
1
0
1
0
0
1
3
1
2
1
20414
0
1
12
67108864
4000
500
38
1
1
0
1
0
0
1
0
3
1
2
2
20430
0
1
12
134217728
4000
250
1
1
1
0
1
0
0
1
0
3
1
8
4
20437
0
1
12
134217728
3000
500
54
1
1
0
1
0
0
1
0
3
1
4
2
20459
0
1
11
67108864
3000
100
11
0
1
0
1
0
0
1
3
1
8
4
20478
0
1
12
134217728
1000
500
65
1
1
0
1
0
0
1
0
3
1
8
2
20500
0
1
11
134217728
1000
100
6
0
1
0
1
0
0
1
3
1
4
4
20507
0
1
12
67108864
4000
500
97
1
1
0
1
0
0
1
0
3
1
2
1
20528
0
1
11
134217728
2000
1000
35
0
1
0
1
0
0
1
3
1
8
2
20550
0
1
11
268435456
3000
500
92
0
1
0
1
0
0
1
3
1
4
2
20561
0
1
11
134217728
2000
250
78
0
1
0
1
0
0
1
3
1
2
1
20571
0
1
12
67108864
4000
100
87
1
1
0
1
0
0
1
0
3
1
4
2
20578
0
1
12
67108864
1000
50
16
1
1
0
1
0
0
1
0
3
1
4
2
20587
0
1
12
134217728
3000
100
49
1
1
0
1
0
0
1
0
3
1
8
1
20593
0
1
12
268435456
1000
100
13
1
1
0
1
0
0
1
0
3
1
8
2
20606
0
1
11
134217728
3000
100
5
0
1
0
1
0
0
1
3
1
1
1
20620
0
1
12
67108864
4000
250
44
1
1
0
1
0
0
1
0
3
1
8
4
20648
0
1
11
134217728
3000
500
85
0
1
0
1
0
0
1
3
1
1
1
20671
0
1
11
67108864
2000
100
28
0
1
0
1
0
0
1
3
1
1
1
20675
0
1
12
67108864
2000
1000
76
1
1
0
1
0
0
1
0
3
1
4
2
20692
0
1
11
268435456
2000
50
59
0
1
0
1
0
0
1
3
1
1
1
20706
0
1
11
268435456
3000
500
29
0
1
0
1
0
0
1
3
1
4
4
20723
0
1
11
134217728
4000
50
18
0
1
0
1
0
0
1
3
1
8
1
20729
0
1
12
268435456
3000
250
65
1
1
0
1
0
0
1
0
3
1
1
1
20739
0
1
11
268435456
2000
50
75
0
1
0
1
0
0
1
3
1
8
1
20767
0
1
11
134217728
3000
500
19
0
1
0
1
0
0
1
3
1
4
2
20792
0
1
11
134217728
4000
100
2
0
1
0
1
0
0
1
3
1
1
1
20807
0
1
12
67108864
1000
50
91
1
1
0
1
0
0
1
0
3
1
8
4
20810
0
1
12
134217728
3000
100
56
1
1
0
1
0
0
1
0
3
1
8
8
20826
0
1
11
67108864
4000
50
20
0
1
0
1
0
0
1
3
1
2
1
20848
0
1
12
67108864
3000
500
64
1
1
0
1
0
0
1
0
3
1
8
8
20863
0
1
12
67108864
2000
50
2
1
1
0
1
0
0
1
0
3
1
2
1
20886
0
1
11
134217728
3000
250
16
0
1
0
1
0
0
1
3
1
8
4
20891
0
1
11
134217728
3000
1000
35
0
1
0
1
0
0
1
3
1
1
1
20903
0
1
12
67108864
2000
1000
84
1
1
0
1
0
0
1
0
3
1
8
8
20932
0
1
11
134217728
2000
1000
18
0
1
0
1
0
0
1
3
1
1
1
20936
0
1
11
268435456
1000
250
80
0
1
0
1
0
0
1
3
1
8
2
20938
0
1
11
268435456
3000
500
44
0
1
0
1
0
0
1
3
1
2
2
20967
0
1
11
268435456
2000
50
9
0
1
0
1
0
0
1
3
1
1
1
20996
0
1
11
268435456
2000
500
49
0
1
0
1
0
0
1
3
1
8
4
21022
0
1
12
268435456
1000
250
8
1
1
0
1
0
0
1
0
3
1
8
1
21033
0
1
11
268435456
3000
50
88
0
1
0
1
0
0
1
3
1
8
4
21048
0
1
12
67108864
1000
500
50
1
1
0
1
0
0
1
0
3
1
2
1
21061
0
1
11
268435456
3000
500
98
0
1
0
1
0
0
1
3
1
2
1
21065
0
1
12
268435456
1000
100
31
1
1
0
1
0
0
1
0
3
1
4
2
21069
0
1
12
134217728
1000
100
75
1
1
0
1
0
0
1
0
3
1
1
1
21091
0
1
12
268435456
3000
50
28
1
1
0
1
0
0
1
0
3
1
1
1
21112
0
1
12
134217728
3000
500
0
1
1
0
1
0
0
1
0
3
1
1
1
21120
0
1
12
134217728
3000
100
88
1
1
0
1
0
0
1
0
3
1
4
4
21126
0
1
12
268435456
2000
500
89
1
1
0
1
0
0
1
0
3
1
2
2
21150
0
1
12
268435456
1000
50
72
1
1
0
1
0
0
1
0
3
1
1
1
21177
0
1
11
268435456
1000
50
93
0
1
0
1
0
0
1
3
1
8
4
21200
0
1
11
268435456
2000
250
0
0
1
0
1
0
0
1
3
1
2
1
21201
0
1
11
134217728
4000
50
88
0
1
0
1
0
0
1
3
1
4
2
21214
0
1
12
134217728
1000
50
58
1
1
0
1
0
0
1
0
3
1
4
2
21219
0
1
12
67108864
1000
1000
13
1
1
0
1
0
0
1
0
3
1
1
1
21238
0
1
12
67108864
2000
100
25
1
1
0
1
0
0
1
0
3
1
8
4
21264
0
1
12
67108864
3000
500
61
1
1
0
1
0
0
1
0
3
1
2
1
21289
0
1
12
268435456
3000
100
14
1
1
0
1
0
0
1
0
3
1
2
1
21290
0
1
12
67108864
4000
100
58
1
1
0
1
0
0
1
0
3
1
2
2
21315
0
1
11
268435456
1000
250
88
0
1
0
1
0
0
1
3
1
4
4
21327
0
1
12
67108864
4000
500
36
1
1
0
1
0
0
1
0
3
1
2
1
21357
0
1
12
134217728
4000
250
98
1
1
0
1
0
0
1
0
3
1
8
4
21360
0
1
11
268435456
3000
250
17
0
1
0
1
0
0
1
3
1
1
1
21374
0
1
11
134217728
1000
250
61
0
1
0
1
0
0
1
3
1
4
2
21393
0
1
11
268435456
2000
500
64
0
1
0
1
0
0
1
3
1
4
1
21421
0
1
11
67108864
1000
500
30
0
1
0
1
0
0
1
3
1
4
4
21432
0
1
11
134217728
2000
1000
75
0
1
0
1
0
0
1
3
1
1
1
21459
0
1
12
134217728
3000
250
15
1
1
0
1
0
0
1
0
3
1
4
1
21487
0
1
12
67108864
3000
250
87
1
1
0
1
0
0
1
0
3
1
4
2
21511
0
1
11
67108864
2000
1000
23
0
1
0
1
0
0
1
3
1
4
2
21539
0
1
12
268435456
3000
500
31
1
1
0
1
0
0
1
0
3
1
2
1
21562
0
1
12
67108864
2000
100
36
1
1
0
1
0
0
1
0
3
1
1
1
21572
0
1
12
268435456
3000
500
85
1
1
0
1
0
0
1
0
3
1
4
2
21580
0
1
12
134217728
4000
100
28
1
1
0
1
0
0
1
0
3
1
1
1
21607
0
1
12
268435456
1000
500
7
1
1
0
1
0
0
1
0
3
1
1
1
21622
0
1
11
268435456
1000
50
61
0
1
0
1
0
0
1
3
1
2
2
21640
0
1
12
268435456
3000
500
66
1
1
0
1
0
0
1
0
3
1
1
1
21669
0
1
11
134217728
3000
1000
78
0
1
0
1
0
0
1
3
1
1
1
21681
0
1
12
67108864
3000
100
73
1
1
0
1
0
0
1
0
3
1
1
1
21708
0
1
11
67108864
1000
100
24
0
1
0
1
0
0
1
3
1
1
1
21714
0
1
11
134217728
1000
50
7
0
1
0
1
0
0
1
3
1
1
1
21728
0
1
11
134217728
1000
1000
99
0
1
0
1
0
0
1
3
1
4
1
21741
0
1
11
268435456
3000
250
24
0
1
0
1
0
0
1
3
1
8
2
21747
0
1
11
134217728
3000
100
45
0
1
0
1
0
0
1
3
1
4
4
21761
0
1
11
67108864
4000
50
87
0
1
0
1
0
0
1
3
1
4
4
21791
0
1
12
268435456
3000
500
60
1
1
0
1
0
0
1
0
3
1
4
4
21817
0
1
12
134217728
1000
1000
61
1
1
0
1
0
0
1
0
3
1
8
8
21823
0
1
12
268435456
3000
50
6
1
1
0
1
0
0
1
0
3
1
8
4
21838
0
1
11
134217728
3000
1000
20
0
1
0
1
0
0
1
3
1
8
1
21844
0
1
12
67108864
2000
250
5
1
1
0
1
0
0
1
0
3
1
2
1
21859
0
1
12
134217728
4000
1000
91
1
1
0
1
0
0
1
0
3
1
4
2
21863
0
1
12
67108864
4000
1000
49
1
1
0
1
0
0
1
0
3
1
2
1
21873
0
1
12
268435456
3000
100
82
1
1
0
1
0
0
1
0
3
1
1
1
21878
0
1
11
268435456
3000
500
91
0
1
0
1
0
0
1
3
1
2
1
21892
0
1
11
67108864
1000
50
29
0
1
0
1
0
0
1
3
1
2
1
21896
0
1
11
268435456
3000
250
37
0
1
0
1
0
0
1
3
1
4
2
21898
0
1
11
134217728
4000
50
94
0
1
0
1
0
0
1
3
1
1
1
21902
0
1
12
134217728
4000
500
14
1
1
0
1
0
0
1
0
3
1
1
1
21906
0
1
12
268435456
2000
500
81
1
1
0
1
0
0
1
0
3
1
8
2
21909
0
1
12
134217728
4000
500
99
1
1
0
1
0
0
1
0
3
1
8
2
21923
0
1
12
268435456
3000
50
70
1
1
0
1
0
0
1
0
3
1
1
1
21925
0
1
11
134217728
4000
500
91
0
1
0
1
0
0
1
3
1
2
1
21932
0
1
12
67108864
3000
1000
95
1
1
0
1
0
0
1
0
3
1
4
4
21958
0
1
11
268435456
3000
500
22
0
1
0
1
0
0
1
3
1
4
2
21984
0
1
12
134217728
3000
100
76
1
1
0
1
0
0
1
0
3
1
2
2
22004
0
1
12
268435456
2000
100
96
1
1
0
1
0
0
1
0
3
1
4
4
22031
0
1
12
268435456
3000
250
57
1
1
0
1
0
0
1
0
3
1
2
2
22039
0
1
11
134217728
4000
1000
62
0
1
0
1
0
0
1
3
1
4
4
22041
0
1
12
134217728
1000
50
61
1
1
0
1
0
0
1
0
3
1
1
1
22054
0
1
12
268435456
3000
500
91
1
1
0
1
0
0
1
0
3
1
4
2
22059
0
1
11
134217728
4000
500
46
0
1
0
1
0
0
1
3
1
2
1
22067
0
1
11
268435456
2000
500
52
0
1
0
1
0
0
1
3
1
4
1
22088
0
1
11
268435456
3000
500
85
0
1
0
1
0
0
1
3
1
2
1
22116
0
1
12
134217728
1000
50
98
1
1
0
1
0
0
1
0
3
1
1
1
22128
0
1
11
268435456
1000
250
3
0
1
0
1
0
0
1
3
1
8
4
22133
0
1
11
268435456
2000
50
62
0
1
0
1
0
0
1
3
1
1
1
22159
0
1
12
268435456
3000
50
71
1
1
0
1
0
0
1
0
3
1
2
1
22183
0
1
11
268435456
1000
250
2
0
1
0
1
0
0
1
3
1
8
1
22185
0
1
11
134217728
4000
500
72
0
1
0
1
0
0
1
3
1
1
1
22190
0
1
12
67108864
2000
50
78
1
1
0
1
0
0
1
0
3
1
2
2
22220
0
1
11
67108864
3000
50
51
0
1
0
1
0
0
1
3
1
1
1
22238
0
1
12
268435456
3000
500
66
1
1
0
1
0
0
1
0
3
1
2
1
22242
0
1
12
67108864
1000
1000
82
1
1
0
1
0
0
1
0
3
1
2
1
22270
0
1
12
268435456
3000
100
78
1
1
0
1
0
0
1
0
3
1
4
4
22282
0
1
11
134217728
4000
250
9
0
1
0
1
0
0
1
3
1
8
1
22312
0
1
11
268435456
2000
100
61
0
1
0
1
0
0
1
3
1
4
4
22313
0
1
11
67108864
3000
1000
84
0
1
0
1
0
0
1
3
1
1
1
22316
0
1
12
67108864
3000
250
47
1
1
0
1
0
0
1
0
3
1
4
2
22332
0
1
12
134217728
4000
1000
42
1
1
0
1
0
0
1
0
3
1
1
1
22345
0
1
11
134217728
3000
50
39
0
1
0
1
0
0
1
3
1
1
1
22373
0
1
12
134217728
1000
250
91
1
1
0
1
0
0
1
0
3
1
2
2
22382
0
1
12
268435456
3000
50
17
1
1
0
1
0
0
1
0
3
1
1
1
22409
0
1
11
134217728
3000
100
55
0
1
0
1
0
0
1
3
1
2
1
22423
0
1
12
268435456
2000
50
45
1
1
0
1
0
0
1
0
3
1
8
8
22432
0
1
11
268435456
3000
500
68
0
1
0
1
0
0
1
3
1
2
1
22459
0
1
11
67108864
2000
250
48
0
1
0
1
0
0
1
3
1
8
4
22465
0
1
12
67108864
3000
500
98
1
1
0
1
0
0
1
0
3
1
1
1
22472
0
1
12
268435456
1000
100
83
1
1
0
1
0
0
1
0
3
1
2
1
22479
0
1
11
67108864
2000
100
48
0
1
0
1
0
0
1
3
1
8
4
22507
0
1
11
268435456
2000
250
44
0
1
0
1
0
0
1
3
1
8
4
22517
0
1
12
134217728
1000
500
31
1
1
0
1
0
0
1
0
3
1
1
1
22546
0
1
11
268435456
3000
500
2
0
1
0
1
0
0
1
3
1
8
1
22560
0
1
11
268435456
3000
500
6
0
1
0
1
0
0
1
3
1
4
2
22578
0
1
11
134217728
4000
50
80
0
1
0
1
0
0
1
3
1
2
2
22604
0
1
11
67108864
4000
1000
62
0
1
0
1
0
0
1
3
1
4
1
22624
0
1
12
268435456
3000
50
31
1
1
0
1
0
0
1
0
3
1
2
1
22653
0
1
12
67108864
3000
500
19
1
1
0
1
0
0
1
0
3
1
8
2
22663
0
1
11
134217728
4000
1000
51
0
1
0
1
0
0
1
3
1
8
2
22666
0
1
11
67108864
3000
100
82
0
1
0
1
0
0
1
3
1
4
4
22687
0
1
12
67108864
4000
500
69
1
1
0
1
0
0
1
0
3
1
1
1
22703
0
1
11
268435456
2000
500
72
0
1
0
1
0
0
1
3
1
8
1
22705
0
1
11
268435456
1000
100
25
0
1
0
1
0
0
1
3
1
4
2
22720
0
1
12
268435456
1000
500
6
1
1
0
1
0
0
1
0
3
1
8
4
22725
0
1
12
134217728
4000
1000
29
1
1
0
1
0
0
1
0
3
1
8
2
22749
0
1
12
67108864
2000
100
76
1
1
0
1
0
0
1
0
3
1
8
4
22755
0
1
12
67108864
4000
50
5
1
1
0
1
0
0
1
0
3
1
8
2
22783
0
1
11
67108864
3000
100
12
0
1
0
1
0
0
1
3
1
4
4
22803
0
1
11
67108864
1000
1000
55
0
1
0
1
0
0
1
3
1
2
2
22827
0
1
12
67108864
4000
1000
56
1
1
0
1
0
0
1
0
3
1
4
2
22828
0
1
11
268435456
1000
100
34
0
1
0
1
0
0
1
3
1
4
4
22844
0
1
12
268435456
1000
500
53
1
1
0
1
0
0
1
0
3
1
4
1
22870
0
1
12
134217728
4000
500
81
1
1
0
1
0
0
1
0
3
1
1
1
22892
0
1
11
134217728
4000
500
9
0
1
0
1
0
0
1
3
1
8
1
22907
0
1
11
268435456
2000
500
82
0
1
0
1
0
0
1
3
1
1
1
22931
0
1
11
134217728
1000
50
36
0
1
0
1
0
0
1
3
1
1
1
22945
0
1
11
268435456
3000
100
75
0
1
0
1
0
0
1
