1500

0
1
1
1
10
0
2
10
67108864
3000
1000
10
1
0
1
0
0
1

1
1
4
4
32
0
1
12
268435456
3000
100
19
1
1
0
1
0
0
1
0
1
1
8
1
60
0
0
9
67108864
2000
500
1
0
1
0
0
1

0
1
1
1
68
0
1
12
134217728
4000
1000
42
1
1
0
1
0
0
1
0
1
1
1
1
94
0
2
10
67108864
4000
500
100
1
0
1
0
0
1

0
1
2
1
112
0
1
11
67108864
4000
50
35
0
1
0
1
0
0
1
1
1
2
1
118
0
1
11
134217728
4000
100
79
0
1
0
1
0
0
1
0
1
1
1
145
0
2
10
67108864
1000
250
100
1
0
1
0
0
1

0
1
4
2
171
0
2
10
67108864
3000
500
100
1
0
1
0
0
1

0
1
4
2
199
0
0
9
134217728
4000
100
1
0
1
0
0
1

1
1
4
2
229
0
0
9
134217728
2000
500
1
0
1
0
0
1

0
1
4
1
256
0
2
10
134217728
4000
1000
1000
1
0
1
0
0
1

0
1
4
1
282
0
2
10
67108864
4000
100
1000
1
0
1
0
0
1

1
1
1
1
295
0
1
11
268435456
3000
50
84
0
1
0
1
0
0
1
0
1
4
2
296
0
0
9
268435456
2000
500
1
0
1
0
0
1

1
1
2
2
307
0
1
11
134217728
3000
100
8
0
1
0
1
0
0
1
1
1
8
4
334
0
1
11
67108864
3000
1000
34
0
1
0
1
0
0
1
0
1
2
2
359
0
0
9
134217728
4000
250
1
0
1
0
0
1

0
1
4
4
360
0
0
9
67108864
2000
1000
1
0
1
0
0
1

0
1
2
1
378
0
0
9
67108864
4000
1000
1
0
1
0
0
1

0
1
2
1
391
0
1
12
134217728
3000
50
12
1
1
0
1
0
0
1
0
0
1
4
1
394
0
0
9
268435456
3000
500
1
0
1
0
0
1

0
1
2
2
401
0
2
10
134217728
1000
500
1
1
0
1
0
0
1

0
1
2
2
424
0
2
10
268435456
2000
250
100
1
0
1
0
0
1

0
1
4
4
447
0
0
9
134217728
3000
500
1
0
1
0
0
1

1
1
1
1
449
0
0
9
134217728
3000
500
1
0
1
0
0
1

0
1
4
1
461
0
1
11
268435456
1000
500
75
0
1
0
1
0
0
1
1
1
2
1
489
0
2
10
268435456
2000
500
1000
1
0
1
0
0
1

1
1
4
4
492
0
1
11
268435456
2000
250
2
0
1
0
1
0
0
1
0
1
1
1
499
0
1
12
67108864
1000
1000
26
1
1
0
1
0
0
1
0
0
1
2
2
506
0
0
9
268435456
3000
500
1
0
1
0
0
1

0
1
2
2
533
0
2
10
67108864
3000
500
100
1
0
1
0
0
1

1
1
8
8
539
0
1
11
67108864
2000
1000
18
0
1
0
1
0
0
1
1
1
4
2
558
0
1
11
268435456
1000
250
39
0
1
0
1
0
0
1
0
1
4
1
560
0
1
12
134217728
4000
100
47
1
1
0
1
0
0
1
0
0
1
4
4
584
0
0
9
134217728
1000
50
1
0
1
0
0
1

0
1
8
8
596
0
2
10
134217728
2000
250
5
1
0
1
0
0
1

1
1
4
1
604
0
2
10
268435456
2000
50
1000
1
0
1
0
0
1

0
1
4
2
610
0
2
10
268435456
3000
500
10
1
0
1
0
0
1

1
1
1
1
611
0
2
10
67108864
2000
1000
5
1
0
1
0
0
1

0
1
1
1
618
0
2
10
268435456
2000
250
1
1
0
1
0
0
1

0
1
8
8
636
0
2
10
134217728
2000
100
1000
1
0
1
0
0
1

1
1
1
1
653
0
2
10
67108864
2000
100
1
1
0
1
0
0
1

0
1
8
2
683
0
2
10
67108864
1000
500
100
1
0
1
0
0
1

1
1
4
2
712
0
0
9
134217728
1000
100
1
0
1
0
0
1

0
1
1
1
726
0
0
9
134217728
4000
50
1
0
1
0
0
1

1
1
1
1
750
0
2
10
268435456
3000
500
100
1
0
1
0
0
1

1
1
4
2
758
0
2
10
67108864
3000
100
10
1
0
1
0
0
1

0
1
1
1
782
0
2
10
268435456
1000
50
100
1
0
1
0
0
1

1
1
1
1
808
0
1
11
134217728
1000
50
84
0
1
0
1
0
0
1
0
1
8
1
823
0
0
9
268435456
2000
250
1
0
1
0
0
1

1
1
2
2
826
0
2
10
268435456
3000
100
10
1
0
1
0
0
1

1
1
2
2
854
0
1
12
134217728
3000
50
52
1
1
0
1
0
0
1
0
1
1
4
2
856
0
1
11
67108864
2000
500
2
0
1
0
1
0
0
1
0
1
2
1
861
0
2
10
67108864
3000
250
1000
1
0
1
0
0
1

1
1
2
1
866
0
2
10
134217728
4000
100
5
1
0
1
0
0
1

1
1
2
1
870
0
2
10
67108864
3000
1000
10
1
0
1
0
0
1

1
1
2
1
885
0
1
11
268435456
2000
250
46
0
1
0
1
0
0
1
1
1
4
2
907
0
0
9
268435456
2000
250
1
0
1
0
0
1

1
1
4
4
915
0
1
11
67108864
4000
500
34
0
1
0
1
0
0
1
1
1
2
1
939
0
2
10
268435456
3000
50
5
1
0
1
0
0
1

1
1
8
4
943
0
0
9
268435456
3000
500
1
0
1
0
0
1

0
1
1
1
959
0
2
10
134217728
3000
250
1
1
0
1
0
0
1

0
1
1
1
961
0
2
10
268435456
2000
500
1000
1
0
1
0
0
1

1
1
2
1
991
0
2
10
134217728
2000
100
1000
1
0
1
0
0
1

0
1
2
1
1013
0
1
12
268435456
3000
500
20
1
1
0
1
0
0
1
0
1
1
8
4
1026
0
0
9
134217728
4000
50
1
0
1
0
0
1

1
1
4
4
1036
0
2
10
134217728
1000
100
10
1
0
1
0
0
1

0
1
1
1
1042
0
2
10
134217728
3000
1000
10
1
0
1
0
0
1

0
1
4
1
1051
0
2
10
268435456
2000
500
5
1
0
1
0
0
1

0
1
2
1
1061
0
2
10
268435456
1000
100
10
1
0
1
0
0
1

0
1
2
1
1090
0
1
11
134217728
3000
250
4
0
1
0
1
0
0
1
0
1
1
1
1102
0
1
12
67108864
3000
500
86
1
1
0
1
0
0
1
0
0
1
4
4
1103
0
0
9
67108864
1000
250
1
0
1
0
0
1

0
1
4
2
1131
0
1
11
67108864
2000
250
83
0
1
0
1
0
0
1
0
1
1
1
1153
0
1
11
134217728
4000
1000
99
0
1
0
1
0
0
1
1
1
4
2
1168
0
1
11
268435456
2000
50
72
0
1
0
1
0
0
1
0
1
4
2
1169
0
2
10
268435456
2000
500
5
1
0
1
0
0
1

0
1
8
2
1199
0
0
9
134217728
3000
1000
1
0
1
0
0
1

1
1
8
4
1223
0
2
10
268435456
1000
250
1000
1
0
1
0
0
1

1
1
1
1
1251
0
2
10
67108864
3000
500
100
1
0
1
0
0
1

1
1
4
2
1267
0
0
9
268435456
1000
500
1
0
1
0
0
1

0
1
8
4
1268
0
1
12
134217728
1000
250
30
1
1
0
1
0
0
1
0
0
1
1
1
1284
0
2
10
67108864
4000
250
10
1
0
1
0
0
1

1
1
8
8
1300
0
1
12
268435456
3000
50
45
1
1
0
1
0
0
1
0
1
1
2
2
1322
0
1
11
268435456
2000
100
68
0
1
0
1
0
0
1
1
1
2
2
1338
0
0
9
268435456
3000
50
1
0
1
0
0
1

0
1
1
1
1354
0
0
9
67108864
1000
500
1
0
1
0
0
1

0
1
8
8
1366
0
0
9
134217728
3000
50
1
0
1
0
0
1

0
1
4
2
1396
0
0
9
268435456
3000
500
1
0
1
0
0
1

0
1
2
1
1424
0
2
10
134217728
2000
250
5
1
0
1
0
0
1

1
1
1
1
1444
0
1
12
268435456
1000
100
76
1
1
0
1
0
0
1
0
0
1
4
4
1462
0
1
12
67108864
3000
250
97
1
1
0
1
0
0
1
0
1
1
4
2
1477
0
0
9
134217728
3000
500
1
0
1
0
0
1

1
1
4
2
1489
0
0
9
67108864
2000
250
1
0
1
0
0
1

1
1
8
1
1511
0
2
10
134217728
4000
500
5
1
0
1
0
0
1

0
1
1
1
1532
0
2
10
268435456
3000
50
1000
1
0
1
0
0
1

0
1
4
1
1538
0
0
9
67108864
4000
500
1
0
1
0
0
1

0
1
1
1
1541
0
0
9
268435456
3000
500
1
0
1
0
0
1

0
1
1
1
1553
0
1
11
134217728
3000
100
74
0
1
0
1
0
0
1
0
1
4
1
1571
0
2
10
67108864
4000
50
10
1
0
1
0
0
1

1
1
4
1
1580
0
0
9
67108864
1000
250
1
0
1
0
0
1

0
1
8
4
1584
0
1
11
134217728
3000
100
81
0
1
0
1
0
0
1
0
1
8
4
1596
0
1
12
67108864
4000
250
10
1
1
0
1
0
0
1
0
0
1
2
1
1605
0
2
10
67108864
2000
500
5
1
0
1
0
0
1

0
1
8
1
1616
0
1
12
67108864
2000
1000
33
1
1
0
1
0
0
1
0
1
1
2
1
1624
0
2
10
134217728
2000
50
1
1
0
1
0
0
1

0
1
2
2
1631
0
1
11
134217728
1000
100
72
0
1
0
1
0
0
1
0
1
4
4
1637
0
1
12
134217728
2000
100
18
1
1
0
1
0
0
1
0
0
1
4
2
1645
0
1
12
134217728
1000
500
25
1
1
0
1
0
0
1
0
0
1
8
8
1659
0
0
9
268435456
3000
250
1
0
1
0
0
1

0
1
4
4
1661
0
0
9
67108864
1000
250
1
0
1
0
0
1

0
1
2
2
1666
0
1
12
268435456
3000
100
18
1
1
0
1
0
0
1
0
0
1
8
8
1671
0
2
10
268435456
2000
50
1
1
0
1
0
0
1

1
1
4
1
1684
0
2
10
67108864
1000
500
1
1
0
1
0
0
1

0
1
2
1
1706
0
0
9
67108864
2000
50
1
0
1
0
0
1

0
1
2
2
1726
0
2
10
268435456
3000
250
10
1
0
1
0
0
1

0
1
4
1
1752
0
1
12
67108864
4000
50
22
1
1
0
1
0
0
1
0
1
1
1
1
1756
0
0
9
67108864
3000
1000
1
0
1
0
0
1

1
1
4
2
1761
0
2
10
134217728
1000
50
100
1
0
1
0
0
1

1
1
2
1
1764
0
1
11
134217728
1000
1000
54
0
1
0
1
0
0
1
0
1
1
1
1786
0
1
11
134217728
3000
500
17
0
1
0
1
0
0
1
1
1
4
2
1795
0
1
11
268435456
1000
50
84
0
1
0
1
0
0
1
1
1
2
1
1805
0
1
11
268435456
3000
500
17
0
1
0
1
0
0
1
0
1
1
1
1808
0
1
12
134217728
3000
250
84
1
1
0
1
0
0
1
0
0
1
2
1
1835
0
2
10
67108864
4000
1000
100
1
0
1
0
0
1

1
1
8
1
1857
0
2
10
67108864
1000
500
5
1
0
1
0
0
1

1
1
4
2
1884
0
2
10
134217728
1000
50
5
1
0
1
0
0
1

1
1
2
1
1907
0
0
9
67108864
1000
100
1
0
1
0
0
1

0
1
1
1
1935
0
2
10
134217728
4000
500
1
1
0
1
0
0
1

0
1
8
8
1944
0
0
9
134217728
3000
50
1
0
1
0
0
1

0
1
8
2
1954
0
0
9
67108864
2000
250
1
0
1
0
0
1

1
1
1
1
1966
0
0
9
268435456
2000
100
1
0
1
0
0
1

0
1
2
1
1986
0
0
9
268435456
1000
250
1
0
1
0
0
1

1
1
8
4
2015
0
2
10
67108864
2000
500
10
1
0
1
0
0
1

1
1
8
1
2030
0
1
11
134217728
1000
1000
20
0
1
0
1
0
0
1
1
1
1
1
2040
0
2
10
134217728
1000
100
1
1
0
1
0
0
1

0
1
2
2
2052
0
2
10
268435456
3000
50
1
1
0
1
0
0
1

0
1
4
2
2055
0
1
11
67108864
4000
50
0
0
1
0
1
0
0
1
0
1
2
1
2060
0
2
10
67108864
2000
500
10
1
0
1
0
0
1

1
1
4
1
2075
0
2
10
67108864
3000
1000
1
1
0
1
0
0
1

1
1
2
2
2078
0
2
10
67108864
4000
1000
1000
1
0
1
0
0
1

1
1
8
1
2086
0
0
9
268435456
2000
500
1
0
1
0
0
1

1
1
1
1
2107
0
0
9
268435456
2000
100
1
0
1
0
0
1

0
1
4
2
2131
0
1
12
268435456
3000
50
63
1
1
0
1
0
0
1
0
1
1
8
4
2155
0
1
11
268435456
3000
500
53
0
1
0
1
0
0
1
0
1
8
1
2165
0
1
12
134217728
3000
500
28
1
1
0
1
0
0
1
0
0
1
1
1
2195
0
2
10
134217728
3000
100
10
1
0
1
0
0
1

1
1
8
1
2217
0
0
9
67108864
4000
250
1
0
1
0
0
1

0
1
2
1
2237
0
0
9
268435456
3000
500
1
0
1
0
0
1

1
1
8
1
2246
0
2
10
134217728
4000
50
1
1
0
1
0
0
1

1
1
1
1
2271
0
1
12
67108864
1000
500
52
1
1
0
1
0
0
1
0
1
1
2
2
2278
0
1
11
134217728
4000
1000
17
0
1
0
1
0
0
1
0
1
8
4
2286
0
0
9
67108864
4000
50
1
0
1
0
0
1

0
1
1
1
2305
0
0
9
67108864
2000
250
1
0
1
0
0
1

1
1
8
2
2327
0
0
9
134217728
2000
500
1
0
1
0
0
1

1
1
2
1
2339
0
0
9
268435456
3000
500
1
0
1
0
0
1

1
1
2
2
2357
0
2
10
67108864
2000
50
10
1
0
1
0
0
1

1
1
4
2
2369
0
1
11
134217728
2000
100
14
0
1
0
1
0
0
1
1
1
4
1
2375
0
1
12
67108864
3000
100
93
1
1
0
1
0
0
1
0
0
1
2
2
2392
0
0
9
134217728
3000
500
1
0
1
0
0
1

1
1
8
1
2411
0
1
12
67108864
3000
1000
63
1
1
0
1
0
0
1
0
0
1
4
2
2413
0
1
11
268435456
1000
500
77
0
1
0
1
0
0
1
0
1
4
4
2428
0
2
10
268435456
1000
500
1
1
0
1
0
0
1

1
1
8
4
2445
0
0
9
268435456
3000
500
1
0
1
0
0
1

1
1
2
1
2463
0
0
9
134217728
3000
250
1
0
1
0
0
1

0
1
1
1
2482
0
2
10
134217728
2000
250
100
1
0
1
0
0
1

1
1
8
2
2506
0
2
10
134217728
3000
250
1
1
0
1
0
0
1

0
1
1
1
2508
0
0
9
268435456
1000
100
1
0
1
0
0
1

0
1
2
1
2523
0
1
11
67108864
1000
500
96
0
1
0
1
0
0
1
1
1
2
2
2527
0
2
10
134217728
3000
1000
100
1
0
1
0
0
1

0
1
1
1
2535
0
2
10
67108864
2000
500
5
1
0
1
0
0
1

1
1
1
1
2537
0
2
10
268435456
1000
50
100
1
0
1
0
0
1

1
1
2
2
2539
0
2
10
134217728
4000
100
1000
1
0
1
0
0
1

0
1
2
1
2564
0
0
9
67108864
4000
250
1
0
1
0
0
1

1
1
1
1
2566
0
0
9
134217728
4000
500
1
0
1
0
0
1

0
1
2
1
2578
0
2
10
67108864
4000
1000
10
1
0
1
0
0
1

0
1
1
1
2594
0
1
12
134217728
2000
50
27
1
1
0
1
0
0
1
0
1
1
2
1
2596
0
0
9
268435456
3000
250
1
0
1
0
0
1

1
1
4
2
2606
0
2
10
134217728
2000
50
100
1
0
1
0
0
1

1
1
4
4
2633
0
1
11
268435456
2000
100
98
0
1
0
1
0
0
1
1
1
2
2
2640
0
0
9
268435456
3000
500
1
0
1
0
0
1

0
1
1
1
2664
0
2
10
134217728
2000
50
1
1
0
1
0
0
1

0
1
2
1
2694
0
1
11
134217728
2000
50
11
0
1
0
1
0
0
1
0
1
4
1
2720
0
0
9
67108864
4000
1000
1
0
1
0
0
1

0
1
4
4
2732
0
1
11
268435456
1000
500
38
0
1
0
1
0
0
1
1
1
4
4
2740
0
0
9
67108864
1000
1000
1
0
1
0
0
1

0
1
8
8
2745
0
2
10
67108864
3000
1000
5
1
0
1
0
0
1

1
1
2
1
2751
0
0
9
268435456
3000
500
1
0
1
0
0
1

0
1
8
2
2771
0
1
12
67108864
2000
50
8
1
1
0
1
0
0
1
0
1
1
2
1
2777
0
2
10
134217728
3000
500
5
1
0
1
0
0
1

0
1
4
4
2779
0
0
9
134217728
2000
500
1
0
1
0
0
1

1
1
8
8
2798
0
2
10
134217728
4000
1000
1
1
0
1
0
0
1

1
1
4
4
2812
0
2
10
134217728
3000
250
5
1
0
1
0
0
1

0
1
8
4
2824
0
0
9
67108864
2000
50
1
0
1
0
0
1

1
1
2
1
2833
0
0
9
67108864
4000
500
1
0
1
0
0
1

1
1
8
8
2846
0
1
11
134217728
3000
100
23
0
1
0
1
0
0
1
0
1
1
1
2866
0
1
11
134217728
2000
100
29
0
1
0
1
0
0
1
1
1
2
1
2887
0
0
9
134217728
4000
1000
1
0
1
0
0
1

1
1
2
1
2901
0
0
9
67108864
1000
100
1
0
1
0
0
1

0
1
4
4
2928
0
2
10
268435456
3000
250
10
1
0
1
0
0
1

1
1
1
1
2942
0
2
10
67108864
3000
50
100
1
0
1
0
0
1

1
1
8
1
2946
0
1
12
134217728
4000
1000
13
1
1
0
1
0
0
1
0
0
1
8
4
2963
0
2
10
268435456
3000
50
100
1
0
1
0
0
1

1
1
4
2
2993
0
2
10
268435456
3000
500
1000
1
0
1
0
0
1

0
1
8
1
3000
0
1
12
268435456
1000
250
40
1
1
0
1
0
0
1
0
1
1
2
1
3015
0
1
12
67108864
3000
50
86
1
1
0
1
0
0
1
0
0
1
2
1
3025
0
2
10
268435456
1000
500
10
1
0
1
0
0
1

1
1
2
1
3028
0
0
9
268435456
2000
50
1
0
1
0
0
1

1
1
8
4
3057
0
1
11
268435456
3000
100
47
0
1
0
1
0
0
1
0
1
1
1
3073
0
0
9
67108864
4000
1000
1
0
1
0
0
1

1
1
8
2
3087
0
1
11
268435456
3000
100
6
0
1
0
1
0
0
1
0
1
1
1
3094
0
2
10
134217728
4000
1000
1
1
0
1
0
0
1

1
1
2
2
3121
0
1
11
67108864
2000
500
23
0
1
0
1
0
0
1
1
1
4
4
3136
0
0
9
268435456
1000
250
1
0
1
0
0
1

1
1
2
1
3143
0
1
12
67108864
1000
100
84
1
1
0
1
0
0
1
0
0
1
4
1
3146
0
2
10
67108864
3000
1000
5
1
0
1
0
0
1

0
1
2
1
3164
0
0
9
268435456
3000
250
1
0
1
0
0
1

0
1
2
2
3174
0
0
9
134217728
2000
1000
1
0
1
0
0
1

1
1
1
1
3203
0
0
9
268435456
2000
50
1
0
1
0
0
1

1
1
8
1
3226
0
1
11
67108864
3000
250
89
0
1
0
1
0
0
1
0
1
1
1
3252
0
1
12
67108864
2000
100
15
1
1
0
1
0
0
1
0
0
1
8
4
3272
0
1
11
134217728
2000
1000
80
0
1
0
1
0
0
1
0
1
8
4
3286
0
0
9
134217728
3000
50
1
0
1
0
0
1

1
1
4
2
3308
0
1
11
268435456
3000
250
5
0
1
0
1
0
0
1
1
1
4
1
3314
0
0
9
268435456
3000
500
1
0
1
0
0
1

1
1
2
1
3319
0
0
9
67108864
4000
100
1
0
1
0
0
1

1
1
1
1
3332
0
0
9
268435456
3000
50
1
0
1
0
0
1

1
1
1
1
3355
0
2
10
67108864
1000
100
10
1
0
1
0
0
1

0
1
1
1
3370
0
2
10
134217728
4000
1000
5
1
0
1
0
0
1

0
1
1
1
3372
0
1
12
67108864
4000
250
11
1
1
0
1
0
0
1
0
1
1
1
1
3383
0
2
10
134217728
3000
1000
100
1
0
1
0
0
1

1
1
2
1
3393
0
0
9
134217728
2000
250
1
0
1
0
0
1

1
1
8
1
3408
0
1
11
134217728
2000
500
20
0
1
0
1
0
0
1
0
1
2
1
3432
0
0
9
134217728
1000
1000
1
0
1
0
0
1

0
1
2
1
3453
0
0
9
268435456
2000
250
1
0
1
0
0
1

1
1
1
1
3465
0
1
11
134217728
4000
250
87
0
1
0
1
0
0
1
0
1
8
1
3471
0
2
10
134217728
1000
1000
5
1
0
1
0
0
1

0
1
4
4
3479
0
2
10
268435456
2000
100
1000
1
0
1
0
0
1

1
1
8
8
3487
0
1
12
268435456
1000
500
23
1
1
0
1
0
0
1
0
1
1
1
1
3495
0
1
12
134217728
1000
100
84
1
1
0
1
0
0
1
0
1
1
1
1
3498
0
2
10
268435456
3000
500
10
1
0
1
0
0
1

0
1
4
2
3509
0
1
12
134217728
1000
50
77
1
1
0
1
0
0
1
0
0
1
4
4
3530
0
2
10
268435456
1000
250
1
1
0
1
0
0
1

0
1
8
4
3544
0
2
10
268435456
3000
500
100
1
0
1
0
0
1

1
1
4
4
3556
0
0
9
134217728
1000
500
1
0
1
0
0
1

1
1
8
2
3567
0
1
12
268435456
2000
50
57
1
1
0
1
0
0
1
0
0
1
2
1
3592
0
0
9
268435456
1000
100
1
0
1
0
0
1

0
1
4
1
3606
0
2
10
268435456
3000
500
5
1
0
1
0
0
1

1
1
1
1
3611
0
0
9
67108864
3000
50
1
0
1
0
0
1

1
1
2
1
3624
0
2
10
268435456
1000
100
1000
1
0
1
0
0
1

1
1
2
1
3640
0
2
10
67108864
2000
250
1000
1
0
1
0
0
1

0
1
1
1
3667
0
0
9
268435456
3000
500
1
0
1
0
0
1

1
1
2
2
3678
0
0
9
67108864
3000
50
1
0
1
0
0
1

1
1
8
4
3707
0
0
9
268435456
2000
250
1
0
1
0
0
1

0
1
2
2
3713
0
2
10
268435456
2000
100
5
1
0
1
0
0
1

0
1
1
1
3736
0
0
9
268435456
2000
500
1
0
1
0
0
1

0
1
1
1
3753
0
1
12
268435456
2000
250
78
1
1
0
1
0
0
1
0
1
1
2
1
3774
0
2
10
268435456
3000
500
1000
1
0
1
0
0
1

0
1
1
1
3787
0
0
9
134217728
2000
50
1
0
1
0
0
1

0
1
8
2
3809
0
0
9
268435456
1000
500
1
0
1
0
0
1

0
1
2
1
3815
0
2
10
134217728
3000
100
10
1
0
1
0
0
1

1
1
2
1
3835
0
2
10
67108864
1000
100
1000
1
0
1
0
0
1

1
1
8
1
3862
0
2
10
134217728
4000
100
10
1
0
1
0
0
1

1
1
2
1
3866
0
2
10
134217728
4000
1000
10
1
0
1
0
0
1

0
1
1
1
3884
0
1
12
268435456
1000
500
70
1
1
0
1
0
0
1
0
1
1
2
1
3900
0
0
9
134217728
4000
500
1
0
1
0
0
1

0
1
2
1
3911
0
1
12
134217728
1000
100
28
1
1
0
1
0
0
1
0
0
1
8
2
3920
0
1
11
67108864
1000
1000
89
0
1
0
1
0
0
1
1
1
8
4
3950
0
0
9
67108864
3000
1000
1
0
1
0
0
1

1
1
1
1
3968
0
0
9
134217728
1000
250
1
0
1
0
0
1

1
1
2
1
3992
0
2
10
268435456
1000
100
100
1
0
1
0
0
1

0
1
8
8
4006
0
0
9
67108864
1000
100
1
0
1
0
0
1

1
1
1
1
4028
0
1
11
134217728
1000
100
40
0
1
0
1
0
0
1
1
1
8
4
4042
0
0
9
268435456
3000
250
1
0
1
0
0
1

0
1
8
1
4065
0
0
9
134217728
1000
250
1
0
1
0
0
1

0
1
2
1
4072
0
1
12
268435456
3000
500
69
1
1
0
1
0
0
1
0
1
1
4
2
4081
0
1
12
134217728
1000
500
40
1
1
0
1
0
0
1
0
0
1
1
1
4104
0
0
9
67108864
1000
500
1
0
1
0
0
1

0
1
8
2
4133
0
0
9
268435456
3000
100
1
0
1
0
0
1

1
1
4
4
4160
0
0
9
134217728
3000
100
1
0
1
0
0
1

0
1
8
1
4186
0
2
10
268435456
2000
500
100
1
0
1
0
0
1

1
1
4
2
4190
0
2
10
67108864
2000
1000
5
1
0
1
0
0
1

1
1
1
1
4220
0
1
12
268435456
3000
250
20
1
1
0
1
0
0
1
0
1
1
1
1
4226
0
0
9
67108864
3000
1000
1
0
1
0
0
1

0
1
4
4
4248
0
2
10
134217728
2000
500
1000
1
0
1
0
0
1

1
1
8
2
4260
0
1
12
134217728
3000
1000
38
1
1
0
1
0
0
1
0
0
1
8
8
4283
0
2
10
268435456
3000
100
5
1
0
1
0
0
1

0
1
1
1
4311
0
2
10
67108864
2000
1000
100
1
0
1
0
0
1

0
1
1
1
4340
0
0
9
268435456
3000
250
1
0
1
0
0
1

1
1
2
1
4367
0
2
10
268435456
2000
500
10
1
0
1
0
0
1

0
1
1
1
4379
0
2
10
67108864
1000
1000
1000
1
0
1
0
0
1

1
1
4
2
4406
0
2
10
134217728
2000
500
10
1
0
1
0
0
1

1
1
2
1
4410
0
0
9
268435456
3000
500
1
0
1
0
0
1

1
1
8
2
4413
0
0
9
134217728
2000
500
1
0
1
0
0
1

1
1
8
8
4415
0
0
9
134217728
3000
250
1
0
1
0
0
1

1
1
2
1
4417
0
2
10
67108864
4000
1000
1000
1
0
1
0
0
1

0
1
2
1
4447
0
1
11
268435456
3000
250
42
0
1
0
1
0
0
1
1
1
4
2
4464
0
1
11
268435456
1000
100
3
0
1
0
1
0
0
1
0
1
1
1
4471
0
0
9
268435456
1000
100
1
0
1
0
0
1

0
1
8
8
4477
0
2
10
268435456
3000
250
1000
1
0
1
0
0
1

1
1
1
1
4498
0
1
11
67108864
2000
50
69
0
1
0
1
0
0
1
1
1
2
2
4513
0
1
12
134217728
4000
1000
70
1
1
0
1
0
0
1
0
0
1
2
1
4521
0
1
12
268435456
3000
500
21
1
1
0
1
0
0
1
0
1
1
2
2
4548
0
2
10
268435456
3000
250
10
1
0
1
0
0
1

1
1
4
2
4563
0
2
10
268435456
3000
500
1000
1
0
1
0
0
1

0
1
2
1
4580
0
1
12
268435456
1000
100
7
1
1
0
1
0
0
1
0
1
1
2
2
4595
0
0
9
134217728
1000
1000
1
0
1
0
0
1

1
1
1
1
4606
0
1
12
67108864
1000
1000
35
1
1
0
1
0
0
1
0
0
1
8
2
4607
0
2
10
268435456
1000
250
1
1
0
1
0
0
1

1
1
2
1
4629
0
1
12
67108864
2000
500
64
1
1
0
1
0
0
1
0
0
1
8
8
4652
0
2
10
268435456
1000
100
1000
1
0
1
0
0
1

0
1
8
2
4666
0
2
10
134217728
1000
50
5
1
0
1
0
0
1

1
1
1
1
4669
0
1
12
268435456
3000
100
69
1
1
0
1
0
0
1
0
1
1
1
1
4687
0
2
10
67108864
4000
100
10
1
0
1
0
0
1

1
1
4
1
4700
0
0
9
67108864
2000
100
1
0
1
0
0
1

1
1
1
1
4707
0
1
12
268435456
1000
100
27
1
1
0
1
0
0
1
0
0
1
1
1
4718
0
2
10
134217728
3000
250
1000
1
0
1
0
0
1

1
1
1
1
4743
0
2
10
134217728
4000
1000
5
1
0
1
0
0
1

0
1
8
1
4755
0
2
10
134217728
4000
250
100
1
0
1
0
0
1

0
1
8
1
4760
0
1
11
268435456
1000
500
33
0
1
0
1
0
0
1
0
1
8
1
4764
0
2
10
268435456
1000
500
1000
1
0
1
0
0
1

0
1
8
8
4786
0
2
10
134217728
3000
50
5
1
0
1
0
0
1

0
1
1
1
4796
0
1
12
134217728
1000
50
25
1
1
0
1
0
0
1
0
0
1
2
2
4818
0
0
9
134217728
2000
100
1
0
1
0
0
1

1
1
4
2
4833
0
2
10
134217728
2000
500
100
1
0
1
0
0
1

1
1
4
1
4835
0
1
12
134217728
1000
1000
90
1
1
0
1
0
0
1
0
0
1
8
8
4837
0
2
10
67108864
3000
500
5
1
0
1
0
0
1

0
1
2
1
4850
0
0
9
67108864
2000
250
1
0
1
0
0
1

0
1
2
2
4859
0
0
9
67108864
2000
1000
1
0
1
0
0
1

0
1
4
2
4860
0
2
10
134217728
3000
100
100
1
0
1
0
0
1

0
1
1
1
4883
0
0
9
67108864
4000
500
1
0
1
0
0
1

1
1
2
1
4913
0
0
9
134217728
1000
50
1
0
1
0
0
1

1
1
2
1
4915
0
1
12
67108864
3000
250
27
1
1
0
1
0
0
1
0
0
1
2
1
4916
0
0
9
67108864
1000
50
1
0
1
0
0
1

0
1
1
1
4926
0
2
10
268435456
2000
500
5
1
0
1
0
0
1

1
1
4
2
4939
0
0
9
268435456
3000
500
1
0
1
0
0
1

0
1
8
2
4945
0
0
9
67108864
1000
100
1
0
1
0
0
1

0
1
8
4
4962
0
1
12
134217728
2000
500
16
1
1
0
1
0
0
1
0
0
1
8
4
4968
0
2
10
67108864
3000
1000
10
1
0
1
0
0
1

0
1
8
8
4972
0
1
12
134217728
3000
100
88
1
1
0
1
0
0
1
0
1
1
2
1
4995
0
1
12
268435456
3000
250
9
1
1
0
1
0
0
1
0
0
1
4
1
5008
0
2
10
67108864
2000
1000
5
1
0
1
0
0
1

0
1
2
1
5016
0
2
10
268435456
3000
500
1000
1
0
1
0
0
1

0
1
8
1
5017
0
0
9
67108864
3000
500
1
0
1
0
0
1

0
1
1
1
5041
0
2
10
134217728
2000
1000
100
1
0
1
0
0
1

1
1
1
1
5059
0
2
10
134217728
3000
250
10
1
0
1
0
0
1

1
1
2
1
5089
0
0
9
268435456
3000
100
1
0
1
0
0
1

1
1
4
1
5091
0
2
10
67108864
2000
1000
5
1
0
1
0
0
1

0
1
8
2
5110
0
1
11
134217728
1000
500
18
0
1
0
1
0
0
1
1
1
2
2
5138
0
1
12
67108864
4000
250
20
1
1
0
1
0
0
1
0
0
1
8
4
5153
0
2
10
67108864
3000
1000
10
1
0
1
0
0
1

0
1
1
1
5163
0
0
9
134217728
4000
500
1
0
1
0
0
1

0
1
2
1
5167
0
1
12
268435456
2000
500
55
1
1
0
1
0
0
1
0
0
1
4
4
5170
0
2
10
268435456
1000
250
1000
1
0
1
0
0
1

0
1
8
2
5198
0
0
9
134217728
3000
50
1
0
1
0
0
1

0
1
4
2
5222
0
0
9
67108864
3000
50
1
0
1
0
0
1

1
1
1
1
5251
0
0
9
268435456
2000
250
1
0
1
0
0
1

0
1
1
1
5280
0
0
9
134217728
3000
250
1
0
1
0
0
1

1
1
1
1
5310
0
2
10
134217728
1000
100
100
1
0
1
0
0
1

0
1
2
1
5324
0
0
9
67108864
3000
50
1
0
1
0
0
1

0
1
4
2
5340
0
1
12
134217728
1000
50
76
1
1
0
1
0
0
1
0
1
1
1
1
5344
0
1
11
134217728
2000
250
11
0
1
0
1
0
0
1
0
1
2
1
5361
0
1
12
67108864
3000
50
25
1
1
0
1
0
0
1
0
0
1
8
4
5384
0
0
9
268435456
3000
100
1
0
1
0
0
1

1
1
1
1
5412
0
2
10
268435456
2000
50
1
1
0
1
0
0
1

1
1
4
4
5435
0
2
10
134217728
2000
500
10
1
0
1
0
0
1

0
1
8
2
5462
0
0
9
134217728
3000
1000
1
0
1
0
0
1

1
1
8
8
5477
0
2
10
134217728
3000
1000
1
1
0
1
0
0
1

1
1
4
4
5486
0
0
9
134217728
1000
250
1
0
1
0
0
1

0
1
2
1
5506
0
1
12
268435456
2000
50
48
1
1
0
1
0
0
1
0
1
1
1
1
5517
0
1
12
67108864
3000
100
36
1
1
0
1
0
0
1
0
0
1
4
2
5518
0
1
12
134217728
3000
500
52
1
1
0
1
0
0
1
0
1
1
2
2
5547
0
2
10
268435456
3000
250
1
1
0
1
0
0
1

0
1
2
2
5573
0
0
9
67108864
4000
1000
1
0
1
0
0
1

1
1
2
2
5594
0
1
12
67108864
4000
100
35
1
1
0
1
0
0
1
0
0
1
1
1
5623
0
0
9
134217728
2000
100
1
0
1
0
0
1

0
1
8
1
5636
0
0
9
268435456
3000
250
1
0
1
0
0
1

0
1
2
1
5665
0
2
10
67108864
4000
1000
1000
1
0
1
0
0
1

0
1
8
2
5676
0
2
10
268435456
2000
500
1000
1
0
1
0
0
1

0
1
8
4
5686
0
0
9
134217728
4000
50
1
0
1
0
0
1

0
1
4
2
5706
0
2
10
134217728
4000
500
100
1
0
1
0
0
1

1
1
2
1
5718
0
2
10
134217728
3000
1000
1000
1
0
1
0
0
1

1
1
2
1
5723
0
0
9
134217728
1000
250
1
0
1
0
0
1

0
1
4
2
5750
0
1
12
134217728
4000
100
47
1
1
0
1
0
0
1
0
0
1
1
1
5756
0
0
9
67108864
3000
1000
1
0
1
0
0
1

0
1
8
4
5758
0
2
10
134217728
4000
250
100
1
0
1
0
0
1

1
1
2
1
5787
0
0
9
134217728
1000
1000
1
0
1
0
0
1

1
1
2
1
5809
0
2
10
67108864
2000
250
100
1
0
1
0
0
1

0
1
4
2
5810
0
2
10
67108864
4000
1000
100
1
0
1
0
0
1

0
1
2
1
5813
0
1
11
268435456
3000
500
1
0
1
0
1
0
0
1
0
1
8
4
5838
0
2
10
67108864
3000
500
10
1
0
1
0
0
1

1
1
2
1
5853
0
1
12
67108864
2000
50
74
1
1
0
1
0
0
1
0
1
1
1
1
5856
0
0
9
268435456
3000
500
1
0
1
0
0
1

1
1
1
1
5861
0
2
10
134217728
4000
1000
1
1
0
1
0
0
1

1
1
8
8
5884
0
2
10
268435456
3000
50
5
1
0
1
0
0
1

1
1
4
4
5896
0
1
12
67108864
4000
50
46
1
1
0
1
0
0
1
0
1
1
2
1
5908
0
1
12
268435456
3000
50
11
1
1
0
1
0
0
1
0
0
1
2
1
5912
0
2
10
268435456
3000
100
1
1
0
1
0
0
1

1
1
2
1
5931
0
1
11
134217728
1000
500
24
0
1
0
1
0
0
1
0
1
2
1
5960
0
2
10
268435456
2000
500
100
1
0
1
0
0
1

1
1
4
4
5977
0
1
12
134217728
2000
50
32
1
1
0
1
0
0
1
0
1
1
2
1
6005
0
2
10
67108864
2000
100
10
1
0
1
0
0
1

0
1
8
2
6007
0
2
10
268435456
1000
500
1000
1
0
1
0
0
1

1
1
1
1
6011
0
0
9
134217728
2000
50
1
0
1
0
0
1

1
1
2
1
6040
0
1
11
134217728
2000
250
35
0
1
0
1
0
0
1
1
1
4
4
6053
0
1
12
268435456
1000
250
35
1
1
0
1
0
0
1
0
0
1
1
1
6071
0
2
10
268435456
3000
50
5
1
0
1
0
0
1

1
1
8
8
6093
0
2
10
134217728
3000
50
1
1
0
1
0
0
1

1
1
4
2
6117
0
1
12
67108864
3000
50
73
1
1
0
1
0
0
1
0
0
1
4
4
6127
0
1
12
67108864
2000
50
65
1
1
0
1
0
0
1
0
1
1
2
1
6131
0
0
9
268435456
1000
50
1
0
1
0
0
1

1
1
2
2
6153
0
0
9
67108864
1000
250
1
0
1
0
0
1

1
1
8
8
6167
0
2
10
67108864
1000
500
10
1
0
1
0
0
1

0
1
8
2
6169
0
1
12
268435456
3000
250
1
1
1
0
1
0
0
1
0
0
1
1
1
6183
0
0
9
67108864
3000
250
1
0
1
0
0
1

1
1
4
2
6212
0
0
9
67108864
3000
100
1
0
1
0
0
1

1
1
4
4
6227
0
0
9
67108864
4000
1000
1
0
1
0
0
1

1
1
4
2
6231
0
2
10
134217728
4000
250
1
1
0
1
0
0
1

1
1
4
4
6259
0
1
12
268435456
2000
50
9
1
1
0
1
0
0
1
0
0
1
4
1
6270
0
0
9
268435456
3000
50
1
0
1
0
0
1

1
1
8
2
6275
0
0
9
268435456
3000
500
1
0
1
0
0
1

1
1
4
2
6299
0
2
10
268435456
3000
100
100
1
0
1
0
0
1

0
1
8
8
6325
0
2
10
67108864
2000
250
5
1
0
1
0
0
1

1
1
8
2
6350
0
0
9
134217728
3000
250
1
0
1
0
0
1

1
1
2
1
6365
0
2
10
67108864
3000
1000
10
1
0
1
0
0
1

0
1
2
2
6389
0
0
9
67108864
3000
1000
1
0
1
0
0
1

1
1
1
1
6408
0
1
11
268435456
3000
500
81
0
1
0
1
0
0
1
0
1
2
1
6426
0
1
11
134217728
3000
50
11
0
1
0
1
0
0
1
0
1
4
1
6442
0
2
10
134217728
3000
50
5
1
0
1
0
0
1

1
1
2
1
6452
0
2
10
67108864
1000
500
1
1
0
1
0
0
1

1
1
1
1
6479
0
2
10
134217728
4000
1000
5
1
0
1
0
0
1

0
1
1
1
6488
0
1
12
67108864
2000
1000
60
1
1
0
1
0
0
1
0
0
1
8
4
6503
0
2
10
67108864
1000
1000
1
1
0
1
0
0
1

0
1
8
2
6504
0
2
10
134217728
3000
250
10
1
0
1
0
0
1

1
1
2
1
6508
0
2
10
268435456
3000
500
100
1
0
1
0
0
1

1
1
1
1
6534
0
0
9
134217728
3000
50
1
0
1
0
0
1

1
1
2
1
6555
0
1
11
134217728
2000
1000
40
0
1
0
1
0
0
1
1
1
8
2
6574
0
0
9
67108864
3000
1000
1
0
1
0
0
1

0
1
2
1
6582
0
2
10
67108864
2000
500
10
1
0
1
0
0
1

1
1
4
2
6599
0
1
12
268435456
3000
250
88
1
1
0
1
0
0
1
0
1
1
8
1
6613
0
1
12
67108864
3000
50
22
1
1
0
1
0
0
1
0
1
1
2
2
6623
0
2
10
134217728
1000
1000
100
1
0
1
0
0
1

1
1
4
2
6638
0
1
11
134217728
4000
500
78
0
1
0
1
0
0
1
1
1
2
1
6666
0
1
12
268435456
3000
500
93
1
1
0
1
0
0
1
0
1
1
2
1
6692
0
0
9
67108864
4000
500
1
0
1
0
0
1

0
1
8
1
6701
0
0
9
134217728
2000
100
1
0
1
0
0
1

0
1
4
2
6727
0
0
9
67108864
3000
500
1
0
1
0
0
1

0
1
8
4
6729
0
1
12
268435456
3000
50
29
1
1
0
1
0
0
1
0
0
1
4
2
6733
0
1
12
268435456
3000
500
75
1
1
0
1
0
0
1
0
0
1
2
2
6751
0
0
9
134217728
3000
250
1
0
1
0
0
1

1
1
4
4
6761
0
2
10
268435456
3000
500
100
1
0
1
0
0
1

1
1
8
1
6772
0
1
11
268435456
1000
500
3
0
1
0
1
0
0
1
0
1
1
1
6783
0
0
9
134217728
1000
250
1
0
1
0
0
1

0
1
4
4
6799
0
1
11
268435456
1000
250
44
0
1
0
1
0
0
1
1
1
4
4
6808
0
2
10
67108864
3000
250
10
1
0
1
0
0
1

0
1
4
2
6819
0
2
10
67108864
2000
250
5
1
0
1
0
0
1

1
1
1
1
6835
0
2
10
134217728
2000
1000
1000
1
0
1
0
0
1

1
1
4
2
6850
0
1
11
268435456
1000
100
97
0
1
0
1
0
0
1
1
1
2
1
6865
0
0
9
134217728
4000
100
1
0
1
0
0
1

0
1
4
1
6878
0
0
9
268435456
1000
250
1
0
1
0
0
1

1
1
8
4
6893
0
0
9
67108864
2000
250
1
0
1
0
0
1

0
1
8
8
6919
0
0
9
134217728
4000
500
1
0
1
0
0
1

1
1
4
1
6930
0
1
12
67108864
1000
100
94
1
1
0
1
0
0
1
0
1
1
8
2
6956
0
1
11
67108864
2000
100
9
0
1
0
1
0
0
1
1
1
2
2
6981
0
0
9
134217728
2000
50
1
0
1
0
0
1

1
1
8
8
6986
0
1
12
67108864
3000
500
61
1
1
0
1
0
0
1
0
1
1
8
4
6991
0
0
9
67108864
3000
1000
1
0
1
0
0
1

0
1
4
2
7016
0
2
10
67108864
2000
500
1
1
0
1
0
0
1

0
1
1
1
7022
0
2
10
67108864
4000
100
1
1
0
1
0
0
1

1
1
2
1
7050
0
1
11
134217728
1000
1000
36
0
1
0
1
0
0
1
0
1
8
1
7078
0
0
9
67108864
2000
250
1
0
1
0
0
1

0
1
2
1
7089
0
2
10
268435456
2000
500
1
1
0
1
0
0
1

0
1
4
4
7105
0
1
11
268435456
3000
100
67
0
1
0
1
0
0
1
1
1
2
2
7122
0
2
10
268435456
1000
250
10
1
0
1
0
0
1

1
1
8
4
7128
0
2
10
134217728
2000
50
10
1
0
1
0
0
1

1
1
2
1
7143
0
2
10
67108864
2000
50
10
1
0
1
0
0
1

0
1
2
1
7163
0
0
9
67108864
2000
50
1
0
1
0
0
1

1
1
4
2
7183
0
0
9
67108864
1000
500
1
0
1
0
0
1

0
1
8
4
7196
0
1
12
67108864
4000
100
75
1
1
0
1
0
0
1
0
0
1
4
2
7219
0
2
10
268435456
2000
500
5
1
0
1
0
0
1

1
1
2
1
7231
0
2
10
134217728
4000
250
5
1
0
1
0
0
1

0
1
2
1
7232
0
0
9
268435456
3000
100
1
0
1
0
0
1

0
1
4
4
7242
0
2
10
67108864
1000
250
5
1
0
1
0
0
1

0
1
2
1
7268
0
0
9
268435456
3000
50
1
0
1
0
0
1

1
1
8
1
7296
0
1
12
134217728
1000
250
77
1
1
0
1
0
0
1
0
0
1
2
2
7324
0
1
11
67108864
2000
100
57
0
1
0
1
0
0
1
0
1
4
2
7351
0
1
12
268435456
2000
250
97
1
1
0
1
0
0
1
0
0
1
8
2
7375
0
0
9
268435456
3000
50
1
0
1
0
0
1

0
1
1
1
7384
0
0
9
134217728
2000
1000
1
0
1
0
0
1

1
1
1
1
7406
0
0
9
134217728
4000
500
1
0
1
0
0
1

0
1
8
8
7421
0
0
9
268435456
2000
100
1
0
1
0
0
1

1
1
8
4
7423
0
0
9
268435456
3000
250
1
0
1
0
0
1

0
1
1
1
7429
0
0
9
134217728
3000
50
1
0
1
0
0
1

0
1
4
4
7459
0
2
10
134217728
3000
50
10
1
0
1
0
0
1

0
1
8
8
7467
0
0
9
268435456
3000
50
1
0
1
0
0
1

1
1
1
1
7481
0
0
9
67108864
3000
500
1
0
1
0
0
1

0
1
4
4
7507
0
0
9
134217728
3000
100
1
0
1
0
0
1

0
1
1
1
7532
0
1
12
67108864
4000
1000
21
1
1
0
1
0
0
1
0
0
1
4
1
7544
0
2
10
134217728
3000
500
10
1
0
1
0
0
1

1
1
8
8
7550
0
2
10
134217728
2000
100
1000
1
0
1
0
0
1

1
1
4
2
7563
0
2
10
67108864
4000
1000
10
1
0
1
0
0
1

1
1
2
2
7576
0
2
10
268435456
1000
500
5
1
0
1
0
0
1

0
1
8
2
7579
0
0
9
268435456
3000
100
1
0
1
0
0
1

0
1
8
4
7602
0
2
10
67108864
4000
250
100
1
0
1
0
0
1

1
1
1
1
7616
0
2
10
268435456
3000
250
5
1
0
1
0
0
1

0
1
4
1
7626
0
2
10
67108864
1000
500
5
1
0
1
0
0
1

0
1
4
1
7646
0
0
9
268435456
3000
500
1
0
1
0
0
1

1
1
8
4
7675
0
1
11
268435456
3000
500
12
0
1
0
1
0
0
1
1
1
8
8
7703
0
0
9
268435456
1000
50
1
0
1
0
0
1

1
1
2
1
7710
0
1
12
67108864
1000
50
23
1
1
0
1
0
0
1
0
0
1
4
4
7725
0
0
9
67108864
3000
1000
1
0
1
0
0
1

1
1
4
1
7733
0
2
10
67108864
2000
1000
1000
1
0
1
0
0
1

0
1
2
1
7743
0
2
10
268435456
1000
500
1
1
0
1
0
0
1

1
1
8
1
7753
0
0
9
67108864
2000
250
1
0
1
0
0
1

1
1
1
1
7780
0
1
12
134217728
4000
50
11
1
1
0
1
0
0
1
0
1
1
2
2
7794
0
0
9
67108864
2000
100
1
0
1
0
0
1

0
1
4
4
7807
0
2
10
134217728
3000
250
100
1
0
1
0
0
1

1
1
2
2
7831
0
2
10
67108864
1000
100
1
1
0
1
0
0
1

0
1
2
1
7849
0
1
11
67108864
1000
1000
61
0
1
0
1
0
0
1
1
1
1
1
7863
0
0
9
67108864
2000
100
1
0
1
0
0
1

1
1
8
8
7892
0
1
11
268435456
2000
250
45
0
1
0
1
0
0
1
0
1
2
1
7906
0
0
9
67108864
3000
50
1
0
1
0
0
1

0
1
4
2
7931
0
2
10
134217728
2000
250
5
1
0
1
0
0
1

0
1
8
2
7960
0
0
9
67108864
3000
100
1
0
1
0
0
1

0
1
1
1
7976
0
0
9
134217728
4000
100
1
0
1
0
0
1

1
1
2
2
7982
0
2
10
268435456
3000
50
1000
1
0
1
0
0
1

0
1
8
2
7985
0
2
10
67108864
3000
1000
1000
1
0
1
0
0
1

0
1
4
4
8008
0
0
9
67108864
4000
100
1
0
1
0
0
1

1
1
8
2
8032
0
2
10
67108864
2000
1000
5
1
0
1
0
0
1

1
1
8
2
8035
0
0
9
134217728
4000
50
1
0
1
0
0
1

1
1
1
1
8062
0
0
9
67108864
3000
250
1
0
1
0
0
1

0
1
4
4
8079
0
1
11
134217728
2000
250
37
0
1
0
1
0
0
1
1
1
2
2
8081
0
0
9
134217728
1000
500
1
0
1
0
0
1

0
1
4
4
8085
0
2
10
67108864
4000
250
1
1
0
1
0
0
1

1
1
8
4
8092
0
1
11
268435456
3000
250
57
0
1
0
1
0
0
1
1
1
1
1
8106
0
0
9
268435456
2000
250
1
0
1
0
0
1

0
1
1
1
8124
0
1
12
268435456
3000
100
87
1
1
0
1
0
0
1
0
0
1
4
2
8127
0
0
9
67108864
4000
500
1
0
1
0
0
1

1
1
2
1
8138
0
0
9
134217728
4000
250
1
0
1
0
0
1

1
1
8
8
8145
0
2
10
134217728
2000
500
10
1
0
1
0
0
1

0
1
8
2
8147
0
0
9
67108864
3000
250
1
0
1
0
0
1

1
1
2
1
8164
0
1
12
268435456
2000
250
12
1
1
0
1
0
0
1
0
0
1
2
1
8166
0
1
12
268435456
3000
50
40
1
1
0
1
0
0
1
0
0
1
2
2
8185
0
2
10
134217728
3000
250
1
1
0
1
0
0
1

0
1
8
2
8187
0
2
10
134217728
1000
500
1000
1
0
1
0
0
1

1
1
4
4
8214
0
0
9
67108864
3000
1000
1
0
1
0
0
1

1
1
8
2
8220
0
1
12
268435456
3000
500
24
1
1
0
1
0
0
1
0
0
1
1
1
8239
0
0
9
268435456
3000
250
1
0
1
0
0
1

1
1
2
2
8261
0
2
10
67108864
2000
1000
10
1
0
1
0
0
1

1
1
2
1
8276
0
2
10
268435456
1000
100
5
1
0
1
0
0
1

1
1
2
1
8292
0
2
10
134217728
4000
250
1
1
0
1
0
0
1

0
1
8
8
8308
0
2
10
268435456
2000
500
1
1
0
1
0
0
1

0
1
1
1
8321
0
1
11
134217728
4000
100
35
0
1
0
1
0
0
1
0
1
4
1
8337
0
2
10
67108864
2000
1000
5
1
0
1
0
0
1

1
1
2
1
8361
0
0
9
134217728
2000
1000
1
0
1
0
0
1

0
1
8
2
8377
0
2
10
268435456
2000
100
5
1
0
1
0
0
1

1
1
8
4
8382
0
2
10
268435456
2000
250
1
1
0
1
0
0
1

1
1
8
2
8402
0
2
10
268435456
2000
250
5
1
0
1
0
0
1

0
1
4
2
8409
0
1
11
134217728
4000
250
39
0
1
0
1
0
0
1
1
1
2
1
8431
0
1
12
134217728
2000
50
44
1
1
0
1
0
0
1
0
0
1
8
8
8438
0
0
9
67108864
4000
50
1
0
1
0
0
1

1
1
8
8
8454
0
0
9
67108864
2000
250
1
0
1
0
0
1

0
1
2
2
8473
0
1
11
67108864
3000
500
59
0
1
0
1
0
0
1
0
1
4
1
8497
0
0
9
268435456
2000
500
1
0
1
0
0
1

1
1
8
1
8501
0
1
12
268435456
1000
50
68
1
1
0
1
0
0
1
0
0
1
8
4
8512
0
2
10
134217728
1000
1000
10
1
0
1
0
0
1

0
1
8
4
8532
0
1
11
134217728
1000
100
57
0
1
0
1
0
0
1
1
1
8
8
8541
0
2
10
67108864
3000
50
100
1
0
1
0
0
1

0
1
4
2
8569
0
2
10
268435456
1000
50
100
1
0
1
0
0
1

1
1
4
1
8581
0
2
10
268435456
2000
500
100
1
0
1
0
0
1

1
1
2
1
8606
0
1
12
134217728
1000
1000
83
1
1
0
1
0
0
1
0
0
1
8
4
8632
0
2
10
268435456
3000
500
10
1
0
1
0
0
1

1
1
2
1
8637
0
2
10
134217728
2000
50
100
1
0
1
0
0
1

0
1
2
1
8641
0
1
12
134217728
2000
250
60
1
1
0
1
0
0
1
0
1
1
4
1
8663
0
1
11
134217728
4000
50
60
0
1
0
1
0
0
1
0
1
4
2
8692
0
2
10
134217728
3000
500
5
1
0
1
0
0
1

1
1
2
1
8722
0
1
11
134217728
3000
250
61
0
1
0
1
0
0
1
1
1
1
1
8726
0
1
11
67108864
2000
50
88
0
1
0
1
0
0
1
0
1
8
2
8738
0
1
11
268435456
3000
100
31
0
1
0
1
0
0
1
1
1
8
2
8766
0
2
10
134217728
2000
50
100
1
0
1
0
0
1

1
1
1
1
8782
0
2
10
134217728
2000
250
100
1
0
1
0
0
1

1
1
8
4
8812
0
0
9
268435456
3000
500
1
0
1
0
0
1

1
1
8
1
8821
0
1
11
134217728
4000
100
3
0
1
0
1
0
0
1
1
1
1
1
8840
0
2
10
67108864
4000
100
1000
1
0
1
0
0
1

0
1
1
1
8846
0
0
9
268435456
2000
50
1
0
1
0
0
1

1
1
8
1
8871
0
2
10
134217728
2000
250
10
1
0
1
0
0
1

0
1
8
8
8881
0
2
10
67108864
2000
250
10
1
0
1
0
0
1

1
1
8
8
8905
0
0
9
134217728
2000
250
1
0
1
0
0
1

1
1
1
1
8922
0
1
12
67108864
4000
250
47
1
1
0
1
0
0
1
0
1
1
1
1
8924
0
1
12
67108864
3000
100
63
1
1
0
1
0
0
1
0
0
1
1
1
8947
0
2
10
134217728
3000
1000
10
1
0
1
0
0
1

1
1
4
2
8960
0
1
11
67108864
2000
500
6
0
1
0
1
0
0
1
0
1
4
2
8972
0
2
10
67108864
2000
50
10
1
0
1
0
0
1

0
1
8
4
8979
0
2
10
67108864
1000
500
1
1
0
1
0
0
1

0
1
8
4
8982
0
2
10
268435456
2000
50
5
1
0
1
0
0
1

0
1
4
1
8983
0
2
10
134217728
1000
500
5
1
0
1
0
0
1

0
1
8
1
9000
0
2
10
134217728
1000
1000
1
1
0
1
0
0
1

1
1
4
4
9008
0
1
11
67108864
4000
500
46
0
1
0
1
0
0
1
0
1
8
2
9036
0
2
10
268435456
3000
250
1000
1
0
1
0
0
1

1
1
2
2
9042
0
2
10
268435456
2000
50
100
1
0
1
0
0
1

0
1
8
8
9062
0
1
11
134217728
4000
250
54
0
1
0
1
0
0
1
0
1
8
4
9079
0
1
12
268435456
3000
50
77
1
1
0
1
0
0
1
0
1
1
1
1
9087
0
1
12
134217728
3000
500
51
1
1
0
1
0
0
1
0
1
1
8
4
9089
0
2
10
268435456
1000
100
100
1
0
1
0
0
1

1
1
2
1
9110
0
0
9
134217728
1000
1000
1
0
1
0
0
1

0
1
1
1
9138
0
0
9
134217728
1000
1000
1
0
1
0
0
1

1
1
8
1
9156
0
0
9
67108864
3000
50
1
0
1
0
0
1

0
1
2
2
9168
0
2
10
134217728
4000
50
1000
1
0
1
0
0
1

0
1
4
2
9193
0
2
10
134217728
2000
100
1000
1
0
1
0
0
1

0
1
4
1
9216
0
0
9
67108864
4000
1000
1
0
1
0
0
1

1
1
8
8
9219
0
2
10
134217728
2000
100
1
1
0
1
0
0
1

0
1
1
1
9246
0
0
9
134217728
2000
250
1
0
1
0
0
1

1
1
1
1
9274
0
2
10
268435456
3000
250
10
1
0
1
0
0
1

0
1
8
8
9279
0
0
9
134217728
1000
50
1
0
1
0
0
1

0
1
1
1
9309
0
2
10
67108864
4000
1000
5
1
0
1
0
0
1

0
1
2
2
9317
0
1
11
67108864
2000
500
77
0
1
0
1
0
0
1
0
1
2
1
9334
0
0
9
134217728
1000
500
1
0
1
0
0
1

0
1
1
1
9341
0
2
10
67108864
4000
1000
10
1
0
1
0
0
1

1
1
2
2
9353
0
1
11
268435456
1000
50
5
0
1
0
1
0
0
1
0
1
8
1
9359
0
1
12
67108864
3000
500
95
1
1
0
1
0
0
1
0
0
1
1
1
9374
0
1
12
134217728
2000
250
7
1
1
0
1
0
0
1
0
0
1
8
4
9378
0
1
12
67108864
2000
250
68
1
1
0
1
0
0
1
0
1
1
2
2
9400
0
0
9
268435456
3000
50
1
0
1
0
0
1

1
1
8
1
9408
0
1
12
67108864
3000
500
2
1
1
0
1
0
0
1
0
1
1
4
2
9414
0
0
9
67108864
3000
250
1
0
1
0
0
1

0
1
4
4
9437
0
0
9
67108864
2000
500
1
0
1
0
0
1

1
1
2
1
9443
0
1
11
134217728
1000
1000
65
0
1
0
1
0
0
1
0
1
2
1
9458
0
0
9
268435456
3000
500
1
0
1
0
0
1

0
1
1
1
9473
0
1
11
67108864
1000
500
5
0
1
0
1
0
0
1
1
1
2
1
9501
0
1
11
134217728
3000
250
94
0
1
0
1
0
0
1
0
1
2
2
9522
0
2
10
67108864
1000
1000
100
1
0
1
0
0
1

1
1
1
1
9531
0
1
11
134217728
1000
100
26
0
1
0
1
0
0
1
0
1
2
1
9543
0
0
9
67108864
1000
1000
1
0
1
0
0
1

1
1
1
1
9570
0
1
11
134217728
3000
500
40
0
1
0
1
0
0
1
1
1
4
2
9588
0
0
9
67108864
3000
1000
1
0
1
0
0
1

1
1
1
1
9614
0
0
9
268435456
3000
500
1
0
1
0
0
1

0
1
1
1
9620
0
1
12
268435456
3000
100
60
1
1
0
1
0
0
1
0
1
1
2
1
9625
0
2
10
268435456
2000
100
1
1
0
1
0
0
1

1
1
1
1
9646
0
1
11
67108864
3000
1000
24
0
1
0
1
0
0
1
0
1
2
1
9654
0
0
9
134217728
1000
250
1
0
1
0
0
1

0
1
2
1
9660
0
1
11
268435456
3000
50
20
0
1
0
1
0
0
1
1
1
1
1
9685
0
2
10
134217728
2000
250
10
1
0
1
0
0
1

1
1
8
4
9697
0
2
10
268435456
3000
500
1000
1
0
1
0
0
1

0
1
8
2
9706
0
2
10
134217728
3000
500
1000
1
0
1
0
0
1

1
1
4
2
9731
0
2
10
134217728
3000
100
1000
1
0
1
0
0
1

1
1
1
1
9735
0
1
11
134217728
3000
500
60
0
1
0
1
0
0
1
1
1
1
1
9764
0
1
12
67108864
2000
1000
16
1
1
0
1
0
0
1
0
0
1
1
1
9775
0
2
10
134217728
1000
50
1000
1
0
1
0
0
1

0
1
8
2
9791
0
0
9
268435456
1000
500
1
0
1
0
0
1

1
1
1
1
9793
0
2
10
134217728
2000
100
10
1
0
1
0
0
1

0
1
8
2
9805
0
2
10
268435456
2000
500
5
1
0
1
0
0
1

0
1
8
1
9824
0
1
12
268435456
1000
50
50
1
1
0
1
0
0
1
0
0
1
8
8
9854
0
0
9
268435456
2000
500
1
0
1
0
0
1

1
1
2
1
9865
0
2
10
268435456
2000
500
5
1
0
1
0
0
1

1
1
2
1
9868
0
1
11
268435456
2000
500
35
0
1
0
1
0
0
1
1
1
8
8
9875
0
2
10
67108864
1000
100
1
1
0
1
0
0
1

0
1
4
2
9877
0
0
9
268435456
2000
500
1
0
1
0
0
1

1
1
4
2
9903
0
1
11
134217728
3000
50
65
0
1
0
1
0
0
1
0
1
1
1
9906
0
0
9
67108864
2000
250
1
0
1
0
0
1

0
1
4
2
9914
0
2
10
268435456
1000
250
1000
1
0
1
0
0
1

1
1
2
1
9916
0
1
11
67108864
2000
50
44
0
1
0
1
0
0
1
1
1
1
1
9932
0
0
9
67108864
2000
50
1
0
1
0
0
1

1
1
2
2
9941
0
0
9
134217728
2000
1000
1
0
1
0
0
1

0
1
8
4
9944
0
1
12
67108864
1000
500
33
1
1
0
1
0
0
1
0
1
1
1
1
9967
0
1
12
268435456
2000
50
85
1
1
0
1
0
0
1
0
1
1
8
8
9974
0
0
9
268435456
3000
500
1
0
1
0
0
1

0
1
4
2
9999
0
2
10
67108864
1000
500
1
1
0
1
0
0
1

1
1
8
1
10015
0
2
10
268435456
3000
500
100
1
0
1
0
0
1

0
1
1
1
10037
0
1
11
67108864
2000
500
52
0
1
0
1
0
0
1
1
1
8
4
10044
0
2
10
268435456
3000
500
1
1
0
1
0
0
1

0
1
8
4
10049
0
2
10
67108864
4000
100
1
1
0
1
0
0
1

0
1
8
2
10061
0
1
12
134217728
2000
500
47
1
1
0
1
0
0
1
0
0
1
4
2
10062
0
1
11
67108864
3000
1000
54
0
1
0
1
0
0
1
1
1
2
2
10086
0
1
11
134217728
1000
1000
95
0
1
0
1
0
0
1
0
1
8
4
10109
0
0
9
134217728
4000
1000
1
0
1
0
0
1

0
1
8
1
10118
0
2
10
134217728
1000
1000
1000
1
0
1
0
0
1

0
1
4
4
10134
0
1
11
268435456
2000
500
65
0
1
0
1
0
0
1
0
1
8
4
10144
0
2
10
268435456
1000
250
1
1
0
1
0
0
1

0
1
4
2
10168
0
1
11
67108864
4000
1000
40
0
1
0
1
0
0
1
1
1
1
1
10197
0
1
12
134217728
3000
50
53
1
1
0
1
0
0
1
0
0
1
8
4
10217
0
2
10
67108864
4000
1000
1000
1
0
1
0
0
1

1
1
4
2
10218
0
0
9
268435456
3000
250
1
0
1
0
0
1

0
1
8
4
10231
0
2
10
134217728
1000
500
1
1
0
1
0
0
1

1
1
4
1
10256
0
2
10
268435456
2000
50
1
1
0
1
0
0
1

0
1
8
1
10275
0
1
12
67108864
3000
100
65
1
1
0
1
0
0
1
0
0
1
4
4
10302
0
0
9
268435456
1000
100
1
0
1
0
0
1

0
1
4
2
10318
0
2
10
134217728
2000
1000
1
1
0
1
0
0
1

0
1
8
8
10319
0
1
11
134217728
3000
100
19
0
1
0
1
0
0
1
0
1
2
1
10344
0
1
12
134217728
4000
100
68
1
1
0
1
0
0
1
0
1
1
4
4
10361
0
0
9
134217728
4000
100
1
0
1
0
0
1

1
1
2
1
10380
0
1
11
268435456
2000
500
93
0
1
0
1
0
0
1
1
1
2
1
10394
0
0
9
67108864
1000
500
1
0
1
0
0
1

1
1
8
2
10404
0
1
12
134217728
4000
1000
5
1
1
0
1
0
0
1
0
0
1
1
1
10410
0
0
9
67108864
3000
250
1
0
1
0
0
1

0
1
8
8
10424
0
2
10
67108864
2000
50
10
1
0
1
0
0
1

1
1
8
1
10454
0
2
10
67108864
4000
100
1000
1
0
1
0
0
1

0
1
1
1
10479
0
2
10
134217728
3000
100
1
1
0
1
0
0
1

1
1
2
1
10509
0
0
9
134217728
1000
500
1
0
1
0
0
1

0
1
2
1
10513
0
0
9
67108864
4000
250
1
0
1
0
0
1

1
1
4
1
10528
0
1
11
268435456
1000
250
81
0
1
0
1
0
0
1
1
1
2
1
10538
0
2
10
134217728
3000
500
1000
1
0
1
0
0
1

1
1
4
2
10566
0
2
10
134217728
2000
250
1000
1
0
1
0
0
1

0
1
1
1
10576
0
2
10
268435456
2000
50
5
1
0
1
0
0
1

0
1
2
1
10601
0
0
9
67108864
1000
500
1
0
1
0
0
1

0
1
4
2
10614
0
1
12
134217728
3000
1000
95
1
1
0
1
0
0
1
0
1
1
2
2
10627
0
0
9
134217728
4000
250
1
0
1
0
0
1

1
1
8
2
10650
0
2
10
268435456
3000
50
100
1
0
1
0
0
1

1
1
1
1
10668
0
2
10
134217728
4000
50
100
1
0
1
0
0
1

1
1
1
1
10691
0
0
9
67108864
3000
50
1
0
1
0
0
1

1
1
8
8
10708
0
1
11
268435456
3000
100
84
0
1
0
1
0
0
1
1
1
2
1
10738
0
1
11
268435456
3000
500
69
0
1
0
1
0
0
1
0
1
2
1
10758
0
1
12
67108864
2000
100
25
1
1
0
1
0
0
1
0
1
1
1
1
10774
0
0
9
134217728
4000
500
1
0
1
0
0
1

0
1
8
8
10775
0
0
9
268435456
3000
500
1
0
1
0
0
1

0
1
1
1
10795
0
0
9
67108864
1000
1000
1
0
1
0
0
1

1
1
4
4
10817
0
0
9
67108864
4000
1000
1
0
1
0
0
1

0
1
8
8
10834
0
2
10
134217728
2000
1000
100
1
0
1
0
0
1

0
1
1
1
10842
0
1
11
134217728
1000
100
4
0
1
0
1
0
0
1
1
1
4
2
10855
0
0
9
268435456
3000
500
1
0
1
0
0
1

0
1
2
1
10873
0
2
10
67108864
4000
500
10
1
0
1
0
0
1

1
1
1
1
10885
0
1
11
67108864
3000
100
8
0
1
0
1
0
0
1
0
1
2
1
10901
0
1
11
67108864
2000
100
12
0
1
0
1
0
0
1
0
1
8
4
10908
0
1
11
67108864
1000
250
97
0
1
0
1
0
0
1
0
1
4
4
10913
0
1
11
134217728
2000
50
58
0
1
0
1
0
0
1
1
1
1
1
10943
0
1
11
67108864
4000
1000
48
0
1
0
1
0
0
1
1
1
2
1
10961
0
2
10
67108864
4000
250
10
1
0
1
0
0
1

1
1
4
1
10965
0
0
9
67108864
3000
100
1
0
1
0
0
1

0
1
4
2
10966
0
1
12
268435456
2000
100
90
1
1
0
1
0
0
1
0
1
1
4
2
10993
0
0
9
134217728
2000
100
1
0
1
0
0
1

0
1
2
1
11003
0
1
12
67108864
3000
100
14
1
1
0
1
0
0
1
0
0
1
8
1
11004
0
0
9
268435456
2000
250
1
0
1
0
0
1

1
1
1
1
11011
0
2
10
268435456
1000
500
100
1
0
1
0
0
1

1
1
4
1
11022
0
1
12
134217728
3000
50
4
1
1
0
1
0
0
1
0
1
1
2
2
11030
0
1
12
268435456
3000
50
69
1
1
0
1
0
0
1
0
0
1
8
8
11054
0
1
11
268435456
1000
500
44
0
1
0
1
0
0
1
0
1
4
1
11079
0
1
11
67108864
2000
50
34
0
1
0
1
0
0
1
0
1
8
1
11096
0
0
9
134217728
4000
1000
1
0
1
0
0
1

1
1
4
2
11120
0
0
9
134217728
2000
50
1
0
1
0
0
1

1
1
1
1
11140
0
1
12
268435456
3000
500
74
1
1
0
1
0
0
1
0
1
1
1
1
11142
0
1
11
67108864
2000
50
67
0
1
0
1
0
0
1
1
1
4
4
11159
0
2
10
268435456
3000
500
5
1
0
1
0
0
1

1
1
4
1
11161
0
2
10
67108864
2000
250
1000
1
0
1
0
0
1

1
1
4
2
11162
0
1
12
134217728
3000
1000
89
1
1
0
1
0
0
1
0
1
1
1
1
11187
0
1
11
134217728
2000
50
60
0
1
0
1
0
0
1
1
1
2
1
11195
0
2
10
268435456
3000
250
1000
1
0
1
0
0
1

0
1
1
1
11209
0
0
9
134217728
4000
500
1
0
1
0
0
1

0
1
8
2
11229
0
0
9
67108864
2000
50
1
0
1
0
0
1

0
1
1
1
11255
0
0
9
134217728
4000
50
1
0
1
0
0
1

1
1
8
1
11277
0
1
11
67108864
4000
1000
70
0
1
0
1
0
0
1
0
1
2
1
11291
0
0
9
134217728
2000
250
1
0
1
0
0
1

0
1
1
1
11319
0
0
9
268435456
2000
500
1
0
1
0
0
1

1
1
8
2
11342
0
2
10
67108864
4000
1000
10
1
0
1
0
0
1

1
1
1
1
11367
0
1
12
134217728
4000
1000
65
1
1
0
1
0
0
1
0
0
1
1
1
11395
0
0
9
268435456
1000
500
1
0
1
0
0
1

0
1
1
1
11412
0
2
10
268435456
2000
500
1
1
0
1
0
0
1

1
1
8
8
11417
0
0
9
268435456
2000
250
1
0
1
0
0
1

0
1
2
1
11438
0
0
9
134217728
4000
500
1
0
1
0
0
1

0
1
1
1
11460
0
2
10
134217728
3000
50
100
1
0
1
0
0
1

0
1
8
2
11477
0
0
9
134217728
3000
500
1
0
1
0
0
1

0
1
8
8
11485
0
0
9
67108864
3000
100
1
0
1
0
0
1

0
1
4
4
11498
0
0
9
67108864
1000
50
1
0
1
0
0
1

0
1
1
1
11519
0
2
10
134217728
2000
100
100
1
0
1
0
0
1

0
1
1
1
11523
0
0
9
134217728
2000
50
1
0
1
0
0
1

0
1
1
1
11534
0
2
10
268435456
3000
250
10
1
0
1
0
0
1

0
1
4
2
11551
0
0
9
67108864
1000
1000
1
0
1
0
0
1

0
1
2
1
11556
0
0
9
134217728
4000
1000
1
0
1
0
0
1

0
1
2
1
11575
0
1
11
268435456
2000
500
25
0
1
0
1
0
0
1
0
1
4
4
11578
0
2
10
67108864
3000
250
5
1
0
1
0
0
1

0
1
4
1
11596
0
1
12
268435456
3000
50
78
1
1
0
1
0
0
1
0
0
1
1
1
11599
0
0
9
134217728
1000
50
1
0
1
0
0
1

0
1
1
1
11610
0
2
10
134217728
1000
1000
5
1
0
1
0
0
1

0
1
8
4
11629
0
2
10
134217728
3000
50
5
1
0
1
0
0
1

0
1
4
2
11638
0
1
12
134217728
2000
500
43
1
1
0
1
0
0
1
0
0
1
4
1
11659
0
0
9
268435456
3000
500
1
0
1
0
0
1

0
1
1
1
11672
0
2
10
268435456
1000
500
5
1
0
1
0
0
1

0
1
2
1
11676
0
2
10
134217728
1000
500
1000
1
0
1
0
0
1

0
1
8
2
11698
0
0
9
268435456
2000
500
1
0
1
0
0
1

0
1
4
1
11724
0
2
10
134217728
2000
250
100
1
0
1
0
0
1

0
1
4
2
11732
0
0
9
67108864
3000
50
1
0
1
0
0
1

0
1
2
1
11761
0
2
10
134217728
1000
1000
10
1
0
1
0
0
1

0
1
2
1
11768
0
0
9
134217728
3000
1000
1
0
1
0
0
1

0
1
2
2
11780
0
2
10
67108864
1000
500
10
1
0
1
0
0
1

0
1
8
2
11783
0
2
10
268435456
3000
500
100
1
0
1
0
0
1

0
1
2
2
11812
0
2
10
268435456
1000
50
5
1
0
1
0
0
1

0
1
2
1
11814
0
0
9
67108864
2000
100
1
0
1
0
0
1

0
1
2
1
11825
0
0
9
268435456
3000
50
1
0
1
0
0
1

0
1
8
8
11832
0
2
10
268435456
2000
50
100
1
0
1
0
0
1

0
1
1
1
11837
0
1
11
67108864
2000
500
57
0
1
0
1
0
0
1
0
1
1
1
11839
0
0
9
134217728
1000
250
1
0
1
0
0
1

0
1
2
1
11860
0
1
12
268435456
3000
50
8
1
1
0
1
0
0
1
0
0
1
1
1
11889
0
1
11
67108864
1000
1000
35
0
1
0
1
0
0
1
0
1
2
1
11899
0
0
9
67108864
1000
500
1
0
1
0
0
1

0
1
8
4
11900
0
1
11
268435456
3000
500
11
0
1
0
1
0
0
1
0
1
1
1
11903
0
1
11
134217728
1000
50
46
0
1
0
1
0
0
1
0
1
4
2
11929
0
2
10
268435456
2000
250
5
1
0
1
0
0
1

0
1
8
1
11958
0
0
9
134217728
3000
250
1
0
1
0
0
1

0
1
1
1
11963
0
0
9
268435456
3000
500
1
0
1
0
0
1

0
1
2
1
11967
0
1
11
67108864
2000
100
37
0
1
0
1
0
0
1
0
1
4
1
11990
0
0
9
134217728
4000
50
1
0
1
0
0
1

0
1
4
2
12016
0
0
9
134217728
1000
50
1
0
1
0
0
1

0
1
8
4
12032
0
0
9
67108864
4000
1000
1
0
1
0
0
1

0
1
2
1
12058
0
1
12
268435456
3000
100
35
1
1
0
1
0
0
1
0
0
1
4
1
12073
0
2
10
134217728
4000
250
5
1
0
1
0
0
1

0
1
4
2
12101
0
2
10
268435456
3000
100
100
1
0
1
0
0
1

0
1
8
4
12131
0
0
9
268435456
3000
500
1
0
1
0
0
1

0
1
2
1
12150
0
2
10
67108864
1000
250
1000
1
0
1
0
0
1

0
1
2
1
12167
0
0
9
134217728
1000
500
1
0
1
0
0
1

0
1
8
4
12174
0
2
10
134217728
2000
500
10
1
0
1
0
0
1

0
1
4
2
12198
0
0
9
268435456
2000
100
1
0
1
0
0
1

0
1
4
2
12199
0
1
12
134217728
2000
100
48
1
1
0
1
0
0
1
0
0
1
4
4
12214
0
2
10
134217728
2000
100
1
1
0
1
0
0
1

0
1
4
2
12215
0
0
9
268435456
3000
500
1
0
1
0
0
1

0
1
8
2
12227
0
0
9
134217728
1000
250
1
0
1
0
0
1

0
1
8
1
12243
0
1
12
134217728
4000
50
94
1
1
0
1
0
0
1
0
0
1
1
1
12271
0
2
10
268435456
1000
250
5
1
0
1
0
0
1

0
1
2
1
12296
0
2
10
134217728
1000
50
1
1
0
1
0
0
1

0
1
4
2
12317
0
2
10
268435456
3000
500
10
1
0
1
0
0
1

0
1
2
1
12344
0
2
10
67108864
2000
250
1000
1
0
1
0
0
1

0
1
2
1
12354
0
2
10
268435456
2000
100
1000
1
0
1
0
0
1

0
1
4
2
12379
0
1
11
134217728
2000
500
40
0
1
0
1
0
0
1
0
1
4
4
12401
0
1
11
67108864
1000
1000
63
0
1
0
1
0
0
1
0
1
2
1
12431
0
0
9
268435456
1000
50
1
0
1
0
0
1

0
1
8
1
12445
0
0
9
268435456
1000
100
1
0
1
0
0
1

0
1
2
2
12468
0
1
11
67108864
2000
50
5
0
1
0
1
0
0
1
0
1
4
1
12474
0
0
9
67108864
1000
500
1
0
1
0
0
1

0
1
1
1
12491
0
2
10
134217728
4000
500
100
1
0
1
0
0
1

0
1
4
4
12507
0
1
11
67108864
4000
250
51
0
1
0
1
0
0
1
0
1
4
1
12533
0
0
9
134217728
1000
1000
1
0
1
0
0
1

0
1
4
1
12546
0
0
9
67108864
2000
1000
1
0
1
0
0
1

0
1
4
4
12567
0
2
10
134217728
4000
250
1000
1
0
1
0
0
1

0
1
2
2
12597
0
1
11
134217728
1000
250
57
0
1
0
1
0
0
1
0
1
2
1
12621
0
1
12
67108864
1000
250
85
1
1
0
1
0
0
1
0
0
1
8
2
12624
0
0
9
67108864
2000
1000
1
0
1
0
0
1

0
1
4
4
12637
0
0
9
134217728
4000
1000
1
0
1
0
0
1

0
1
4
2
12663
0
0
9
268435456
3000
100
1
0
1
0
0
1

0
1
8
1
12664
0
1
11
268435456
3000
100
54
0
1
0
1
0
0
1
0
1
4
2
12671
0
1
12
268435456
3000
250
39
1
1
0
1
0
0
1
0
0
1
4
2
12682
0
1
11
134217728
3000
500
62
0
1
0
1
0
0
1
0
1
1
1
12692
0
0
9
67108864
1000
250
1
0
1
0
0
1

0
1
4
1
12702
0
0
9
268435456
2000
500
1
0
1
0
0
1

0
1
8
1
12726
0
1
11
134217728
4000
250
42
0
1
0
1
0
0
1
0
1
2
2
12727
0
0
9
67108864
3000
500
1
0
1
0
0
1

0
1
4
2
12728
0
1
12
268435456
3000
500
43
1
1
0
1
0
0
1
0
0
1
2
1
12739
0
0
9
134217728
3000
250
1
0
1
0
0
1

0
1
1
1
12747
0
0
9
268435456
3000
50
1
0
1
0
0
1

0
1
4
1
12748
0
1
11
268435456
2000
100
91
0
1
0
1
0
0
1
0
1
1
1
12755
0
1
12
67108864
1000
50
77
1
1
0
1
0
0
1
0
0
1
1
1
12774
0
0
9
134217728
3000
250
1
0
1
0
0
1

0
1
2
1
12791
0
0
9
268435456
1000
50
1
0
1
0
0
1

0
1
1
1
12793
0
1
11
268435456
1000
500
72
0
1
0
1
0
0
1
0
1
4
2
12802
0
1
12
134217728
3000
500
50
1
1
0
1
0
0
1
0
0
1
2
1
12832
0
0
9
134217728
1000
100
1
0
1
0
0
1

0
1
8
2
12833
0
0
9
134217728
3000
1000
1
0
1
0
0
1

0
1
1
1
12849
0
1
12
67108864
3000
50
33
1
1
0
1
0
0
1
0
0
1
8
8
12866
0
0
9
134217728
1000
50
1
0
1
0
0
1

0
1
8
8
12877
0
0
9
268435456
2000
100
1
0
1
0
0
1

0
1
4
4
12883
0
0
9
134217728
2000
250
1
0
1
0
0
1

0
1
2
1
12911
0
0
9
67108864
2000
50
1
0
1
0
0
1

0
1
1
1
12932
0
1
12
268435456
3000
500
20
1
1
0
1
0
0
1
0
0
1
2
1
12939
0
1
12
67108864
2000
100
75
1
1
0
1
0
0
1
0
0
1
4
2
12966
0
1
12
134217728
4000
500
82
1
1
0
1
0
0
1
0
0
1
4
1
12986
0
1
11
268435456
1000
250
9
0
1
0
1
0
0
1
0
1
2
2
13012
0
1
12
134217728
2000
100
69
1
1
0
1
0
0
1
0
0
1
1
1
13029
0
0
9
268435456
3000
500
1
0
1
0
0
1

0
1
2
1
13044
0
1
12
134217728
4000
250
16
1
1
0
1
0
0
1
0
0
1
8
1
13061
0
0
9
134217728
2000
250
1
0
1
0
0
1

0
1
1
1
13079
0
0
9
268435456
3000
50
1
0
1
0
0
1

0
1
1
1
13092
0
0
9
268435456
3000
500
1
0
1
0
0
1

0
1
8
4
13102
0
0
9
67108864
3000
50
1
0
1
0
0
1

0
1
8
4
13108
0
0
9
268435456
3000
250
1
0
1
0
0
1

0
1
4
1
13113
0
0
9
67108864
1000
500
1
0
1
0
0
1

0
1
8
8
13118
0
1
11
67108864
4000
1000
60
0
1
0
1
0
0
1
0
1
8
1
13148
0
1
12
67108864
4000
250
68
1
1
0
1
0
0
1
0
0
1
2
1
13165
0
0
9
67108864
4000
250
1
0
1
0
0
1

0
1
8
4
13190
0
1
11
67108864
2000
500
9
0
1
0
1
0
0
1
0
1
1
1
13207
0
0
9
268435456
3000
250
1
0
1
0
0
1

0
1
2
1
13236
0
1
12
67108864
3000
100
52
1
1
0
1
0
0
1
0
0
1
8
8
13243
0
0
9
67108864
4000
50
1
0
1
0
0
1

0
1
8
8
13263
0
1
11
268435456
2000
500
54
0
1
0
1
0
0
1
0
1
2
1
13279
0
0
9
67108864
1000
250
1
0
1
0
0
1

0
1
8
4
13282
0
0
9
134217728
1000
500
1
0
1
0
0
1

0
1
1
1
13294
0
1
11
268435456
3000
100
79
0
1
0
1
0
0
1
0
1
4
4
13313
0
1
12
67108864
2000
250
76
1
1
0
1
0
0
1
0
0
1
8
8
13315
0
1
11
67108864
1000
250
50
0
1
0
1
0
0
1
0
1
2
1
13338
0
0
9
67108864
3000
100
1
0
1
0
0
1

0
1
1
1
13358
0
1
11
67108864
4000
100
65
0
1
0
1
0
0
1
0
1
1
1
13361
0
1
11
67108864
4000
500
38
0
1
0
1
0
0
1
0
1
8
1
13376
0
0
9
268435456
1000
50
1
0
1
0
0
1

0
1
8
1
13393
0
1
12
67108864
3000
100
13
1
1
0
1
0
0
1
0
0
1
1
1
13409
0
0
9
268435456
3000
500
1
0
1
0
0
1

0
1
4
1
13421
0
0
9
67108864
2000
100
1
0
1
0
0
1

0
1
8
1
13427
0
0
9
134217728
3000
100
1
0
1
0
0
1

0
1
1
1
13433
0
1
12
134217728
4000
500
45
1
1
0
1
0
0
1
0
0
1
4
2
13444
0
1
12
268435456
3000
50
16
1
1
0
1
0
0
1
0
0
1
2
1
13459
0
1
11
67108864
4000
250
38
0
1
0
1
0
0
1
0
1
1
1
13469
0
0
9
67108864
4000
1000
1
0
1
0
0
1

0
1
4
1
13488
0
0
9
134217728
4000
50
1
0
1
0
0
1

0
1
1
1
13507
0
0
9
134217728
2000
500
1
0
1
0
0
1

0
1
2
1
13518
0
1
11
67108864
1000
50
31
0
1
0
1
0
0
1
0
1
8
4
13534
0
1
11
268435456
2000
100
22
0
1
0
1
0
0
1
0
1
2
1
13536
0
1
12
268435456
3000
500
58
1
1
0
1
0
0
1
0
0
1
4
2
13566
0
0
9
268435456
1000
50
1
0
1
0
0
1

0
1
4
1
13595
0
1
12
134217728
3000
50
2
1
1
0
1
0
0
1
0
0
1
1
1
13600
0
0
9
67108864
3000
250
1
0
1
0
0
1

0
1
8
1
13627
0
1
11
134217728
3000
250
15
0
1
0
1
0
0
1
0
1
2
2
13644
0
1
11
134217728
3000
100
16
0
1
0
1
0
0
1
0
1
4
2
13670
0
1
11
134217728
2000
50
69
0
1
0
1
0
0
1
0
1
4
4
13687
0
1
12
134217728
3000
1000
69
1
1
0
1
0
0
1
0
0
1
4
2
13690
0
0
9
67108864
1000
1000
1
0
1
0
0
1

0
1
4
1
13720
0
1
12
134217728
3000
50
36
1
1
0
1
0
0
1
0
0
1
4
2
13747
0
1
12
268435456
3000
500
60
1
1
0
1
0
0
1
0
0
1
8
2
13774
0
1
11
134217728
2000
100
15
0
1
0
1
0
0
1
0
1
8
2
13785
0
0
9
67108864
2000
50
1
0
1
0
0
1

0
1
1
1
13787
0
0
9
268435456
3000
500
1
0
1
0
0
1

0
1
1
1
13808
0
0
9
67108864
1000
1000
1
0
1
0
0
1

0
1
2
1
13821
0
0
9
67108864
2000
100
1
0
1
0
0
1

0
1
8
4
13824
0
0
9
134217728
3000
500
1
0
1
0
0
1

0
1
1
1
13848
0
0
9
67108864
3000
50
1
0
1
0
0
1

0
1
2
1
13877
0
0
9
268435456
2000
500
1
0
1
0
0
1

0
1
1
1
13891
0
0
9
268435456
3000
500
1
0
1
0
0
1

0
1
8
2
13896
0
0
9
134217728
2000
100
1
0
1
0
0
1

0
1
2
1
13925
0
0
9
67108864
2000
100
1
0
1
0
0
1

0
1
1
1
13940
0
0
9
268435456
3000
250
1
0
1
0
0
1

0
1
4
2
13963
0
0
9
134217728
4000
50
1
0
1
0
0
1

0
1
8
1
13986
0
0
9
268435456
2000
500
1
0
1
0
0
1

0
1
2
2
13995
0
0
9
268435456
3000
250
1
0
1
0
0
1

0
1
2
1
14020
0
0
9
268435456
2000
500
1
0
1
0
0
1

0
1
4
2
14021
0
0
9
134217728
1000
1000
1
0
1
0
0
1

0
1
4
1
14036
0
0
9
134217728
3000
250
1
0
1
0
0
1

0
1
1
1
14057
0
0
9
134217728
1000
50
1
0
1
0
0
1

0
1
4
2
14070
0
0
9
268435456
3000
250
1
0
1
0
0
1

0
1
2
1
14082
0
0
9
134217728
3000
50
1
0
1
0
0
1

0
1
2
1
14098
0
0
9
67108864
3000
1000
1
0
1
0
0
1

0
1
4
2
14109
0
0
9
268435456
3000
50
1
0
1
0
0
1

0
1
1
1
14118
0
0
9
268435456
2000
250
1
0
1
0
0
1

0
1
1
1
14135
0
0
9
134217728
3000
500
1
0
1
0
0
1

0
1
8
4
14165
0
0
9
268435456
3000
250
1
0
1
0
0
1

0
1
4
1
14188
0
0
9
134217728
3000
100
1
0
1
0
0
1

0
1
4
4
14206
0
0
9
67108864
4000
250
1
0
1
0
0
1

0
1
2
1
14226
0
0
9
268435456
3000
500
1
0
1
0
0
1

0
1
2
1
14246
0
0
9
67108864
1000
50
1
0
1
0
0
1

0
1
1
1
14247
0
0
9
67108864
2000
1000
1
0
1
0
0
1

0
1
2
2
14267
0
0
9
67108864
1000
1000
1
0
1
0
0
1

0
1
2
1
14284
0
0
9
134217728
4000
100
1
0
1
0
0
1

0
1
4
2
14287
0
0
9
268435456
2000
250
1
0
1
0
0
1

0
1
2
1
14300
0
0
9
268435456
3000
500
1
0
1
0
0
1

0
1
4
2
14307
0
0
9
268435456
2000
100
1
0
1
0
0
1

0
1
8
1
14328
0
0
9
134217728
3000
500
1
0
1
0
0
1

0
1
2
1
14350
0
0
9
268435456
3000
50
1
0
1
0
0
1

0
1
2
2
14359
0
0
9
134217728
4000
100
1
0
1
0
0
1

0
1
4
2
14364
0
0
9
268435456
2000
50
1
0
1
0
0
1

0
1
2
1
14380
0
0
9
134217728
2000
50
1
0
1
0
0
1

0
1
2
2
14388
0
0
9
134217728
4000
250
1
0
1
0
0
1

0
1
8
1
14399
0
0
9
67108864
1000
500
1
0
1
0
0
1

0
1
8
2
14428
0
0
9
268435456
3000
100
1
0
1
0
0
1

0
1
4
2
14458
0
0
9
67108864
2000
250
1
0
1
0
0
1

0
1
8
8
14467
0
0
9
268435456
2000
100
1
0
1
0
0
1

0
1
2
1
14491
0
0
9
134217728
2000
1000
1
0
1
0
0
1

0
1
4
1
14509
0
0
9
268435456
3000
50
1
0
1
0
0
1

0
1
4
4
14537
0
0
9
134217728
2000
50
1
0
1
0
0
1

0
1
4
2
14566
0
0
9
67108864
2000
250
1
0
1
0
0
1

0
1
1
1
14596
0
0
9
268435456
2000
100
1
0
1
0
0
1

0
1
1
1
14626
0
0
9
67108864
3000
100
1
0
1
0
0
1

0
1
1
1
14655
0
0
9
67108864
1000
50
1
0
1
0
0
1

0
1
2
1
14656
0
0
9
67108864
2000
50
1
0
1
0
0
1

0
1
4
4
14683
0
0
9
268435456
3000
500
1
0
1
0
0
1

0
1
4
1
14695
0
0
9
134217728
1000
50
1
0
1
0
0
1

0
1
1
1
14721
0
0
9
134217728
2000
50
1
0
1
0
0
1

0
1
2
1
14742
0
0
9
134217728
1000
100
1
0
1
0
0
1

0
1
1
1
14759
0
0
9
268435456
3000
250
1
0
1
0
0
1

0
1
2
1
14787
0
0
9
268435456
3000
500
1
0
1
0
0
1

0
1
4
2
14811
0
0
9
134217728
4000
500
1
0
1
0
0
1

0
1
8
1
14837
0
0
9
268435456
2000
500
1
0
1
0
0
1

0
1
4
4
14867
0
0
9
67108864
2000
100
1
0
1
0
0
1

0
1
1
1
14896
0
0
9
268435456
2000
250
1
0
1
0
0
1

0
1
1
1
14911
0
0
9
67108864
2000
500
1
0
1
0
0
1

0
1
1
1
14916
0
0
9
268435456
3000
250
1
0
1
0
0
1

0
1
8
1
14926
0
0
9
134217728
1000
1000
1
0
1
0
0
1

0
1
4
1
14941
0
0
9
67108864
3000
500
1
0
1
0
0
1

0
1
1
1
14944
0
0
9
67108864
2000
250
1
0
1
0
0
1

0
1
2
1
14969
0
0
9
134217728
3000
1000
1
0
1
0
0
1

0
1
1
1
14988
0
0
9
268435456
3000
500
1
0
1
0
0
1

0
1
8
1
14998
0
0
9
67108864
2000
100
1
0
1
0
0
1

0
1
2
1
15015
0
0
9
268435456
2000
250
1
0
1
0
0
1

0
1
4
2
15020
0
0
9
134217728
3000
250
1
0
1
0
0
1

0
1
2
1
15043
0
0
9
268435456
3000
250
1
0
1
0
0
1

0
1
4
2
15073
0
0
9
134217728
4000
100
1
0
1
0
0
1

0
1
8
4
15103
0
0
9
268435456
2000
500
1
0
1
0
0
1

0
1
2
1
15126
0
0
9
134217728
2000
250
1
0
1
0
0
1

0
1
4
2
15130
0
0
9
134217728
3000
500
1
0
1
0
0
1

0
1
8
1
15139
0
0
9
268435456
3000
50
1
0
1
0
0
1

0
1
2
2
15163
0
0
9
268435456
3000
500
1
0
1
0
0
1

0
1
1
1
15185
0
0
9
134217728
2000
50
1
0
1
0
0
1

0
1
1
1
15190
0
0
9
134217728
2000
1000
1
0
1
0
0
1

0
1
4
2
15199
0
0
9
134217728
2000
1000
1
0
1
0
0
1

0
1
1
1
15213
0
0
9
268435456
2000
500
1
0
1
0
0
1

0
1
1
1
15237
0
0
9
134217728
1000
250
1
0
1
0
0
1

0
1
1
1
15255
0
0
9
67108864
3000
250
1
0
1
0
0
1

0
1
4
4
15285
0
0
9
134217728
1000
250
1
0
1
0
0
1

0
1
4
4
15313
0
0
9
67108864
3000
100
1
0
1
0
0
1

0
1
1
1
15323
0
0
9
268435456
3000
100
1
0
1
0
0
1

0
1
4
2
15345
0
0
9
268435456
2000
500
1
0
1
0
0
1

0
1
2
1
15370
0
0
9
134217728
4000
1000
1
0
1
0
0
1

0
1
4
4
15395
0
0
9
134217728
1000
500
1
0
1
0
0
1

0
1
4
2
15412
0
0
9
134217728
4000
50
1
0
1
0
0
1

0
1
4
2
15426
0
0
9
268435456
2000
50
1
0
1
0
0
1

0
1
8
4
15434
0
0
9
268435456
1000
50
1
0
1
0
0
1

0
1
8
2
15442
0
0
9
134217728
3000
100
1
0
1
0
0
1

0
1
8
8
15455
0
0
9
67108864
2000
500
1
0
1
0
0
1

0
1
8
8
15462
0
0
9
67108864
1000
50
1
0
1
0
0
1

0
1
4
4
15481
0
0
9
268435456
1000
250
1
0
1
0
0
1

0
1
1
1
15499
0
0
9
67108864
2000
100
1
0
1
0
0
1

0
1
2
1
15506
0
0
9
268435456
3000
500
1
0
1
0
0
1

0
1
8
2
15512
0
0
9
67108864
3000
50
1
0
1
0
0
1

0
1
2
2
15528
0
0
9
268435456
1000
500
1
0
1
0
0
1

0
1
2
1
15537
0
0
9
134217728
3000
250
1
0
1
0
0
1

0
1
1
1
15562
0
0
9
134217728
3000
500
1
0
1
0
0
1

0
1
4
1
15581
0
0
9
268435456
2000
50
1
0
1
0
0
1

0
1
2
1
15610
0
0
9
67108864
4000
1000
1
0
1
0
0
1

0
1
4
1
15625
0
0
9
67108864
4000
500
1
0
1
0
0
1

0
1
4
2
15629
0
0
9
268435456
3000
100
1
0
1
0
0
1

0
1
4
2
15643
0
0
9
67108864
4000
500
1
0
1
0
0
1

0
1
1
1
15670
0
0
9
134217728
4000
50
1
0
1
0
0
1

0
1
2
1
15689
0
0
9
67108864
4000
100
1
0
1
0
0
1

0
1
1
1
15710
0
0
9
134217728
3000
1000
1
0
1
0
0
1

0
1
8
1
15717
0
0
9
67108864
1000
50
1
0
1
0
0
1

0
1
4
4
15721
0
0
9
134217728
1000
100
1
0
1
0
0
1

0
1
8
1
15722
0
0
9
268435456
2000
500
1
0
1
0
0
1

0
1
1
1
15727
0
0
9
134217728
1000
250
1
0
1
0
0
1

0
1
2
2
15754
0
0
9
268435456
3000
500
1
0
1
0
0
1

0
1
1
1
15776
0
0
9
268435456
1000
250
1
0
1
0
0
1

0
1
4
2
15803
0
0
9
268435456
2000
50
1
0
1
0
0
1

0
1
4
4
15818
0
0
9
134217728
1000
1000
1
0
1
0
0
1

0
1
4
1
15848
0
0
9
268435456
3000
500
1
0
1
0
0
1

0
1
2
1
15852
0
0
9
268435456
3000
50
1
0
1
0
0
1

0
1
8
4
15853
0
0
9
67108864
3000
50
1
0
1
0
0
1

0
1
4
2
15864
0
0
9
268435456
2000
50
1
0
1
0
0
1

0
1
2
1
15873
0
0
9
268435456
3000
500
1
0
1
0
0
1

0
1
4
2
15894
0
0
9
67108864
4000
50
1
0
1
0
0
1

0
1
2
1
15896
0
0
9
134217728
1000
50
1
0
1
0
0
1

0
1
4
1
15908
0
0
9
268435456
3000
50
1
0
1
0
0
1

0
1
2
1
15929
0
0
9
134217728
2000
1000
1
0
1
0
0
1

0
1
8
8
15939
0
0
9
134217728
1000
1000
1
0
1
0
0
1

0
1
2
1
15952
0
0
9
134217728
1000
50
1
0
1
0
0
1

0
1
8
8
15967
0
0
9
67108864
4000
1000
1
0
1
0
0
1

0
1
8
2
15978
0
0
9
134217728
1000
1000
1
0
1
0
0
1

0
1
2
2
16000
0
0
9
268435456
2000
250
1
0
1
0
0
1

0
1
2
2
16015
0
0
9
134217728
3000
100
1
0
1
0
0
1

0
1
8
8
16026
0
0
9
67108864
2000
1000
1
0
1
0
0
1

0
1
2
1
16027
0
0
9
134217728
2000
250
1
0
1
0
0
1

0
1
2
1
16045
0
0
9
268435456
3000
100
1
0
1
0
0
1

0
1
4
2
16049
0
0
9
134217728
1000
250
1
0
1
0
0
1

0
1
2
1
16075
0
0
9
67108864
1000
1000
1
0
1
0
0
1

0
1
4
1
16080
0
0
9
268435456
1000
250
1
0
1
0
0
1

0
1
4
4
16088
0
0
9
268435456
3000
500
1
0
1
0
0
1

0
1
1
1
16116
0
0
9
268435456
3000
50
1
0
1
0
0
1

0
1
1
1
16144
0
0
9
134217728
2000
250
1
0
1
0
0
1

0
1
8
2
16150
0
0
9
134217728
4000
250
1
0
1
0
0
1

0
1
1
1
16171
0
0
9
67108864
3000
50
1
0
1
0
0
1

0
1
1
1
16200
0
0
9
67108864
1000
250
1
0
1
0
0
1

0
1
4
2
16212
0
0
9
67108864
2000
100
1
0
1
0
0
1

0
1
1
1
16235
0
0
9
67108864
3000
250
1
0
1
0
0
1

0
1
2
1
16252
0
0
9
67108864
4000
50
1
0
1
0
0
1

0
1
1
1
16281
0
0
9
67108864
4000
250
1
0
1
0
0
1

0
1
2
1
16298
0
0
9
134217728
1000
100
1
0
1
0
0
1

0
1
8
4
16316
0
0
9
134217728
2000
100
1
0
1
0
0
1

0
1
1
1
16320
0
0
9
67108864
1000
500
1
0
1
0
0
1

0
1
2
1
16350
0
0
9
134217728
1000
250
1
0
1
0
0
1

0
1
1
1
16367
0
0
9
268435456
3000
500
1
0
1
0
0
1

0
1
2
1
16374
0
0
9
134217728
2000
500
1
0
1
0
0
1

0
1
2
1
16400
0
0
9
134217728
1000
100
1
0
1
0
0
1

0
1
4
4
16415
0
0
9
268435456
3000
500
1
0
1
0
0
1

0
1
1
1
16445
0
0
9
67108864
2000
500
1
0
1
0
0
1

0
1
2
2
16461
0
0
9
67108864
3000
50
1
0
1
0
0
1

0
1
2
1
16473
0
0
9
67108864
3000
50
1
0
1
0
0
1

0
1
1
1
16479
0
0
9
268435456
2000
50
1
0
1
0
0
1

0
1
8
4
16492
0
0
9
268435456
3000
50
1
0
1
0
0
1

0
1
1
1
16500
0
0
9
268435456
3000
250
1
0
1
0
0
1

0
1
8
2
16501
0
0
9
134217728
3000
1000
1
0
1
0
0
1

0
1
8
8
16508
0
0
9
67108864
1000
1000
1
0
1
0
0
1

0
1
8
2
16522
0
0
9
67108864
3000
100
1
0
1
0
0
1

0
1
1
1
16526
0
0
9
67108864
4000
50
1
0
1
0
0
1

0
1
4
2
16554
0
0
9
134217728
2000
500
1
0
1
0
0
1

0
1
2
1
16557
0
0
9
268435456
3000
50
1
0
1
0
0
1

0
1
4
2
16558
0
0
9
134217728
1000
500
1
0
1
0
0
1

0
1
2
1
16579
0
0
9
268435456
1000
500
1
0
1
0
0
1

0
1
2
1
16596
0
0
9
67108864
4000
500
1
0
1
0
0
1

0
1
8
1
16597
0
0
9
134217728
1000
50
1
0
1
0
0
1

0
1
2
1
16606
0
0
9
67108864
4000
250
1
0
1
0
0
1

0
1
1
1
16631
0
0
9
67108864
1000
250
1
0
1
0
0
1

0
1
1
1
16660
0
0
9
268435456
3000
500
1
0
1
0
0
1

0
1
1
1
16670
0
0
9
268435456
1000
50
1
0
1
0
0
1

0
1
4
2
16673
0
0
9
268435456
3000
500
1
0
1
0
0
1

0
1
2
1
16699
0
0
9
67108864
1000
50
1
0
1
0
0
1

0
1
2
2
16722
0
0
9
134217728
2000
1000
1
0
1
0
0
1

0
1
4
2
16733
0
0
9
268435456
3000
500
1
0
1
0
0
1

0
1
2
1
16741
0
0
9
67108864
1000
50
1
0
1
0
0
1

0
1
1
1
16755
0
0
9
268435456
2000
50
1
0
1
0
0
1

0
1
1
1
16780
0
0
9
67108864
2000
50
1
0
1
0
0
1

0
1
1
1
16803
0
0
9
134217728
3000
250
1
0
1
0
0
1

0
1
2
2
16819
0
0
9
134217728
2000
100
1
0
1
0
0
1

0
1
2
1
16832
0
0
9
67108864
2000
250
1
0
1
0
0
1

0
1
8
1
16844
0
0
9
268435456
2000
500
1
0
1
0
0
1

0
1
1
1
16848
0
0
9
268435456
3000
250
1
0
1
0
0
1

0
1
4
1
16857
0
0
9
134217728
3000
50
1
0
1
0
0
1

0
1
1
1
16871
0
0
9
134217728
3000
100
1
0
1
0
0
1

0
1
8
4
16877
0
0
9
134217728
1000
1000
1
0
1
0
0
1

0
1
8
1
16883
0
0
9
67108864
1000
250
1
0
1
0
0
1

0
1
8
8
16899
0
0
9
134217728
3000
100
1
0
1
0
0
1

0
1
8
4
16928
0
0
9
134217728
2000
500
1
0
1
0
0
1

0
1
8
8
16956
0
0
9
67108864
3000
1000
1
0
1
0
0
1

0
1
8
1
16986
0
0
9
67108864
4000
1000
1
0
1
0
0
1

0
1
1
1
16990
0
0
9
67108864
4000
1000
1
0
1
0
0
1

0
1
2
2
17009
0
0
9
134217728
1000
250
1
0
1
0
0
1

0
1
1
1
17037
0
0
9
67108864
1000
250
1
0
1
0
0
1

0
1
8
4
17041
0
0
9
268435456
3000
500
1
0
1
0
0
1

0
1
8
2
17042
0
0
9
67108864
2000
250
1
0
1
0
0
1

0
1
1
1
17051
0
0
9
134217728
1000
500
1
0
1
0
0
1

0
1
8
8
17052
0
0
9
268435456
3000
100
1
0
1
0
0
1

0
1
1
1
17082
0
0
9
67108864
2000
250
1
0
1
0
0
1

0
1
4
2
17111
0
0
9
67108864
4000
250
1
0
1
0
0
1

0
1
8
1
17129
0
0
9
268435456
3000
100
1
0
1
0
0
1

0
1
1
1
17148
0
0
9
268435456
3000
100
1
0
1
0
0
1

0
1
2
2
17168
0
0
9
134217728
4000
500
1
0
1
0
0
1

0
1
8
2
17193
0
0
9
134217728
4000
500
1
0
1
0
0
1

0
1
4
2
17208
0
0
9
268435456
2000
500
1
0
1
0
0
1

0
1
8
8
17216
0
0
9
268435456
1000
500
1
0
1
0
0
1

0
1
8
2
17231
0
0
9
268435456
3000
100
1
0
1
0
0
1

0
1
4
4
17251
0
0
9
268435456
1000
500
1
0
1
0
0
1

0
1
2
1
17271
0
0
9
67108864
2000
250
1
0
1
0
0
1

0
1
2
1
17282
0
0
9
268435456
3000
100
1
0
1
0
0
1

0
1
4
2
17295
0
0
9
268435456
3000
50
1
0
1
0
0
1

0
1
8
4
17307
0
0
9
67108864
4000
50
1
0
1
0
0
1

0
1
8
4
17319
0
0
9
134217728
2000
250
1
0
1
0
0
1

0
1
1
1
17332
0
0
9
268435456
1000
500
1
0
1
0
0
1

0
1
4
2
17339
0
0
9
134217728
1000
500
1
0
1
0
0
1

0
1
2
1
17344
0
0
9
134217728
3000
500
1
0
1
0
0
1

0
1
4
4
17359
0
0
9
268435456
3000
500
1
0
1
0
0
1

0
1
2
2
17364
0
0
9
134217728
4000
500
1
0
1
0
0
1

0
1
4
2
17387
0
0
9
268435456
3000
500
1
0
1
0
0
1

0
1
1
1
17399
0
0
9
134217728
2000
50
1
0
1
0
0
1

0
1
4
2
17424
0
0
9
134217728
4000
100
1
0
1
0
0
1

0
1
2
1
17447
0
0
9
268435456
2000
100
1
0
1
0
0
1

0
1
2
1
17457
0
0
9
268435456
1000
50
1
0
1
0
0
1

0
1
2
1
17472
0
0
9
134217728
2000
100
1
0
1
0
0
1

0
1
2
1
17475
0
0
9
268435456
2000
50
1
0
1
0
0
1

0
1
1
1
17478
0
0
9
67108864
4000
50
1
0
1
0
0
1

0
1
8
8
17485
0
0
9
268435456
2000
100
1
0
1
0
0
1

0
1
1
1
17495
0
0
9
134217728
2000
500
1
0
1
0
0
1

0
1
1
1
17524
0
0
9
67108864
4000
1000
1
0
1
0
0
1

0
1
4
1
17547
0
0
9
268435456
3000
250
1
0
1
0
0
1

0
1
2
1
17568
0
0
9
67108864
3000
100
1
0
1
0
0
1

0
1
8
2
17591
0
0
9
67108864
3000
500
1
0
1
0
0
1

0
1
2
1
17621
0
0
9
67108864
1000
250
1
0
1
0
0
1

0
1
4
2
17626
0
0
9
268435456
2000
100
1
0
1
0
0
1

0
1
2
1
17650
0
0
9
268435456
2000
50
1
0
1
0
0
1

0
1
2
1
17673
0
0
9
67108864
3000
250
1
0
1
0
0
1

0
1
4
1
17686
0
0
9
134217728
2000
50
1
0
1
0
0
1

0
1
8
1
17701
0
0
9
268435456
3000
50
1
0
1
0
0
1

0
1
4
4
17709
0
0
9
134217728
2000
500
1
0
1
0
0
1

0
1
2
1
17717
0
0
9
268435456
3000
500
1
0
1
0
0
1

0
1
1
1
17741
0
0
9
67108864
1000
50
1
0
1
0
0
1

0
1
1
1
17749
0
0
9
134217728
2000
1000
1
0
1
0
0
1

0
1
4
4
17765
0
0
9
268435456
1000
50
1
0
1
0
0
1

0
1
1
1
17793
0
0
9
67108864
1000
100
1
0
1
0
0
1

0
1
8
4
17819
0
0
9
67108864
2000
50
1
0
1
0
0
1

0
1
2
2
17849
0
0
9
134217728
4000
50
1
0
1
0
0
1

0
1
8
4
17864
0
0
9
268435456
3000
500
1
0
1
0
0
1

0
1
2
2
17865
0
0
9
268435456
3000
100
1
0
1
0
0
1

0
1
8
2
17894
0
0
9
67108864
1000
500
1
0
1
0
0
1

0
1
4
2
17909
0
0
9
268435456
3000
50
1
0
1
0
0
1

0
1
4
2
17914
0
0
9
268435456
1000
250
1
0
1
0
0
1

0
1
2
1
17921
0
0
9
134217728
3000
100
1
0
1
0
0
1

0
1
8
8
17927
0
0
9
134217728
4000
50
1
0
1
0
0
1

0
1
8
4
17932
0
0
9
67108864
2000
50
1
0
1
0
0
1

0
1
8
4
17950
0
0
9
67108864
3000
1000
1
0
1
0
0
1

0
1
1
1
17976
0
0
9
67108864
3000
50
1
0
1
0
0
1

0
1
4
4
17995
0
0
9
67108864
1000
250
1
0
1
0
0
1

0
1
2
1
18012
0
0
9
134217728
4000
100
1
0
1
0
0
1

0
1
2
2
18035
0
0
9
67108864
2000
1000
1
0
1
0
0
1

0
1
4
2
18045
0
0
9
134217728
1000
50
1
0
1
0
0
1

0
1
4
4
18052
0
0
9
134217728
1000
500
1
0
1
0
0
1

0
1
8
1
18081
0
0
9
134217728
3000
500
1
0
1
0
0
1

0
1
1
1
18097
0
0
9
268435456
3000
100
1
0
1
0
0
1

0
1
8
2
18115
0
0
9
268435456
3000
50
1
0
1
0
0
1

0
1
2
1
18129
0
0
9
268435456
2000
500
1
0
1
0
0
1

0
1
2
2
18158
0
0
9
67108864
4000
100
1
0
1
0
0
1

0
1
1
1
18186
0
0
9
67108864
3000
250
1
0
1
0
0
1

0
1
1
1
18191
0
0
9
268435456
1000
100
1
0
1
0
0
1

0
1
1
1
18204
0
0
9
268435456
3000
250
1
0
1
0
0
1

0
1
4
2
18216
0
0
9
268435456
1000
100
1
0
1
0
0
1

0
1
1
1
18220
0
0
9
134217728
2000
100
1
0
1
0
0
1

0
1
2
2
18236
0
0
9
134217728
4000
250
1
0
1
0
0
1

0
1
1
1
18266
0
0
9
67108864
4000
250
1
0
1
0
0
1

0
1
4
2
18283
0
0
9
134217728
1000
250
1
0
1
0
0
1

0
1
8
1
18293
0
0
9
268435456
3000
100
1
0
1
0
0
1

0
1
1
1
18314
0
0
9
268435456
3000
100
1
0
1
0
0
1

0
1
4
2
18333
0
0
9
268435456
3000
250
1
0
1
0
0
1

0
1
8
4
18340
0
0
9
134217728
1000
50
1
0
1
0
0
1

0
1
4
2
18350
0
0
9
67108864
1000
1000
1
0
1
0
0
1

0
1
1
1
18361
0
0
9
134217728
1000
1000
1
0
1
0
0
1

0
1
4
1
18382
0
0
9
134217728
3000
1000
1
0
1
0
0
1

0
1
1
1
18390
0
0
9
134217728
2000
50
1
0
1
0
0
1

0
1
4
2
18419
0
0
9
134217728
4000
100
1
0
1
0
0
1

0
1
1
1
18431
0
0
9
134217728
1000
100
1
0
1
0
0
1

0
1
4
2
18440
0
0
9
67108864
3000
500
1
0
1
0
0
1

0
1
4
2
18457
0
0
9
134217728
4000
250
1
0
1
0
0
1

0
1
4
2
18466
0
0
9
67108864
3000
250
1
0
1
0
0
1

0
1
2
2
18488
0
0
9
268435456
2000
100
1
0
1
0
0
1

0
1
1
1
18512
0
0
9
67108864
1000
500
1
0
1
0
0
1

0
1
1
1
18531
0
0
9
67108864
2000
1000
1
0
1
0
0
1

0
1
4
2
18557
0
0
9
67108864
3000
50
1
0
1
0
0
1

0
1
1
1
18584
0
0
9
67108864
3000
50
1
0
1
0
0
1

0
1
2
1
18604
0
0
9
134217728
2000
50
1
0
1
0
0
1

0
1
8
1
18626
0
0
9
268435456
2000
500
1
0
1
0
0
1

0
1
8
2
18632
0
0
9
268435456
1000
250
1
0
1
0
0
1

0
1
8
2
18652
0
0
9
134217728
4000
50
1
0
1
0
0
1

0
1
1
1
18653
0
0
9
134217728
4000
250
1
0
1
0
0
1

0
1
8
4
18673
0
0
9
67108864
4000
50
1
0
1
0
0
1

0
1
1
1
18700
0
0
9
134217728
4000
1000
1
0
1
0
0
1

0
1
4
2
18722
0
0
9
134217728
3000
100
1
0
1
0
0
1

0
1
8
4
18744
0
0
9
268435456
3000
500
1
0
1
0
0
1

0
1
2
1
18762
0
0
9
67108864
3000
50
1
0
1
0
0
1

0
1
2
2
18789
0
0
9
134217728
3000
1000
1
0
1
0
0
1

0
1
8
8
18790
0
0
9
268435456
2000
500
1
0
1
0
0
1

0
1
1
1
18812
0
0
9
134217728
3000
1000
1
0
1
0
0
1

0
1
4
2
18815
0
0
9
67108864
4000
100
1
0
1
0
0
1

0
1
4
2
18820
0
0
9
67108864
4000
500
1
0
1
0
0
1

0
1
8
8
18833
0
0
9
67108864
2000
50
1
0
1
0
0
1

0
1
2
2
18854
0
0
9
134217728
3000
250
1
0
1
0
0
1

0
1
1
1
18876
0
0
9
134217728
1000
100
1
0
1
0
0
1

0
1
2
2
18881
0
0
9
268435456
3000
500
1
0
1
0
0
1

0
1
1
1
18897
0
0
9
134217728
2000
250
1
0
1
0
0
1

0
1
1
1
18903
0
0
9
134217728
3000
1000
1
0
1
0
0
1

0
1
8
1
18915
0
0
9
134217728
3000
100
1
0
1
0
0
1

0
1
8
4
18927
0
0
9
134217728
3000
250
1
0
1
0
0
1

0
1
2
1
18950
0
0
9
268435456
1000
100
1
0
1
0
0
1

0
1
2
1
18968
0
0
9
67108864
4000
1000
1
0
1
0
0
1

0
1
4
4
18978
0
0
9
134217728
4000
50
1
0
1
0
0
1

0
1
8
2
18991
0
0
9
134217728
3000
50
1
0
1
0
0
1

0
1
4
1
19012
0
0
9
268435456
3000
500
1
0
1
0
0
1

0
1
4
1
19041
0
0
9
134217728
3000
1000
1
0
1
0
0
1

0
1
8
8
19060
0
0
9
268435456
1000
50
1
0
1
0
0
1

0
1
8
4
19073
0
0
9
268435456
2000
500
1
0
1
0
0
1

0
1
4
4
19079
0
0
9
268435456
3000
100
1
0
1
0
0
1

0
1
2
1
19098
0
0
9
134217728
1000
250
1
0
1
0
0
1

0
1
1
1
19102
0
0
9
268435456
3000
500
1
0
1
0
0
1

0
1
4
2
19126
0
0
9
134217728
1000
250
1
0
1
0
0
1

0
1
4
2
19139
0
0
9
67108864
1000
500
1
0
1
0
0
1

0
1
1
1
19143
0
0
9
134217728
1000
500
1
0
1
0
0
1

0
1
4
4
19157
0
0
9
268435456
3000
500
1
0
1
0
0
1

0
1
1
1
19172
0
0
9
67108864
3000
100
1
0
1
0
0
1

0
1
8
4
19182
0
0
9
134217728
2000
50
1
0
1
0
0
1

0
1
1
1
19207
0
0
9
268435456
3000
50
1
0
1
0
0
1

0
1
8
1
19208
0
0
9
268435456
2000
100
1
0
1
0
0
1

0
1
1
1
19212
0
0
9
268435456
1000
100
1
0
1
0
0
1

0
1
8
1
19235
0
0
9
67108864
4000
500
1
0
1
0
0
1

0
1
8
2
19250
0
0
9
134217728
4000
250
1
0
1
0
0
1

0
1
1
1
19271
0
0
9
268435456
3000
250
1
0
1
0
0
1

0
1
4
4
19283
0
0
9
67108864
1000
100
1
0
1
0
0
1

0
1
8
1
19289
0
0
9
134217728
4000
50
1
0
1
0
0
1

0
1
4
1
19304
0
0
9
134217728
3000
1000
1
0
1
0
0
1

0
1
8
8
19321
0
0
9
134217728
1000
1000
1
0
1
0
0
1

0
1
2
1
19341
0
0
9
134217728
1000
50
1
0
1
0
0
1

0
1
8
4
19355
0
0
9
67108864
3000
500
1
0
1
0
0
1

0
1
2
1
19379
0
0
9
268435456
3000
50
1
0
1
0
0
1

0
1
2
1
19399
0
0
9
268435456
2000
250
1
0
1
0
0
1

0
1
2
2
19415
0
0
9
67108864
2000
1000
1
0
1
0
0
1

0
1
1
1
19421
0
0
9
67108864
4000
100
1
0
1
0
0
1

0
1
1
1
19427
0
0
9
268435456
2000
100
1
0
1
0
0
1

0
1
4
2
19453
0
0
9
67108864
2000
500
1
0
1
0
0
1

0
1
1
1
19483
0
0
9
67108864
4000
100
1
0
1
0
0
1

0
1
4
4
19493
0
0
9
67108864
2000
500
1
0
1
0
0
1

0
1
1
1
19512
0
0
9
134217728
4000
250
1
0
1
0
0
1

0
1
2
1
19527
0
0
9
134217728
4000
1000
1
0
1
0
0
1

0
1
1
1
19545
0
0
9
134217728
1000
1000
1
0
1
0
0
1

0
1
2
1
19550
0
0
9
134217728
4000
500
1
0
1
0
0
1

0
1
2
1
19571
0
0
9
67108864
4000
50
1
0
1
0
0
1

0
1
2
1
19597
0
0
9
67108864
1000
100
1
0
1
0
0
1

0
1
2
2
19598
0
0
9
134217728
2000
500
1
0
1
0
0
1

0
1
1
1
19601
0
0
9
134217728
2000
250
1
0
1
0
0
1

0
1
1
1
19625
0
0
9
134217728
2000
500
1
0
1
0
0
1

0
1
4
1
19626
0
0
9
67108864
1000
1000
1
0
1
0
0
1

0
1
8
4
19641
0
0
9
67108864
2000
1000
1
0
1
0
0
1

0
1
1
1
19662
0
0
9
268435456
2000
50
1
0
1
0
0
1

0
1
2
2
19663
0
0
9
134217728
4000
1000
1
0
1
0
0
1

0
1
1
1
19671
0
0
9
268435456
2000
500
1
0
1
0
0
1

0
1
2
1
19692
0
0
9
268435456
3000
50
1
0
1
0
0
1

0
1
4
1
19714
0
0
9
67108864
2000
250
1
0
1
0
0
1

0
1
8
1
19716
0
0
9
67108864
1000
250
1
0
1
0
0
1

0
1
4
2
19734
0
0
9
67108864
2000
1000
1
0
1
0
0
1

0
1
4
2
19743
0
0
9
268435456
1000
250
1
0
1
0
0
1

0
1
8
8
19765
0
0
9
268435456
3000
250
1
0
1
0
0
1

0
1
4
2
19782
0
0
9
67108864
3000
250
1
0
1
0
0
1

0
1
8
1
19811
0
0
9
268435456
1000
100
1
0
1
0
0
1

0
1
1
1
19831
0
0
9
67108864
4000
250
1
0
1
0
0
1

0
1
4
4
19851
0
0
9
67108864
1000
250
1
0
1
0
0
1

0
1
4
1
19863
0
0
9
134217728
3000
500
1
0
1
0
0
1

0
1
2
1
19871
0
0
9
134217728
1000
100
1
0
1
0
0
1

0
1
1
1
19877
0
0
9
134217728
4000
100
1
0
1
0
0
1

0
1
2
1
19890
0
0
9
67108864
4000
500
1
0
1
0
0
1

0
1
8
1
19895
0
0
9
134217728
3000
100
1
0
1
0
0
1

0
1
8
2
19905
0
0
9
134217728
4000
500
1
0
1
0
0
1

0
1
8
1
19915
0
0
9
268435456
1000
100
1
0
1
0
0
1

0
1
4
2
19928
0
0
9
268435456
2000
500
1
0
1
0
0
1

0
1
4
1
19930
0
0
9
67108864
2000
50
1
0
1
0
0
1

0
1
1
1
19935
0
0
9
134217728
2000
1000
1
0
1
0
0
1

0
1
8
4
19955
0
0
9
67108864
1000
1000
1
0
1
0
0
1

0
1
4
4
19970
0
0
9
134217728
3000
50
1
0
1
0
0
1

0
1
4
2
19986
0
0
9
268435456
2000
50
1
0
1
0
0
1

0
1
1
1
19997
0
0
9
67108864
4000
100
1
0
1
0
0
1

0
1
4
4
20016
0
0
9
134217728
2000
500
1
0
1
0
0
1

0
1
1
1
20035
0
0
9
268435456
3000
500
1
0
1
0
0
1

0
1
8
1
20058
0
0
9
67108864
3000
100
1
0
1
0
0
1

0
1
1
1
20080
0
0
9
67108864
3000
500
1
0
1
0
0
1

0
1
2
1
20094
0
0
9
67108864
1000
250
1
0
1
0
0
1

0
1
2
1
20113
0
0
9
67108864
1000
500
1
0
1
0
0
1

0
1
2
1
20142
0
0
9
268435456
3000
250
1
0
1
0
0
1

0
1
8
2
20163
0
0
9
67108864
2000
500
1
0
1
0
0
1

0
1
4
4
20172
0
0
9
268435456
1000
500
1
0
1
0
0
1

0
1
2
2
20200
0
0
9
268435456
1000
100
1
0
1
0
0
1

0
1
8
1
20230
0
0
9
134217728
3000
250
1
0
1
0
0
1

0
1
1
1
20258
0
0
9
134217728
4000
500
1
0
1
0
0
1

0
1
8
8
20265
0
0
9
134217728
3000
100
1
0
1
0
0
1

0
1
1
1
20293
0
0
9
268435456
1000
50
1
0
1
0
0
1

0
1
2
1
20318
0
0
9
67108864
2000
500
1
0
1
0
0
1

0
1
1
1
20320
0
0
9
67108864
4000
250
1
0
1
0
0
1

0
1
1
1
20346
0
0
9
134217728
3000
100
1
0
1
0
0
1

0
1
2
2
20373
0
0
9
67108864
4000
50
1
0
1
0
0
1

0
1
1
1
20398
0
0
9
268435456
3000
500
1
0
1
0
0
1

0
1
2
1
20410
0
0
9
268435456
3000
250
1
0
1
0
0
1

0
1
1
1
20438
0
0
9
268435456
3000
50
1
0
1
0
0
1

0
1
8
2
20459
0
0
9
268435456
2000
500
1
0
1
0
0
1

0
1
2
1
20472
0
0
9
67108864
4000
500
1
0
1
0
0
1

0
1
1
1
20486
0
0
9
134217728
4000
100
1
0
1
0
0
1

0
1
1
1
20512
0
0
9
268435456
3000
50
1
0
1
0
0
1

0
1
8
8
20533
0
0
9
268435456
1000
100
1
0
1
0
0
1

0
1
2
1
20560
0
0
9
67108864
4000
100
1
0
1
0
0
1

0
1
4
2
20575
0
0
9
134217728
2000
500
1
0
1
0
0
1

0
1
4
2
20590
0
0
9
67108864
3000
1000
1
0
1
0
0
1

0
1
4
2
20606
0
0
9
268435456
3000
100
1
0
1
0
0
1

0
1
4
4
20626
0
0
9
67108864
2000
500
1
0
1
0
0
1

0
1
1
1
20638
0
0
9
67108864
4000
100
1
0
1
0
0
1

0
1
2
1
20659
0
0
9
67108864
1000
50
1
0
1
0
0
1

0
1
2
1
20670
0
0
9
268435456
3000
250
1
0
1
0
0
1

0
1
2
1
20695
0
0
9
268435456
3000
50
1
0
1
0
0
1

0
1
8
8
20722
0
0
9
134217728
3000
100
1
0
1
0
0
1

0
1
2
1
20727
0
0
9
134217728
3000
500
1
0
1
0
0
1

0
1
4
2
20745
0
0
9
134217728
2000
250
1
0
1
0
0
1

0
1
4
1
20773
0
0
9
134217728
2000
250
1
0
1
0
0
1

0
1
8
8
20800
0
0
9
67108864
3000
100
1
0
1
0
0
1

0
1
8
8
20803
0
0
9
67108864
4000
1000
1
0
1
0
0
1

0
1
1
1
20824
0
0
9
268435456
3000
500
1
0
1
0
0
1

0
1
8
4
20834
0
0
9
67108864
4000
250
1
0
1
0
0
1

0
1
2
2
20863
0
0
9
268435456
1000
100
1
0
1
0
0
1

0
1
2
2
20893
0
0
9
268435456
1000
500
1
0
1
0
0
1

0
1
2
2
20895
0
0
9
67108864
3000
500
1
0
1
0
0
1

0
1
8
2
20912
0
0
9
268435456
1000
500
1
0
1
0
0
1

0
1
4
1
20927
0
0
9
134217728
4000
1000
1
0
1
0
0
1

0
1
4
2
20950
0
0
9
134217728
3000
250
1
0
1
0
0
1

0
1
4
1
20979
0
0
9
268435456
3000
50
1
0
1
0
0
1

0
1
4
2
21004
0
0
9
134217728
4000
250
1
0
1
0
0
1

0
1
4
2
21033
0
0
9
67108864
3000
500
1
0
1
0
0
1

0
1
8
8
21058
0
0
9
134217728
1000
50
1
0
1
0
0
1

0
1
2
2
21076
0
0
9
134217728
2000
250
1
0
1
0
0
1

0
1
2
1
21080
0
0
9
268435456
1000
50
1
0
1
0
0
1

0
1
8
2
21097
0
0
9
67108864
2000
50
1
0
1
0
0
1

0
1
4
1
21111
0
0
9
268435456
3000
500
1
0
1
0
0
1

0
1
2
1
21117
0
0
9
67108864
3000
500
1
0
1
0
0
1

0
1
1
1
21137
0
0
9
134217728
3000
50
1
0
1
0
0
1

0
1
2
1
21162
0
0
9
268435456
3000
50
1
0
1
0
0
1

0
1
4
2
21176
0
0
9
268435456
3000
250
1
0
1
0
0
1

0
1
1
1
21187
0
0
9
67108864
3000
100
1
0
1
0
0
1

0
1
2
1
21215
0
0
9
67108864
2000
100
1
0
1
0
0
1

0
1
2
1
21237
0
0
9
268435456
3000
500
1
0
1
0
0
1

0
1
1
1
21260
0
0
9
67108864
4000
100
1
0
1
0
0
1

0
1
2
1
21287
0
0
9
268435456
1000
100
1
0
1
0
0
1

0
1
8
1
21302
0
0
9
268435456
2000
50
1
0
1
0
0
1

0
1
1
1
21326
0
0
9
67108864
2000
250
1
0
1
0
0
1

0
1
1
1
21327
0
0
9
134217728
4000
1000
1
0
1
0
0
1

0
1
1
1
21334
0
0
9
67108864
3000
250
1
0
1
0
0
1

0
1
8
4
21355
0
0
9
268435456
1000
250
1
0
1
0
0
1

0
1
8
1
21362
0
0
9
268435456
3000
500
1
0
1
0
0
1

0
1
8
8
21377
0
0
9
67108864
1000
100
1
0
1
0
0
1

0
1
1
1
21402
0
0
9
67108864
1000
100
1
0
1
0
0
1

0
1
8
1
21406
0
0
9
134217728
1000
500
1
0
1
0
0
1

0
1
2
1
21418
0
0
9
268435456
3000
50
1
0
1
0
0
1

0
1
4
1
21438
0
0
9
134217728
4000
1000
1
0
1
0
0
1

0
1
8
2
21440
0
0
9
67108864
3000
250
1
0
1
0
0
1

0
1
4
1
21442
0
0
9
67108864
3000
50
1
0
1
0
0
1

0
1
8
4
21466
0
0
9
268435456
1000
500
1
0
1
0
0
1

0
1
4
2
21472
0
0
9
67108864
2000
250
1
0
1
0
0
1

0
1
4
1
21476
0
0
9
268435456
3000
100
1
0
1
0
0
1

0
1
8
4
21487
0
0
9
67108864
3000
50
1
0
1
0
0
1

0
1
2
1
21495
0
0
9
67108864
2000
250
1
0
1
0
0
1

0
1
2
1
21511
0
0
9
67108864
4000
250
1
0
1
0
0
1

0
1
2
1
21517
0
0
9
134217728
4000
1000
1
0
1
0
0
1

0
1
4
2
21541
0
0
9
268435456
1000
250
1
0
1
0
0
1

0
1
8
4
21564
0
0
9
134217728
1000
500
1
0
1
0
0
1

0
1
2
1
21574
0
0
9
268435456
3000
100
1
0
1
0
0
1

0
1
4
2
21583
0
0
9
67108864
3000
100
1
0
1
0
0
1

0
1
8
2
21606
0
0
9
268435456
1000
50
1
0
1
0
0
1

0
1
4
1
21607
0
0
9
134217728
3000
500
1
0
1
0
0
1

0
1
8
4
21620
0
0
9
134217728
3000
1000
1
0
1
0
0
1

0
1
8
8
21630
0
0
9
67108864
1000
1000
1
0
1
0
0
1

0
1
2
1
21659
0
0
9
134217728
1000
250
1
0
1
0
0
1

0
1
1
1
21670
0
0
9
134217728
2000
1000
1
0
1
0
0
1

0
1
4
1
21695
0
0
9
268435456
1000
50
1
0
1
0
0
1

0
1
8
4
21700
0
0
9
67108864
4000
250
1
0
1
0
0
1

0
1
4
4
21706
0
0
9
268435456
1000
100
1
0
1
0
0
1

0
1
2
1
21717
0
0
9
268435456
3000
500
1
0
1
0
0
1

0
1
8
8
21732
0
0
9
268435456
2000
50
1
0
1
0
0
1

0
1
8
8
21761
0
0
9
268435456
1000
500
1
0
1
0
0
1

0
1
1
1
21773
0
0
9
268435456
3000
250
1
0
1
0
0
1

0
1
4
2
21786
0
0
9
268435456
3000
100
1
0
1
0
0
1

0
1
4
1
21810
0
0
9
67108864
2000
500
1
0
1
0
0
1

0
1
2
1
21814
0
0
9
67108864
3000
100
1
0
1
0
0
1

0
1
2
2
21834
0
0
9
268435456
2000
250
1
0
1
0
0
1

0
1
4
2
21861
0
0
9
268435456
3000
500
1
0
1
0
0
1

0
1
2
1
21879
0
0
9
268435456
3000
500
1
0
1
0
0
1

0
1
4
2
21884
0
0
9
268435456
1000
50
1
0
1
0
0
1

0
1
2
1
21888
0
0
9
268435456
1000
250
1
0
1
0
0
1

0
1
4
2
21911
0
0
9
67108864
3000
50
1
0
1
0
0
1

0
1
2
1
21926
0
0
9
268435456
1000
250
1
0
1
0
0
1

0
1
8
8
21951
0
0
9
134217728
1000
100
1
0
1
0
0
1

0
1
1
1
21967
0
0
9
268435456
3000
500
1
0
1
0
0
1

0
1
2
1
21992
0
0
9
67108864
2000
250
1
0
1
0
0
1

0
1
4
4
22017
0
0
9
268435456
3000
500
1
0
1
0
0
1

0
1
2
2
22045
0
0
9
268435456
2000
500
1
0
1
0
0
1

0
1
4
1
22075
0
0
9
268435456
2000
100
1
0
1
0
0
1

0
1
4
1
22096
0
0
9
134217728
4000
500
1
0
1
0
0
1

0
1
4
4
22113
0
0
9
67108864
4000
250
1
0
1
0
0
1

0
1
8
8
22138
0
0
9
134217728
1000
50
1
0
1
0
0
1

0
1
4
1
22166
0
0
9
134217728
4000
250
1
0
1
0
0
1

0
1
2
1
22170
0
0
9
268435456
1000
250
1
0
1
0
0
1

0
1
2
1
22185
0
0
9
67108864
1000
100
1
0
1
0
0
1

0
1
1
1
22195
0
0
9
67108864
4000
500
1
0
1
0
0
1

0
1
4
4
22203
0
0
9
67108864
2000
100
1
0
1
0
0
1

0
1
1
1
22213
0
0
9
268435456
2000
50
1
0
1
0
0
1

0
1
8
1
22228
0
0
9
67108864
1000
250
1
0
1
0
0
1

0
1
2
2
22231
0
0
9
67108864
3000
100
1
0
1
0
0
1

0
1
8
4
22252
0
0
9
67108864
2000
100
1
0
1
0
0
1

0
1
4
2
22260
0
0
9
67108864
3000
50
1
0
1
0
0
1

0
1
1
1
22272
0
0
9
67108864
2000
250
1
0
1
0
0
1

0
1
8
2
22281
0
0
9
134217728
2000
500
1
0
1
0
0
1

0
1
1
1
22297
0
0
9
67108864
3000
500
1
0
1
0
0
1

0
1
2
1
22298
0
0
9
268435456
1000
50
1
0
1
0
0
1

0
1
1
1
22307
0
0
9
268435456
3000
50
1
0
1
0
0
1

0
1
2
1
22314
0
0
9
134217728
1000
1000
1
0
1
0
0
1

0
1
8
4
22343
0
0
9
67108864
4000
250
1
0
1
0
0
1

0
1
4
4
22368
0
0
9
268435456
3000
100
1
0
1
0
0
1

0
1
4
1
22369
0
0
9
134217728
1000
250
1
0
1
0
0
1

0
1
4
2
22386
0
0
9
268435456
3000
250
1
0
1
0
0
1

0
1
8
2
22406
0
0
9
67108864
4000
1000
1
0
1
0
0
1

0
1
4
2
22420
0
0
9
67108864
4000
1000
1
0
1
0
0
1

0
1
1
1
22432
0
0
9
67108864
1000
1000
1
0
1
0
0
1

0
1
2
2
22454
0
0
9
268435456
3000
500
1
0
1
0
0
1

0
1
4
2
22465
0
0
9
268435456
3000
500
1
0
1
0
0
1

0
1
2
1
22491
0
0
9
134217728
3000
50
1
0
1
0
0
1

0
1
1
1
22511
0
0
9
67108864
4000
500
1
0
1
0
0
1

0
1
2
1
22524
0
0
9
268435456
3000
50
1
0
1
0
0
1

0
1
4
2
22545
0
0
9
268435456
3000
500
1
0
1
0
0
1

0
1
1
1
22561
0
0
9
67108864
1000
1000
1
0
1
0
0
1

0
1
2
2
22589
0
0
9
268435456
3000
500
1
0
1
0
0
1

0
1
4
2
22615
0
0
9
134217728
3000
100
1
0
1
0
0
1

0
1
8
4
22645
0
0
9
67108864
4000
500
1
0
1
0
0
1

0
1
4
4
22650
0
0
9
268435456
1000
50
1
0
1
0
0
1

0
1
8
4
22659
0
0
9
67108864
1000
500
1
0
1
0
0
1

0
1
8
1
22662
0
0
9
67108864
3000
100
1
0
1
0
0
1

0
1
4
1
22672
0
0
9
134217728
2000
100
1
0
1
0
0
1

0
1
8
1
22691
0
0
9
134217728
1000
1000
1
0
1
0
0
1

0
1
1
1
22704
0
0
9
134217728
1000
250
1
0
1
0
0
1

0
1
4
2
22734
0
0
9
268435456
1000
500
1
0
1
0
0
1

0
1
2
1
22737
0
0
9
268435456
1000
100
1
0
1
0
0
1

0
1
2
2
22752
0
0
9
134217728
1000
500
1
0
1
0
0
1

0
1
2
1
22769
0
0
9
67108864
2000
250
1
0
1
0
0
1

0
1
4
2
22789
0
0
9
268435456
2000
250
1
0
1
0
0
1

0
1
4
2
22805
0
0
9
67108864
2000
100
1
0
1
0
0
1

0
1
2
1
22823
0
0
9
134217728
2000
1000
1
0
1
0
0
1

0
1
1
1
22841
0
0
9
67108864
4000
250
1
0
1
0
0
1

0
1
1
1
22844
0
0
9
268435456
2000
250
1
0
1
0
0
1

0
1
2
2
22850
0
0
9
134217728
4000
1000
1
0
1
0
0
1

0
1
8
2
22874
0
0
9
268435456
3000
100
1
0
1
0
0
1

0
1
1
1
22890
0
0
9
268435456
3000
500
1
0
1
0
0
1

0
1
2
2
22895
0
0
9
67108864
1000
100
1
0
1
0
0
1

0
1
4
2
22897
0
0
9
268435456
1000
50
1
0
1
0
0
1

0
1
1
1
22902
0
0
9
67108864
2000
250
1
0
1
0
0
1

0
1
4
1
22929
0
0
9
134217728
3000
1000
1
0
1
0
0
1

0
1
2
1
22946
0
0
9
67108864
1000
50
1
0
1
0
0
1

0
1
4
1
22957
0
0
9
134217728
1000
50
1
0
1
0
0
1

0
1
4
2
22984
0
0
9
67108864
2000
100
1
0
1
0
0
1

0
1
8
4
23010
0
0
9
134217728
4000
500
1
0
1
0
0
1

0
1
8
1
23038
0
0
9
134217728
3000
250
1
0
1
0
0
1

0
1
8
2
23048
0
0
9
67108864
2000
50
1
0
1
0
0
1

0
1
2
1
23068
0
0
9
67108864
4000
250
1
0
1
0
0
1

0
1
4
2
23098
0
0
9
134217728
3000
1000
1
0
1
0
0
1

0
1
8
1
23108
0
0
9
67108864
1000
500
1
0
1
0
0
1

0
1
2
1
23131
0
0
9
268435456
3000
250
1
0
1
0
0
1

0
1
4
4
23137
0
0
9
67108864
4000
500
1
0
1
0
0
1

