1500

0
1
1
1
17
0
2
10
67108864
3000
1000
10
1
0
1
0
0
1

1
1
4
4
27
0
1
12
268435456
3000
100
19
1
1
0
1
0
0
1
0
3
1
1
1
51
0
0
9
67108864
1000
50
1
0
1
0
0
1

0
1
1
1
63
0
1
12
134217728
4000
1000
42
1
1
0
1
0
0
1
0
3
1
1
1
88
0
0
9
67108864
2000
50
1
0
1
0
0
1

0
1
1
1
107
0
0
9
134217728
2000
100
1
0
1
0
0
1

3
1
8
1
128
0
2
10
67108864
3000
50
1
1
0
1
0
0
1

1
1
2
1
148
0
1
11
134217728
4000
100
79
0
1
0
1
0
0
1
3
1
1
1
168
0
1
12
268435456
1000
250
3
1
1
0
1
0
0
1
0
0
1
4
2
193
0
2
10
67108864
3000
500
100
1
0
1
0
0
1

3
1
8
4
198
0
2
10
67108864
1000
100
1
1
0
1
0
0
1

3
1
2
1
209
0
2
10
134217728
3000
500
1000
1
0
1
0
0
1

3
1
8
2
231
0
2
10
268435456
1000
250
100
1
0
1
0
0
1

3
1
8
4
239
0
1
12
67108864
3000
500
4
1
1
0
1
0
0
1
0
0
1
1
1
250
0
1
11
67108864
4000
1000
85
0
1
0
1
0
0
1
1
1
1
1
261
0
2
10
67108864
1000
1000
100
1
0
1
0
0
1

1
1
2
1
274
0
0
9
67108864
4000
250
1
0
1
0
0
1

3
1
4
2
280
0
1
11
268435456
3000
500
73
0
1
0
1
0
0
1
3
1
4
1
302
0
2
10
268435456
3000
100
1000
1
0
1
0
0
1

3
1
1
1
313
0
1
12
268435456
2000
500
81
1
1
0
1
0
0
1
0
0
1
2
1
338
0
0
9
67108864
4000
1000
1
0
1
0
0
1

3
1
4
1
344
0
0
9
268435456
2000
250
1
0
1
0
0
1

0
1
1
1
362
0
0
9
67108864
3000
1000
1
0
1
0
0
1

0
1
2
2
370
0
1
12
134217728
3000
100
48
1
1
0
1
0
0
1
0
1
1
8
2
398
0
1
12
67108864
1000
500
93
1
1
0
1
0
0
1
0
0
1
1
1
407
0
1
11
134217728
4000
50
13
0
1
0
1
0
0
1
3
1
4
2
419
0
1
11
67108864
4000
250
23
0
1
0
1
0
0
1
0
1
4
1
442
0
1
11
268435456
1000
500
75
0
1
0
1
0
0
1
1
1
2
1
452
0
2
10
268435456
2000
500
1000
1
0
1
0
0
1

3
1
2
1
462
0
2
10
268435456
2000
500
1000
1
0
1
0
0
1

3
1
2
1
488
0
2
10
134217728
3000
100
5
1
0
1
0
0
1

3
1
8
2
490
0
1
12
134217728
4000
500
89
1
1
0
1
0
0
1
0
3
1
8
4
496
0
1
12
268435456
1000
500
49
1
1
0
1
0
0
1
0
0
1
2
1
508
0
2
10
134217728
4000
100
100
1
0
1
0
0
1

1
1
4
2
534
0
1
11
268435456
1000
250
39
0
1
0
1
0
0
1
0
1
4
1
548
0
1
12
134217728
4000
100
47
1
1
0
1
0
0
1
0
0
1
4
4
556
0
0
9
134217728
1000
50
1
0
1
0
0
1

0
1
8
8
557
0
2
10
134217728
2000
250
5
1
0
1
0
0
1

3
1
8
4
567
0
2
10
268435456
2000
50
100
1
0
1
0
0
1

0
1
4
4
595
0
2
10
268435456
1000
500
1000
1
0
1
0
0
1

0
1
2
1
615
0
2
10
67108864
1000
250
5
1
0
1
0
0
1

3
1
2
1
629
0
0
9
268435456
3000
500
1
0
1
0
0
1

0
1
2
2
647
0
0
9
268435456
1000
500
1
0
1
0
0
1

3
1
2
1
663
0
2
10
134217728
1000
50
10
1
0
1
0
0
1

0
1
4
2
692
0
0
9
134217728
2000
500
1
0
1
0
0
1

0
1
8
2
696
0
2
10
67108864
1000
500
100
1
0
1
0
0
1

3
1
1
1
717
0
1
12
67108864
2000
1000
86
1
1
0
1
0
0
1
0
0
1
1
1
744
0
0
9
134217728
4000
50
1
0
1
0
0
1

3
1
1
1
770
0
2
10
268435456
1000
500
1
1
0
1
0
0
1

1
1
1
1
780
0
0
9
268435456
2000
500
1
0
1
0
0
1

1
1
1
1
797
0
2
10
134217728
4000
250
5
1
0
1
0
0
1

0
1
4
1
798
0
1
11
134217728
4000
250
22
0
1
0
1
0
0
1
0
1
1
1
810
0
0
9
67108864
3000
50
1
0
1
0
0
1

0
1
8
2
814
0
1
11
268435456
2000
500
27
0
1
0
1
0
0
1
1
1
2
2
844
0
1
12
134217728
3000
50
52
1
1
0
1
0
0
1
0
1
1
4
2
845
0
1
11
67108864
2000
500
2
0
1
0
1
0
0
1
3
1
4
2
875
0
2
10
268435456
3000
500
10
1
0
1
0
0
1

1
1
8
1
876
0
2
10
268435456
1000
50
1000
1
0
1
0
0
1

0
1
4
2
896
0
2
10
268435456
2000
250
1000
1
0
1
0
0
1

0
1
2
1
916
0
1
11
67108864
1000
100
99
0
1
0
1
0
0
1
1
1
4
2
945
0
0
9
268435456
2000
250
1
0
1
0
0
1

1
1
4
4
964
0
1
11
67108864
4000
500
34
0
1
0
1
0
0
1
3
1
4
2
984
0
0
9
268435456
3000
500
1
0
1
0
0
1

1
1
4
2
987
0
2
10
67108864
1000
500
5
1
0
1
0
0
1

0
1
1
1
1004
0
2
10
134217728
3000
250
1
1
0
1
0
0
1

3
1
2
2
1024
0
2
10
134217728
4000
100
100
1
0
1
0
0
1

3
1
8
2
1040
0
0
9
67108864
2000
50
1
0
1
0
0
1

1
1
4
1
1069
0
1
11
134217728
1000
100
60
0
1
0
1
0
0
1
3
1
2
2
1085
0
1
12
134217728
2000
50
66
1
1
0
1
0
0
1
0
0
1
2
2
1102
0
1
11
67108864
1000
500
76
0
1
0
1
0
0
1
0
1
1
1
1125
0
2
10
134217728
3000
1000
10
1
0
1
0
0
1

3
1
2
1
1132
0
1
12
134217728
4000
1000
20
1
1
0
1
0
0
1
0
1
1
1
1
1147
0
1
12
67108864
3000
50
6
1
1
0
1
0
0
1
0
0
1
4
2
1163
0
1
11
67108864
2000
50
23
0
1
0
1
0
0
1
0
1
4
4
1175
0
0
9
134217728
4000
50
1
0
1
0
0
1

1
1
2
1
1184
0
2
10
268435456
1000
250
5
1
0
1
0
0
1

1
1
1
1
1195
0
1
12
134217728
3000
500
49
1
1
0
1
0
0
1
0
0
1
1
1
1207
0
1
11
134217728
4000
1000
99
0
1
0
1
0
0
1
1
1
4
2
1218
0
1
11
268435456
2000
50
72
0
1
0
1
0
0
1
0
1
4
2
1226
0
2
10
268435456
2000
500
5
1
0
1
0
0
1

3
1
2
1
1241
0
1
12
134217728
1000
100
15
1
1
0
1
0
0
1
0
0
1
1
1
1268
0
2
10
268435456
2000
50
100
1
0
1
0
0
1

3
1
8
2
1277
0
0
9
268435456
3000
250
1
0
1
0
0
1

1
1
2
2
1294
0
2
10
268435456
1000
500
1
1
0
1
0
0
1

1
1
1
1
1312
0
2
10
134217728
1000
500
1000
1
0
1
0
0
1

1
1
8
8
1317
0
0
9
67108864
1000
1000
1
0
1
0
0
1

0
1
4
4
1320
0
2
10
134217728
3000
100
1
1
0
1
0
0
1

3
1
2
1
1323
0
1
11
67108864
2000
1000
21
0
1
0
1
0
0
1
1
1
2
2
1331
0
0
9
268435456
1000
250
1
0
1
0
0
1

3
1
8
4
1333
0
1
11
268435456
2000
500
20
0
1
0
1
0
0
1
1
1
8
4
1352
0
2
10
268435456
1000
500
10
1
0
1
0
0
1

1
1
8
1
1377
0
2
10
134217728
3000
250
100
1
0
1
0
0
1

3
1
4
4
1407
0
1
11
134217728
1000
50
91
0
1
0
1
0
0
1
0
1
2
1
1422
0
2
10
134217728
2000
250
5
1
0
1
0
0
1

1
1
1
1
1436
0
1
12
268435456
1000
100
76
1
1
0
1
0
0
1
0
0
1
4
4
1451
0
1
12
67108864
3000
250
97
1
1
0
1
0
0
1
0
3
1
4
1
1469
0
0
9
67108864
3000
1000
1
0
1
0
0
1

1
1
2
1
1482
0
0
9
268435456
3000
500
1
0
1
0
0
1

1
1
8
8
1486
0
0
9
67108864
2000
100
1
0
1
0
0
1

1
1
8
1
1490
0
2
10
134217728
4000
500
5
1
0
1
0
0
1

0
1
1
1
1494
0
2
10
268435456
3000
50
1000
1
0
1
0
0
1

3
1
2
1
1518
0
1
11
67108864
2000
50
28
0
1
0
1
0
0
1
0
1
1
1
1548
0
0
9
268435456
3000
500
1
0
1
0
0
1

0
1
1
1
1568
0
1
11
134217728
3000
100
74
0
1
0
1
0
0
1
0
1
4
1
1573
0
2
10
67108864
4000
50
10
1
0
1
0
0
1

3
1
2
1
1597
0
2
10
268435456
2000
50
100
1
0
1
0
0
1

0
1
8
4
1601
0
2
10
268435456
1000
500
10
1
0
1
0
0
1

3
1
4
4
1621
0
0
9
67108864
4000
1000
1
0
1
0
0
1

1
1
2
1
1651
0
2
10
67108864
1000
50
100
1
0
1
0
0
1

1
1
8
4
1677
0
1
12
268435456
3000
500
0
1
1
0
1
0
0
1
0
1
1
2
2
1697
0
2
10
134217728
4000
250
5
1
0
1
0
0
1

0
1
8
2
1725
0
1
12
67108864
2000
50
72
1
1
0
1
0
0
1
0
0
1
1
1
1755
0
0
9
268435456
2000
250
1
0
1
0
0
1

3
1
4
2
1768
0
1
11
67108864
1000
1000
27
0
1
0
1
0
0
1
1
1
2
2
1786
0
1
12
67108864
3000
1000
0
1
1
0
1
0
0
1
0
0
1
4
1
1793
0
2
10
134217728
4000
250
1000
1
0
1
0
0
1

0
1
1
1
1803
0
1
12
134217728
3000
50
51
1
1
0
1
0
0
1
0
1
1
4
2
1806
0
0
9
134217728
3000
250
1
0
1
0
0
1

3
1
1
1
1807
0
1
12
67108864
1000
500
39
1
1
0
1
0
0
1
0
1
1
4
1
1823
0
2
10
67108864
1000
500
1
1
0
1
0
0
1

3
1
4
2
1849
0
0
9
67108864
1000
500
1
0
1
0
0
1

3
1
8
2
1875
0
1
11
268435456
2000
250
5
0
1
0
1
0
0
1
0
1
4
4
1893
0
0
9
134217728
3000
50
1
0
1
0
0
1

0
1
2
1
1916
0
0
9
268435456
3000
100
1
0
1
0
0
1

0
1
2
2
1928
0
2
10
268435456
3000
250
1
1
0
1
0
0
1

1
1
2
1
1955
0
1
11
268435456
3000
50
44
0
1
0
1
0
0
1
1
1
4
2
1983
0
0
9
268435456
3000
500
1
0
1
0
0
1

1
1
8
1
2002
0
1
12
134217728
2000
500
44
1
1
0
1
0
0
1
0
1
1
8
2
2031
0
2
10
67108864
4000
250
5
1
0
1
0
0
1

1
1
2
1
2035
0
1
11
268435456
3000
500
17
0
1
0
1
0
0
1
0
1
1
1
2064
0
1
12
134217728
3000
250
84
1
1
0
1
0
0
1
0
0
1
2
1
2086
0
2
10
67108864
4000
1000
100
1
0
1
0
0
1

1
1
8
1
2103
0
2
10
67108864
1000
500
5
1
0
1
0
0
1

1
1
4
2
2120
0
2
10
134217728
1000
50
5
1
0
1
0
0
1

1
1
2
1
2122
0
0
9
67108864
1000
100
1
0
1
0
0
1

0
1
1
1
2151
0
2
10
134217728
4000
500
1
1
0
1
0
0
1

0
1
8
8
2173
0
0
9
134217728
3000
50
1
0
1
0
0
1

0
1
8
2
2180
0
0
9
67108864
2000
250
1
0
1
0
0
1

3
1
1
1
2201
0
2
10
268435456
2000
500
1000
1
0
1
0
0
1

1
1
1
1
2209
0
1
12
268435456
3000
500
18
1
1
0
1
0
0
1
0
3
1
2
1
2229
0
0
9
268435456
2000
500
1
0
1
0
0
1

0
1
4
1
2230
0
1
11
67108864
2000
100
19
0
1
0
1
0
0
1
0
1
1
1
2252
0
0
9
268435456
2000
100
1
0
1
0
0
1

0
1
8
8
2275
0
0
9
67108864
3000
50
1
0
1
0
0
1

0
1
2
2
2291
0
2
10
268435456
3000
50
1
1
0
1
0
0
1

3
1
8
4
2298
0
0
9
134217728
3000
50
1
0
1
0
0
1

0
1
2
2
2299
0
2
10
134217728
1000
500
10
1
0
1
0
0
1

3
1
2
1
2323
0
0
9
67108864
4000
100
1
0
1
0
0
1

0
1
8
2
2339
0
2
10
67108864
3000
50
5
1
0
1
0
0
1

3
1
2
2
2354
0
2
10
134217728
2000
1000
1000
1
0
1
0
0
1

1
1
4
4
2365
0
0
9
134217728
1000
1000
1
0
1
0
0
1

1
1
1
1
2379
0
0
9
268435456
2000
100
1
0
1
0
0
1

0
1
4
2
2394
0
1
12
268435456
3000
50
63
1
1
0
1
0
0
1
0
1
1
8
4
2408
0
1
11
268435456
3000
500
53
0
1
0
1
0
0
1
3
1
4
2
2430
0
0
9
268435456
3000
100
1
0
1
0
0
1

0
1
4
1
2459
0
0
9
134217728
2000
250
1
0
1
0
0
1

1
1
4
2
2471
0
1
11
67108864
1000
250
69
0
1
0
1
0
0
1
1
1
4
4
2493
0
1
11
67108864
4000
500
25
0
1
0
1
0
0
1
0
1
8
2
2501
0
2
10
134217728
2000
250
1
1
0
1
0
0
1

3
1
4
2
2526
0
1
11
268435456
2000
500
8
0
1
0
1
0
0
1
0
1
8
1
2529
0
2
10
134217728
1000
100
10
1
0
1
0
0
1

1
1
8
1
2541
0
2
10
67108864
4000
100
100
1
0
1
0
0
1

0
1
8
1
2570
0
1
12
67108864
2000
500
16
1
1
0
1
0
0
1
0
3
1
2
1
2592
0
1
11
134217728
1000
50
81
0
1
0
1
0
0
1
3
1
2
2
2611
0
1
12
268435456
2000
250
21
1
1
0
1
0
0
1
0
0
1
4
2
2617
0
1
12
67108864
2000
250
99
1
1
0
1
0
0
1
0
0
1
4
4
2626
0
1
12
134217728
2000
1000
92
1
1
0
1
0
0
1
0
3
1
2
1
2643
0
2
10
268435456
1000
500
5
1
0
1
0
0
1

3
1
4
4
2665
0
1
12
268435456
1000
50
97
1
1
0
1
0
0
1
0
1
1
8
1
2687
0
1
12
67108864
3000
1000
63
1
1
0
1
0
0
1
0
0
1
4
2
2713
0
1
11
268435456
1000
500
77
0
1
0
1
0
0
1
0
1
4
4
2720
0
2
10
268435456
1000
500
1
1
0
1
0
0
1

3
1
1
1
2727
0
0
9
67108864
3000
250
1
0
1
0
0
1

0
1
1
1
2737
0
1
11
67108864
1000
50
35
0
1
0
1
0
0
1
0
1
4
1
2760
0
1
11
134217728
1000
50
67
0
1
0
1
0
0
1
1
1
8
2
2771
0
2
10
134217728
3000
250
1
1
0
1
0
0
1

3
1
2
1
2780
0
1
12
67108864
1000
50
44
1
1
0
1
0
0
1
0
0
1
2
1
2808
0
1
11
67108864
1000
500
96
0
1
0
1
0
0
1
1
1
2
2
2822
0
2
10
134217728
3000
1000
100
1
0
1
0
0
1

3
1
4
1
2843
0
0
9
268435456
3000
500
1
0
1
0
0
1

0
1
1
1
2859
0
0
9
268435456
3000
250
1
0
1
0
0
1

0
1
8
2
2862
0
0
9
67108864
4000
100
1
0
1
0
0
1

0
1
8
4
2885
0
1
12
134217728
2000
100
44
1
1
0
1
0
0
1
0
3
1
2
1
2909
0
1
12
134217728
1000
100
15
1
1
0
1
0
0
1
0
0
1
4
2
2919
0
2
10
134217728
1000
500
10
1
0
1
0
0
1

0
1
4
2
2926
0
0
9
67108864
1000
250
1
0
1
0
0
1

0
1
8
2
2930
0
2
10
67108864
4000
100
1
1
0
1
0
0
1

1
1
8
1
2950
0
0
9
268435456
3000
500
1
0
1
0
0
1

3
1
2
1
2952
0
1
11
268435456
3000
500
77
0
1
0
1
0
0
1
1
1
2
1
2980
0
2
10
67108864
4000
250
1000
1
0
1
0
0
1

1
1
4
1
2996
0
0
9
268435456
3000
100
1
0
1
0
0
1

1
1
8
1
3006
0
1
12
67108864
3000
100
39
1
1
0
1
0
0
1
0
1
1
1
1
3035
0
2
10
268435456
3000
100
100
1
0
1
0
0
1

1
1
4
1
3065
0
0
9
134217728
3000
500
1
0
1
0
0
1

0
1
4
4
3075
0
1
12
67108864
3000
100
45
1
1
0
1
0
0
1
0
0
1
2
1
3105
0
2
10
134217728
3000
1000
1
1
0
1
0
0
1

1
1
2
1
3121
0
0
9
134217728
1000
100
1
0
1
0
0
1

3
1
1
1
3134
0
0
9
134217728
1000
250
1
0
1
0
0
1

1
1
1
1
3152
0
2
10
67108864
2000
250
1
1
0
1
0
0
1

1
1
8
4
3182
0
1
11
67108864
4000
250
19
0
1
0
1
0
0
1
3
1
4
4
3202
0
2
10
67108864
3000
250
1000
1
0
1
0
0
1

0
1
2
1
3211
0
1
12
268435456
3000
100
25
1
1
0
1
0
0
1
0
0
1
2
2
3241
0
1
11
268435456
3000
50
9
0
1
0
1
0
0
1
1
1
2
1
3263
0
0
9
268435456
3000
500
1
0
1
0
0
1

3
1
2
1
3270
0
1
11
67108864
4000
500
2
0
1
0
1
0
0
1
3
1
1
1
3278
0
2
10
268435456
3000
500
10
1
0
1
0
0
1

3
1
4
2
3302
0
2
10
268435456
1000
500
1000
1
0
1
0
0
1

1
1
1
1
3326
0
1
12
67108864
1000
50
49
1
1
0
1
0
0
1
0
0
1
1
1
3341
0
1
12
67108864
4000
50
14
1
1
0
1
0
0
1
0
1
1
8
1
3347
0
2
10
134217728
4000
50
1
1
0
1
0
0
1

0
1
2
1
3373
0
2
10
134217728
1000
1000
5
1
0
1
0
0
1

3
1
8
4
3402
0
2
10
67108864
2000
100
5
1
0
1
0
0
1

1
1
4
2
3411
0
2
10
67108864
3000
250
1
1
0
1
0
0
1

1
1
8
4
3415
0
2
10
67108864
2000
50
1
1
0
1
0
0
1

0
1
1
1
3426
0
2
10
134217728
3000
50
5
1
0
1
0
0
1

1
1
2
1
3451
0
1
12
67108864
3000
50
86
1
1
0
1
0
0
1
0
0
1
2
1
3463
0
2
10
268435456
1000
500
10
1
0
1
0
0
1

3
1
2
1
3484
0
0
9
134217728
4000
250
1
0
1
0
0
1

1
1
4
2
3513
0
2
10
67108864
4000
50
100
1
0
1
0
0
1

0
1
1
1
3531
0
0
9
268435456
3000
50
1
0
1
0
0
1

0
1
1
1
3538
0
0
9
67108864
4000
1000
1
0
1
0
0
1

1
1
8
2
3543
0
1
11
268435456
3000
100
6
0
1
0
1
0
0
1
3
1
4
1
3572
0
1
11
268435456
3000
500
21
0
1
0
1
0
0
1
3
1
4
2
3579
0
1
12
134217728
3000
1000
92
1
1
0
1
0
0
1
0
3
1
2
1
3590
0
2
10
67108864
4000
1000
1000
1
0
1
0
0
1

1
1
2
1
3598
0
1
12
67108864
1000
100
84
1
1
0
1
0
0
1
0
0
1
4
1
3607
0
2
10
67108864
3000
1000
5
1
0
1
0
0
1

0
1
2
1
3610
0
0
9
268435456
3000
250
1
0
1
0
0
1

0
1
2
2
3633
0
0
9
134217728
2000
1000
1
0
1
0
0
1

3
1
8
8
3652
0
2
10
67108864
3000
100
1000
1
0
1
0
0
1

1
1
8
2
3680
0
1
11
268435456
1000
500
43
0
1
0
1
0
0
1
3
1
1
1
3681
0
2
10
67108864
2000
500
1
1
0
1
0
0
1

1
1
8
8
3696
0
2
10
268435456
1000
50
5
1
0
1
0
0
1

0
1
8
4
3703
0
1
11
134217728
2000
1000
80
0
1
0
1
0
0
1
3
1
4
1
3717
0
1
12
268435456
3000
500
42
1
1
0
1
0
0
1
0
1
1
4
2
3746
0
1
11
268435456
3000
250
5
0
1
0
1
0
0
1
3
1
2
1
3752
0
1
11
67108864
3000
250
57
0
1
0
1
0
0
1
1
1
2
1
3779
0
0
9
67108864
4000
100
1
0
1
0
0
1

3
1
8
1
3804
0
2
10
67108864
4000
500
1
1
0
1
0
0
1

1
1
1
1
3824
0
2
10
67108864
1000
100
10
1
0
1
0
0
1

0
1
1
1
3853
0
2
10
134217728
4000
1000
5
1
0
1
0
0
1

0
1
1
1
3875
0
1
12
67108864
4000
250
11
1
1
0
1
0
0
1
0
1
1
1
1
3888
0
2
10
134217728
3000
1000
100
1
0
1
0
0
1

1
1
2
1
3910
0
0
9
134217728
2000
250
1
0
1
0
0
1

1
1
8
1
3927
0
1
11
134217728
2000
500
20
0
1
0
1
0
0
1
0
1
2
1
3934
0
0
9
134217728
1000
1000
1
0
1
0
0
1

0
1
2
1
3954
0
0
9
268435456
2000
250
1
0
1
0
0
1

3
1
8
1
3968
0
0
9
134217728
4000
1000
1
0
1
0
0
1

0
1
1
1
3970
0
2
10
134217728
1000
1000
5
1
0
1
0
0
1

0
1
4
2
3994
0
1
11
268435456
1000
500
54
0
1
0
1
0
0
1
0
1
1
1
4009
0
0
9
67108864
4000
500
1
0
1
0
0
1

3
1
8
8
4014
0
0
9
67108864
4000
500
1
0
1
0
0
1

3
1
2
1
4033
0
2
10
67108864
3000
1000
1
1
0
1
0
0
1

1
1
8
1
4042
0
2
10
268435456
1000
500
1
1
0
1
0
0
1

3
1
8
8
4048
0
1
11
67108864
2000
1000
11
0
1
0
1
0
0
1
0
1
4
2
4060
0
2
10
134217728
4000
50
5
1
0
1
0
0
1

0
1
8
4
4063
0
2
10
268435456
3000
500
100
1
0
1
0
0
1

1
1
4
4
4093
0
0
9
134217728
1000
500
1
0
1
0
0
1

1
1
8
2
4098
0
1
12
268435456
2000
50
57
1
1
0
1
0
0
1
0
0
1
2
1
4109
0
0
9
268435456
1000
100
1
0
1
0
0
1

0
1
4
1
4139
0
2
10
268435456
3000
500
5
1
0
1
0
0
1

1
1
1
1
4151
0
0
9
67108864
3000
50
1
0
1
0
0
1

3
1
8
2
4181
0
0
9
268435456
2000
250
1
0
1
0
0
1

3
1
2
1
4203
0
1
12
268435456
3000
50
60
1
1
0
1
0
0
1
0
0
1
4
1
4233
0
2
10
67108864
4000
50
10
1
0
1
0
0
1

1
1
2
2
4262
0
0
9
67108864
3000
50
1
0
1
0
0
1

1
1
8
4
4284
0
0
9
268435456
2000
250
1
0
1
0
0
1

0
1
2
2
4299
0
2
10
268435456
2000
100
5
1
0
1
0
0
1

0
1
1
1
4327
0
0
9
268435456
2000
500
1
0
1
0
0
1

0
1
1
1
4357
0
1
12
268435456
2000
250
78
1
1
0
1
0
0
1
0
1
1
2
1
4369
0
2
10
268435456
3000
500
1000
1
0
1
0
0
1

3
1
8
1
4382
0
1
11
67108864
2000
50
33
0
1
0
1
0
0
1
0
1
2
1
4410
0
2
10
268435456
2000
50
10
1
0
1
0
0
1

0
1
2
1
4438
0
0
9
134217728
2000
1000
1
0
1
0
0
1

0
1
4
2
4441
0
2
10
134217728
1000
50
10
1
0
1
0
0
1

3
1
1
1
4464
0
0
9
67108864
1000
50
1
0
1
0
0
1

1
1
1
1
4474
0
0
9
67108864
2000
1000
1
0
1
0
0
1

0
1
4
2
4476
0
2
10
268435456
2000
250
1000
1
0
1
0
0
1

1
1
2
1
4490
0
0
9
134217728
4000
500
1
0
1
0
0
1

0
1
2
1
4495
0
1
12
134217728
1000
100
28
1
1
0
1
0
0
1
0
0
1
8
2
4520
0
1
11
67108864
1000
1000
89
0
1
0
1
0
0
1
1
1
8
4
4528
0
0
9
67108864
3000
1000
1
0
1
0
0
1

1
1
1
1
4556
0
0
9
134217728
1000
250
1
0
1
0
0
1

3
1
1
1
4569
0
1
12
67108864
4000
50
55
1
1
0
1
0
0
1
0
3
1
1
1
4595
0
2
10
67108864
1000
1000
1
1
0
1
0
0
1

1
1
1
1
4602
0
1
11
134217728
1000
100
40
0
1
0
1
0
0
1
1
1
8
4
4625
0
0
9
268435456
3000
250
1
0
1
0
0
1

3
1
4
1
4633
0
1
11
134217728
1000
1000
87
0
1
0
1
0
0
1
3
1
8
1
4646
0
2
10
134217728
1000
500
10
1
0
1
0
0
1

0
1
8
4
4665
0
1
11
134217728
4000
1000
53
0
1
0
1
0
0
1
3
1
8
1
4695
0
1
11
134217728
4000
500
82
0
1
0
1
0
0
1
3
1
1
1
4701
0
0
9
134217728
4000
500
1
0
1
0
0
1

0
1
2
1
4706
0
2
10
67108864
2000
250
5
1
0
1
0
0
1

1
1
1
1
4717
0
0
9
268435456
2000
100
1
0
1
0
0
1

0
1
4
2
4746
0
0
9
67108864
2000
500
1
0
1
0
0
1

1
1
8
4
4763
0
1
11
134217728
2000
50
84
0
1
0
1
0
0
1
0
1
2
1
4770
0
0
9
67108864
3000
100
1
0
1
0
0
1

0
1
1
1
4774
0
1
11
67108864
1000
50
98
0
1
0
1
0
0
1
3
1
2
1
4784
0
2
10
67108864
2000
250
5
1
0
1
0
0
1

1
1
8
1
4796
0
1
12
67108864
2000
500
64
1
1
0
1
0
0
1
0
3
1
1
1
4808
0
1
11
268435456
2000
100
45
0
1
0
1
0
0
1
0
1
1
1
4823
0
0
9
67108864
2000
1000
1
0
1
0
0
1

3
1
2
2
4841
0
2
10
268435456
3000
250
100
1
0
1
0
0
1

1
1
8
4
4852
0
2
10
134217728
1000
500
1000
1
0
1
0
0
1

0
1
8
4
4880
0
1
11
134217728
1000
100
43
0
1
0
1
0
0
1
1
1
8
8
4907
0
0
9
134217728
2000
50
1
0
1
0
0
1

1
1
8
2
4931
0
0
9
134217728
4000
500
1
0
1
0
0
1

3
1
1
1
4935
0
1
11
134217728
4000
500
53
0
1
0
1
0
0
1
0
1
2
1
4962
0
2
10
134217728
4000
500
1000
1
0
1
0
0
1

1
1
4
4
4969
0
0
9
134217728
4000
1000
1
0
1
0
0
1

0
1
2
1
4970
0
1
11
268435456
3000
250
42
0
1
0
1
0
0
1
3
1
1
1
4973
0
1
12
134217728
4000
50
5
1
1
0
1
0
0
1
0
0
1
1
1
4979
0
0
9
134217728
4000
1000
1
0
1
0
0
1

1
1
4
2
4994
0
2
10
268435456
3000
500
1
1
0
1
0
0
1

3
1
2
1
5012
0
1
12
134217728
1000
1000
63
1
1
0
1
0
0
1
0
3
1
8
2
5037
0
1
11
134217728
4000
1000
8
0
1
0
1
0
0
1
3
1
8
1
5048
0
1
11
67108864
3000
250
16
0
1
0
1
0
0
1
1
1
4
2
5073
0
1
12
67108864
2000
500
37
1
1
0
1
0
0
1
0
3
1
2
1
5075
0
1
11
134217728
4000
500
86
0
1
0
1
0
0
1
1
1
2
1
5104
0
2
10
134217728
1000
100
1000
1
0
1
0
0
1

3
1
1
1
5108
0
1
12
67108864
2000
50
53
1
1
0
1
0
0
1
0
3
1
1
1
5112
0
0
9
134217728
3000
50
1
0
1
0
0
1

3
1
2
1
5139
0
0
9
134217728
1000
1000
1
0
1
0
0
1

3
1
8
8
5167
0
0
9
67108864
1000
1000
1
0
1
0
0
1

0
1
4
2
5183
0
0
9
134217728
1000
1000
1
0
1
0
0
1

3
1
4
2
5188
0
2
10
268435456
3000
50
5
1
0
1
0
0
1

0
1
8
2
5191
0
2
10
134217728
1000
50
5
1
0
1
0
0
1

1
1
1
1
5216
0
1
12
268435456
3000
100
69
1
1
0
1
0
0
1
0
3
1
8
1
5241
0
1
12
268435456
3000
50
54
1
1
0
1
0
0
1
0
3
1
1
1
5252
0
1
12
67108864
3000
100
49
1
1
0
1
0
0
1
0
3
1
4
2
5257
0
2
10
67108864
3000
100
1
1
0
1
0
0
1

0
1
1
1
5266
0
2
10
134217728
3000
250
1000
1
0
1
0
0
1

3
1
8
2
5290
0
1
12
134217728
4000
1000
83
1
1
0
1
0
0
1
0
0
1
1
1
5307
0
1
12
134217728
4000
100
39
1
1
0
1
0
0
1
0
3
1
8
1
5319
0
0
9
67108864
4000
100
1
0
1
0
0
1

1
1
1
1
5335
0
0
9
268435456
1000
500
1
0
1
0
0
1

3
1
1
1
5352
0
2
10
67108864
3000
100
10
1
0
1
0
0
1

1
1
8
1
5359
0
1
12
67108864
2000
50
4
1
1
0
1
0
0
1
0
0
1
8
2
5363
0
0
9
67108864
1000
500
1
0
1
0
0
1

0
1
2
2
5391
0
0
9
134217728
2000
100
1
0
1
0
0
1

1
1
4
2
5408
0
2
10
134217728
2000
500
100
1
0
1
0
0
1

1
1
4
1
5435
0
1
12
134217728
1000
1000
90
1
1
0
1
0
0
1
0
0
1
8
8
5464
0
2
10
67108864
3000
500
5
1
0
1
0
0
1

0
1
2
1
5475
0
0
9
67108864
2000
250
1
0
1
0
0
1

3
1
8
2
5500
0
1
11
67108864
3000
1000
30
0
1
0
1
0
0
1
3
1
1
1
5517
0
0
9
268435456
2000
500
1
0
1
0
0
1

3
1
2
2
5529
0
2
10
134217728
4000
50
100
1
0
1
0
0
1

1
1
2
1
5545
0
0
9
67108864
2000
1000
1
0
1
0
0
1

1
1
8
4
5569
0
1
11
134217728
4000
1000
83
0
1
0
1
0
0
1
0
1
1
1
5597
0
1
12
268435456
3000
500
49
1
1
0
1
0
0
1
0
0
1
2
2
5609
0
1
11
268435456
1000
250
86
0
1
0
1
0
0
1
3
1
2
1
5625
0
2
10
134217728
3000
100
5
1
0
1
0
0
1

3
1
8
2
5649
0
1
11
67108864
1000
1000
23
0
1
0
1
0
0
1
1
1
1
1
5666
0
2
10
67108864
4000
1000
1000
1
0
1
0
0
1

3
1
1
1
5686
0
2
10
67108864
3000
250
100
1
0
1
0
0
1

1
1
8
2
5710
0
1
11
67108864
1000
500
70
0
1
0
1
0
0
1
0
1
2
1
5713
0
2
10
268435456
2000
500
1000
1
0
1
0
0
1

1
1
1
1
5719
0
1
12
67108864
1000
250
28
1
1
0
1
0
0
1
0
3
1
2
1
5733
0
0
9
268435456
3000
500
1
0
1
0
0
1

0
1
2
1
5749
0
2
10
134217728
2000
1000
1000
1
0
1
0
0
1

0
1
2
1
5762
0
2
10
67108864
3000
250
1000
1
0
1
0
0
1

3
1
8
8
5775
0
1
12
268435456
2000
250
13
1
1
0
1
0
0
1
0
1
1
4
4
5802
0
2
10
268435456
2000
100
1
1
0
1
0
0
1

1
1
4
1
5812
0
2
10
67108864
2000
1000
5
1
0
1
0
0
1

0
1
8
2
5835
0
1
11
134217728
1000
500
18
0
1
0
1
0
0
1
3
1
4
2
5855
0
0
9
134217728
3000
500
1
0
1
0
0
1

1
1
1
1
5885
0
2
10
134217728
3000
250
1000
1
0
1
0
0
1

3
1
1
1
5906
0
2
10
67108864
3000
500
1000
1
0
1
0
0
1

0
1
4
2
5915
0
2
10
67108864
1000
50
1000
1
0
1
0
0
1

0
1
1
1
5941
0
0
9
134217728
2000
250
1
0
1
0
0
1

0
1
1
1
5969
0
2
10
67108864
3000
1000
1
1
0
1
0
0
1

1
1
4
4
5986
0
1
12
268435456
2000
100
90
1
1
0
1
0
0
1
0
0
1
4
2
6008
0
0
9
67108864
3000
50
1
0
1
0
0
1

1
1
1
1
6030
0
0
9
268435456
2000
250
1
0
1
0
0
1

0
1
1
1
6044
0
0
9
134217728
3000
250
1
0
1
0
0
1

1
1
1
1
6052
0
2
10
134217728
1000
100
100
1
0
1
0
0
1

0
1
2
1
6058
0
0
9
67108864
3000
50
1
0
1
0
0
1

0
1
4
2
6079
0
1
12
134217728
1000
50
76
1
1
0
1
0
0
1
0
3
1
8
2
6092
0
2
10
134217728
2000
100
5
1
0
1
0
0
1

3
1
1
1
6098
0
1
12
268435456
1000
500
89
1
1
0
1
0
0
1
0
1
1
4
2
6100
0
1
11
268435456
3000
250
62
0
1
0
1
0
0
1
1
1
1
1
6123
0
2
10
268435456
2000
50
1
1
0
1
0
0
1

1
1
4
4
6134
0
2
10
134217728
2000
500
10
1
0
1
0
0
1

0
1
8
2
6153
0
0
9
134217728
3000
1000
1
0
1
0
0
1

1
1
8
8
6158
0
2
10
134217728
3000
1000
1
1
0
1
0
0
1

1
1
4
4
6186
0
0
9
134217728
1000
250
1
0
1
0
0
1

0
1
2
1
6206
0
1
12
268435456
2000
50
48
1
1
0
1
0
0
1
0
1
1
1
1
6223
0
1
12
67108864
3000
100
36
1
1
0
1
0
0
1
0
0
1
4
2
6247
0
1
12
134217728
3000
500
52
1
1
0
1
0
0
1
0
1
1
2
2
6248
0
2
10
268435456
3000
250
1
1
0
1
0
0
1

0
1
2
2
6259
0
0
9
67108864
4000
1000
1
0
1
0
0
1

1
1
2
2
6280
0
1
12
67108864
4000
100
35
1
1
0
1
0
0
1
0
0
1
1
1
6283
0
0
9
134217728
2000
100
1
0
1
0
0
1

0
1
8
1
6305
0
0
9
268435456
3000
250
1
0
1
0
0
1

0
1
2
1
6335
0
2
10
67108864
4000
1000
1000
1
0
1
0
0
1

3
1
4
2
6344
0
2
10
268435456
3000
250
1
1
0
1
0
0
1

3
1
8
1
6364
0
0
9
67108864
3000
250
1
0
1
0
0
1

3
1
8
8
6368
0
1
12
134217728
1000
50
78
1
1
0
1
0
0
1
0
0
1
2
1
6383
0
1
12
67108864
4000
1000
99
1
1
0
1
0
0
1
0
0
1
8
4
6398
0
2
10
67108864
3000
500
10
1
0
1
0
0
1

1
1
8
8
6403
0
2
10
134217728
1000
50
10
1
0
1
0
0
1

1
1
8
1
6427
0
0
9
268435456
2000
50
1
0
1
0
0
1

0
1
4
4
6443
0
2
10
134217728
1000
250
1000
1
0
1
0
0
1

3
1
1
1
6470
0
0
9
134217728
4000
100
1
0
1
0
0
1

0
1
4
1
6471
0
1
12
134217728
4000
250
86
1
1
0
1
0
0
1
0
1
1
1
1
6481
0
1
11
268435456
2000
500
47
0
1
0
1
0
0
1
3
1
8
2
6484
0
0
9
268435456
3000
100
1
0
1
0
0
1

0
1
2
1
6500
0
1
11
268435456
3000
500
1
0
1
0
1
0
0
1
0
1
8
4
6520
0
2
10
67108864
3000
500
10
1
0
1
0
0
1

1
1
2
1
6527
0
1
12
67108864
2000
50
74
1
1
0
1
0
0
1
0
1
1
1
1
6537
0
0
9
268435456
3000
500
1
0
1
0
0
1

1
1
1
1
6559
0
2
10
134217728
4000
1000
1
1
0
1
0
0
1

1
1
8
8
6578
0
2
10
268435456
3000
50
5
1
0
1
0
0
1

1
1
4
4
6591
0
1
12
67108864
4000
50
46
1
1
0
1
0
0
1
0
3
1
4
1
6598
0
2
10
134217728
1000
50
100
1
0
1
0
0
1

3
1
1
1
6605
0
2
10
268435456
1000
50
1
1
0
1
0
0
1

0
1
2
2
6606
0
1
12
268435456
3000
500
48
1
1
0
1
0
0
1
0
1
1
1
1
6615
0
0
9
67108864
3000
250
1
0
1
0
0
1

1
1
2
1
6630
0
2
10
134217728
1000
500
100
1
0
1
0
0
1

0
1
2
1
6659
0
1
12
67108864
1000
250
6
1
1
0
1
0
0
1
0
1
1
2
1
6683
0
0
9
268435456
1000
100
1
0
1
0
0
1

3
1
4
2
6689
0
1
11
268435456
3000
50
36
0
1
0
1
0
0
1
1
1
1
1
6713
0
0
9
134217728
2000
50
1
0
1
0
0
1

3
1
1
1
6719
0
2
10
134217728
1000
250
100
1
0
1
0
0
1

3
1
1
1
6732
0
1
12
134217728
3000
50
66
1
1
0
1
0
0
1
0
3
1
8
2
6742
0
1
12
268435456
1000
500
79
1
1
0
1
0
0
1
0
0
1
1
1
6771
0
1
11
268435456
2000
500
53
0
1
0
1
0
0
1
1
1
4
2
6779
0
1
12
67108864
3000
50
73
1
1
0
1
0
0
1
0
3
1
4
4
6796
0
0
9
134217728
4000
500
1
0
1
0
0
1

1
1
8
2
6817
0
2
10
268435456
3000
250
100
1
0
1
0
0
1

0
1
2
1
6826
0
1
12
268435456
3000
500
20
1
1
0
1
0
0
1
0
1
1
2
1
6834
0
2
10
268435456
2000
50
1000
1
0
1
0
0
1

3
1
8
8
6855
0
2
10
268435456
1000
250
5
1
0
1
0
0
1

1
1
4
2
6877
0
2
10
134217728
2000
500
10
1
0
1
0
0
1

0
1
2
1
6879
0
2
10
134217728
4000
50
5
1
0
1
0
0
1

3
1
8
4
6880
0
0
9
134217728
3000
100
1
0
1
0
0
1

1
1
4
2
6896
0
2
10
134217728
4000
250
1
1
0
1
0
0
1

1
1
4
4
6923
0
1
12
268435456
2000
50
9
1
1
0
1
0
0
1
0
0
1
4
1
6932
0
0
9
268435456
3000
50
1
0
1
0
0
1

1
1
8
2
6952
0
0
9
268435456
3000
500
1
0
1
0
0
1

1
1
4
2
6956
0
2
10
268435456
3000
100
100
1
0
1
0
0
1

0
1
8
8
6961
0
2
10
67108864
2000
250
5
1
0
1
0
0
1

3
1
1
1
6989
0
0
9
67108864
3000
500
1
0
1
0
0
1

1
1
2
2
7019
0
2
10
134217728
4000
50
1
1
0
1
0
0
1

3
1
1
1
7033
0
1
11
268435456
2000
250
38
0
1
0
1
0
0
1
1
1
4
1
7060
0
2
10
67108864
3000
500
1000
1
0
1
0
0
1

0
1
1
1
7090
0
2
10
67108864
2000
1000
1000
1
0
1
0
0
1

1
1
8
4
7100
0
1
12
134217728
4000
250
41
1
1
0
1
0
0
1
0
3
1
2
1
7123
0
2
10
67108864
1000
100
10
1
0
1
0
0
1

0
1
4
4
7127
0
1
11
67108864
3000
50
81
0
1
0
1
0
0
1
3
1
8
1
7142
0
1
12
268435456
3000
100
44
1
1
0
1
0
0
1
0
3
1
2
1
7170
0
2
10
268435456
3000
50
1000
1
0
1
0
0
1

0
1
2
1
7199
0
0
9
268435456
3000
100
1
0
1
0
0
1

1
1
2
1
7211
0
2
10
134217728
4000
500
1
1
0
1
0
0
1

3
1
4
2
7234
0
2
10
268435456
2000
250
1000
1
0
1
0
0
1

0
1
8
1
7246
0
1
12
134217728
4000
250
79
1
1
0
1
0
0
1
0
3
1
8
8
7271
0
1
12
268435456
1000
500
9
1
1
0
1
0
0
1
0
1
1
2
1
7298
0
0
9
268435456
3000
250
1
0
1
0
0
1

3
1
4
4
7325
0
1
11
67108864
4000
500
77
0
1
0
1
0
0
1
3
1
1
1
7344
0
2
10
134217728
4000
500
1
1
0
1
0
0
1

3
1
2
1
7364
0
1
12
67108864
3000
50
8
1
1
0
1
0
0
1
0
1
1
2
1
7369
0
0
9
134217728
4000
500
1
0
1
0
0
1

3
1
4
2
7373
0
1
11
67108864
2000
500
91
0
1
0
1
0
0
1
0
1
8
2
7399
0
1
12
67108864
4000
500
1
1
1
0
1
0
0
1
0
3
1
1
1
7422
0
2
10
268435456
1000
50
100
1
0
1
0
0
1

0
1
4
2
7447
0
0
9
67108864
4000
100
1
0
1
0
0
1

3
1
4
2
7473
0
1
12
268435456
2000
250
20
1
1
0
1
0
0
1
0
3
1
2
2
7491
0
1
11
134217728
4000
100
71
0
1
0
1
0
0
1
3
1
1
1
7519
0
2
10
134217728
4000
250
10
1
0
1
0
0
1

3
1
8
1
7523
0
0
9
268435456
2000
50
1
0
1
0
0
1

1
1
8
4
7543
0
1
11
268435456
2000
250
34
0
1
0
1
0
0
1
0
1
1
1
7566
0
2
10
67108864
4000
100
100
1
0
1
0
0
1

1
1
2
1
7585
0
0
9
67108864
4000
250
1
0
1
0
0
1

3
1
1
1
7615
0
0
9
268435456
2000
250
1
0
1
0
0
1

0
1
1
1
7622
0
1
11
67108864
3000
100
89
0
1
0
1
0
0
1
3
1
8
2
7627
0
1
11
67108864
3000
1000
2
0
1
0
1
0
0
1
1
1
2
1
7655
0
1
12
134217728
2000
250
1
1
1
0
1
0
0
1
0
1
1
1
1
7661
0
1
11
134217728
1000
50
65
0
1
0
1
0
0
1
0
1
2
1
7689
0
0
9
134217728
4000
250
1
0
1
0
0
1

3
1
1
1
7691
0
1
11
67108864
4000
50
90
0
1
0
1
0
0
1
3
1
1
1
7700
0
1
12
67108864
1000
1000
84
1
1
0
1
0
0
1
0
3
1
2
1
7708
0
1
12
67108864
1000
500
46
1
1
0
1
0
0
1
0
0
1
8
8
7726
0
0
9
134217728
4000
500
1
0
1
0
0
1

1
1
4
1
7749
0
1
12
67108864
1000
100
94
1
1
0
1
0
0
1
0
1
1
8
2
7765
0
1
11
67108864
2000
100
9
0
1
0
1
0
0
1
3
1
2
1
7779
0
0
9
134217728
4000
500
1
0
1
0
0
1

0
1
8
2
7802
0
1
11
67108864
2000
250
85
0
1
0
1
0
0
1
3
1
8
2
7821
0
0
9
134217728
1000
100
1
0
1
0
0
1

1
1
4
2
7843
0
1
12
268435456
1000
500
95
1
1
0
1
0
0
1
0
1
1
2
1
7845
0
0
9
134217728
4000
250
1
0
1
0
0
1

0
1
1
1
7875
0
2
10
67108864
4000
100
1
1
0
1
0
0
1

1
1
2
1
7899
0
1
11
134217728
1000
1000
36
0
1
0
1
0
0
1
3
1
1
1
7910
0
2
10
67108864
2000
250
5
1
0
1
0
0
1

0
1
2
1
7937
0
2
10
268435456
2000
500
1
1
0
1
0
0
1

0
1
4
4
7947
0
1
11
268435456
3000
100
67
0
1
0
1
0
0
1
1
1
2
2
7964
0
2
10
268435456
1000
250
10
1
0
1
0
0
1

1
1
8
4
7974
0
2
10
134217728
2000
50
10
1
0
1
0
0
1

3
1
4
2
7979
0
1
12
268435456
3000
500
16
1
1
0
1
0
0
1
0
3
1
2
2
7999
0
0
9
134217728
1000
500
1
0
1
0
0
1

3
1
8
1
8021
0
2
10
268435456
2000
50
5
1
0
1
0
0
1

1
1
1
1
8037
0
2
10
134217728
4000
100
5
1
0
1
0
0
1

3
1
1
1
8047
0
1
11
268435456
3000
500
57
0
1
0
1
0
0
1
3
1
8
2
8051
0
0
9
67108864
3000
100
1
0
1
0
0
1

3
1
8
8
8077
0
2
10
134217728
4000
100
100
1
0
1
0
0
1

1
1
1
1
8092
0
1
11
268435456
1000
250
57
0
1
0
1
0
0
1
1
1
8
2
8108
0
0
9
268435456
3000
500
1
0
1
0
0
1

0
1
4
2
8109
0
2
10
134217728
4000
500
1
1
0
1
0
0
1

1
1
4
4
8138
0
2
10
268435456
3000
50
1000
1
0
1
0
0
1

0
1
2
2
8161
0
1
11
67108864
2000
100
57
0
1
0
1
0
0
1
0
1
4
2
8169
0
1
12
268435456
2000
250
97
1
1
0
1
0
0
1
0
0
1
8
2
8182
0
0
9
268435456
3000
50
1
0
1
0
0
1

0
1
1
1
8189
0
0
9
134217728
2000
1000
1
0
1
0
0
1

1
1
1
1
8197
0
0
9
134217728
4000
500
1
0
1
0
0
1

0
1
8
8
8200
0
0
9
268435456
2000
100
1
0
1
0
0
1

1
1
8
4
8223
0
0
9
268435456
3000
250
1
0
1
0
0
1

0
1
1
1
8248
0
0
9
134217728
3000
50
1
0
1
0
0
1

0
1
4
4
8272
0
2
10
134217728
3000
50
10
1
0
1
0
0
1

3
1
2
1
8285
0
1
12
67108864
3000
1000
83
1
1
0
1
0
0
1
0
1
1
1
1
8306
0
0
9
67108864
3000
500
1
0
1
0
0
1

0
1
4
4
8328
0
0
9
134217728
3000
100
1
0
1
0
0
1

0
1
1
1
8358
0
1
12
67108864
4000
1000
21
1
1
0
1
0
0
1
0
3
1
2
1
8377
0
0
9
268435456
2000
50
1
0
1
0
0
1

3
1
2
2
8393
0
1
12
134217728
3000
500
35
1
1
0
1
0
0
1
0
1
1
4
2
8401
0
2
10
67108864
4000
1000
10
1
0
1
0
0
1

1
1
2
2
8426
0
2
10
268435456
1000
500
5
1
0
1
0
0
1

0
1
8
2
8452
0
0
9
268435456
3000
100
1
0
1
0
0
1

0
1
8
4
8476
0
2
10
67108864
4000
250
100
1
0
1
0
0
1

3
1
4
1
8502
0
2
10
134217728
4000
250
10
1
0
1
0
0
1

1
1
4
1
8504
0
2
10
134217728
4000
100
1000
1
0
1
0
0
1

0
1
1
1
8525
0
2
10
67108864
1000
1000
1000
1
0
1
0
0
1

3
1
4
4
8528
0
2
10
268435456
3000
500
100
1
0
1
0
0
1

3
1
2
1
8535
0
1
11
134217728
1000
50
68
0
1
0
1
0
0
1
3
1
2
1
8563
0
0
9
268435456
2000
500
1
0
1
0
0
1

1
1
8
1
8570
0
1
11
134217728
4000
100
96
0
1
0
1
0
0
1
3
1
2
1
8575
0
0
9
134217728
3000
250
1
0
1
0
0
1

0
1
8
1
8581
0
2
10
268435456
3000
250
10
1
0
1
0
0
1

0
1
2
1
8591
0
2
10
134217728
3000
100
1000
1
0
1
0
0
1

0
1
2
2
8610
0
0
9
67108864
4000
250
1
0
1
0
0
1

3
1
8
2
8629
0
1
11
67108864
3000
500
5
0
1
0
1
0
0
1
1
1
4
2
8658
0
2
10
134217728
2000
250
10
1
0
1
0
0
1

3
1
8
4
8677
0
1
12
268435456
3000
500
4
1
1
0
1
0
0
1
0
3
1
1
1
8702
0
0
9
134217728
2000
50
1
0
1
0
0
1

1
1
8
8
8721
0
2
10
134217728
3000
100
1000
1
0
1
0
0
1

1
1
2
2
8722
0
1
12
268435456
2000
100
43
1
1
0
1
0
0
1
0
0
1
1
1
8724
0
0
9
67108864
4000
250
1
0
1
0
0
1

3
1
8
1
8738
0
2
10
268435456
2000
50
1
1
0
1
0
0
1

3
1
4
2
8768
0
1
11
67108864
1000
1000
13
0
1
0
1
0
0
1
0
1
4
2
8789
0
2
10
134217728
2000
250
5
1
0
1
0
0
1

3
1
2
1
8810
0
2
10
67108864
3000
1000
1
1
0
1
0
0
1

3
1
1
1
8836
0
1
11
268435456
3000
50
71
0
1
0
1
0
0
1
0
1
8
4
8839
0
2
10
134217728
2000
100
5
1
0
1
0
0
1

1
1
4
4
8865
0
0
9
268435456
1000
50
1
0
1
0
0
1

3
1
1
1
8888
0
0
9
134217728
4000
1000
1
0
1
0
0
1

0
1
4
4
8917
0
2
10
67108864
2000
50
1000
1
0
1
0
0
1

3
1
1
1
8936
0
0
9
268435456
2000
250
1
0
1
0
0
1

3
1
2
2
8938
0
1
11
134217728
2000
1000
94
0
1
0
1
0
0
1
0
1
1
1
8963
0
2
10
67108864
4000
50
1
1
0
1
0
0
1

3
1
1
1
8984
0
1
11
268435456
3000
250
37
0
1
0
1
0
0
1
0
1
8
4
9009
0
0
9
268435456
2000
100
1
0
1
0
0
1

3
1
4
4
9021
0
2
10
268435456
3000
250
10
1
0
1
0
0
1

3
1
2
2
9026
0
2
10
268435456
3000
100
10
1
0
1
0
0
1

3
1
4
4
9039
0
1
11
268435456
2000
250
23
0
1
0
1
0
0
1
1
1
1
1
9066
0
2
10
268435456
1000
500
100
1
0
1
0
0
1

1
1
8
4
9072
0
1
12
268435456
1000
250
8
1
1
0
1
0
0
1
0
3
1
8
2
9100
0
1
12
67108864
2000
100
29
1
1
0
1
0
0
1
0
1
1
4
2
9110
0
1
12
134217728
2000
1000
7
1
1
0
1
0
0
1
0
0
1
4
4
9132
0
2
10
134217728
1000
100
10
1
0
1
0
0
1

1
1
2
1
9160
0
2
10
67108864
4000
500
10
1
0
1
0
0
1

3
1
8
4
9187
0
2
10
67108864
1000
100
100
1
0
1
0
0
1

3
1
1
1
9217
0
0
9
268435456
3000
500
1
0
1
0
0
1

1
1
1
1
9218
0
1
11
67108864
1000
50
44
0
1
0
1
0
0
1
3
1
4
2
9242
0
0
9
134217728
3000
500
1
0
1
0
0
1

1
1
4
4
9249
0
0
9
67108864
3000
1000
1
0
1
0
0
1

1
1
8
2
9258
0
1
12
268435456
3000
500
24
1
1
0
1
0
0
1
0
0
1
1
1
9259
0
0
9
268435456
3000
250
1
0
1
0
0
1

1
1
2
2
9271
0
2
10
67108864
2000
1000
10
1
0
1
0
0
1

3
1
8
2
9291
0
2
10
268435456
3000
50
5
1
0
1
0
0
1

1
1
1
1
9305
0
2
10
268435456
3000
100
1000
1
0
1
0
0
1

0
1
4
2
9330
0
2
10
268435456
2000
500
100
1
0
1
0
0
1

0
1
2
1
9352
0
1
12
134217728
1000
100
82
1
1
0
1
0
0
1
0
0
1
4
1
9356
0
2
10
67108864
2000
1000
5
1
0
1
0
0
1

1
1
2
1
9379
0
0
9
134217728
2000
1000
1
0
1
0
0
1

0
1
8
2
9387
0
2
10
268435456
2000
100
5
1
0
1
0
0
1

1
1
8
4
9405
0
2
10
268435456
2000
250
1
1
0
1
0
0
1

3
1
2
1
9421
0
0
9
268435456
1000
100
1
0
1
0
0
1

3
1
4
1
9443
0
1
11
67108864
3000
250
67
0
1
0
1
0
0
1
3
1
2
1
9450
0
2
10
134217728
1000
1000
1000
1
0
1
0
0
1

1
1
4
1
9459
0
0
9
134217728
1000
50
1
0
1
0
0
1

0
1
2
2
9472
0
2
10
67108864
4000
250
100
1
0
1
0
0
1

1
1
1
1
9498
0
0
9
67108864
4000
1000
1
0
1
0
0
1

3
1
4
1
9527
0
1
12
268435456
1000
500
34
1
1
0
1
0
0
1
0
3
1
8
4
9536
0
0
9
67108864
4000
250
1
0
1
0
0
1

1
1
8
1
9542
0
1
11
67108864
2000
500
21
0
1
0
1
0
0
1
1
1
8
1
9568
0
1
11
67108864
1000
250
93
0
1
0
1
0
0
1
0
1
4
2
9588
0
1
12
134217728
4000
250
77
1
1
0
1
0
0
1
0
3
1
2
1
9601
0
2
10
268435456
3000
500
1000
1
0
1
0
0
1

3
1
8
4
9621
0
1
12
134217728
3000
50
71
1
1
0
1
0
0
1
0
0
1
1
1
9637
0
2
10
67108864
4000
100
10
1
0
1
0
0
1

3
1
4
2
9667
0
2
10
134217728
3000
250
1000
1
0
1
0
0
1

3
1
8
1
9686
0
2
10
268435456
3000
50
100
1
0
1
0
0
1

1
1
1
1
9711
0
0
9
268435456
2000
100
1
0
1
0
0
1

1
1
2
2
9740
0
2
10
134217728
1000
1000
10
1
0
1
0
0
1

3
1
1
1
9748
0
0
9
67108864
4000
500
1
0
1
0
0
1

0
1
4
1
9766
0
0
9
268435456
3000
50
1
0
1
0
0
1

3
1
2
1
9779
0
2
10
268435456
3000
100
1000
1
0
1
0
0
1

3
1
1
1
9795
0
2
10
134217728
1000
100
5
1
0
1
0
0
1

1
1
1
1
9804
0
2
10
268435456
2000
500
1
1
0
1
0
0
1

0
1
8
2
9826
0
1
11
268435456
3000
100
31
0
1
0
1
0
0
1
1
1
8
2
9841
0
2
10
134217728
2000
50
100
1
0
1
0
0
1

1
1
1
1
9843
0
2
10
134217728
2000
250
100
1
0
1
0
0
1

1
1
8
4
9872
0
0
9
268435456
3000
500
1
0
1
0
0
1

1
1
8
1
9882
0
1
11
134217728
4000
100
3
0
1
0
1
0
0
1
1
1
1
1
9888
0
2
10
67108864
4000
100
1000
1
0
1
0
0
1

3
1
8
2
9911
0
2
10
134217728
1000
250
10
1
0
1
0
0
1

0
1
2
2
9928
0
0
9
67108864
2000
1000
1
0
1
0
0
1

0
1
1
1
9940
0
0
9
268435456
1000
500
1
0
1
0
0
1

3
1
4
4
9941
0
0
9
67108864
3000
500
1
0
1
0
0
1

0
1
8
1
9956
0
1
12
268435456
3000
500
11
1
1
0
1
0
0
1
0
1
1
8
8
9986
0
0
9
134217728
3000
50
1
0
1
0
0
1

3
1
4
1
10007
0
1
12
134217728
1000
500
81
1
1
0
1
0
0
1
0
1
1
4
2
10014
0
2
10
67108864
2000
50
1000
1
0
1
0
0
1

1
1
2
2
10015
0
2
10
268435456
3000
250
10
1
0
1
0
0
1

1
1
8
2
10025
0
0
9
268435456
1000
250
1
0
1
0
0
1

1
1
4
1
10036
0
2
10
134217728
1000
250
1
1
0
1
0
0
1

3
1
2
1
10065
0
0
9
268435456
1000
250
1
0
1
0
0
1

0
1
1
1
10086
0
1
12
67108864
2000
250
56
1
1
0
1
0
0
1
0
3
1
1
1
10098
0
0
9
134217728
4000
100
1
0
1
0
0
1

0
1
2
1
10124
0
2
10
134217728
4000
50
10
1
0
1
0
0
1

0
1
1
1
10131
0
1
12
134217728
3000
100
95
1
1
0
1
0
0
1
0
3
1
2
1
10143
0
1
12
134217728
2000
100
85
1
1
0
1
0
0
1
0
1
1
1
1
10154
0
1
12
268435456
1000
100
79
1
1
0
1
0
0
1
0
0
1
1
1
10169
0
1
11
134217728
3000
250
31
0
1
0
1
0
0
1
3
1
4
4
10170
0
1
12
134217728
2000
50
83
1
1
0
1
0
0
1
0
1
1
2
2
10190
0
1
11
67108864
2000
100
37
0
1
0
1
0
0
1
1
1
8
4
10214
0
0
9
67108864
4000
500
1
0
1
0
0
1

1
1
2
1
10227
0
0
9
134217728
1000
1000
1
0
1
0
0
1

0
1
1
1
10229
0
0
9
134217728
1000
1000
1
0
1
0
0
1

1
1
8
1
10248
0
0
9
67108864
3000
50
1
0
1
0
0
1

0
1
2
2
10262
0
2
10
134217728
4000
50
1000
1
0
1
0
0
1

0
1
4
2
10282
0
2
10
134217728
2000
100
1000
1
0
1
0
0
1

0
1
4
1
10307
0
0
9
67108864
4000
1000
1
0
1
0
0
1

3
1
2
1
10323
0
2
10
268435456
1000
250
1
1
0
1
0
0
1

1
1
2
1
10351
0
0
9
134217728
3000
250
1
0
1
0
0
1

3
1
1
1
10378
0
1
11
67108864
2000
500
2
0
1
0
1
0
0
1
0
1
1
1
10389
0
1
12
67108864
4000
50
45
1
1
0
1
0
0
1
0
3
1
8
8
10392
0
2
10
268435456
3000
100
1000
1
0
1
0
0
1

0
1
8
8
10393
0
0
9
134217728
3000
500
1
0
1
0
0
1

1
1
8
1
10422
0
1
11
268435456
2000
500
28
0
1
0
1
0
0
1
1
1
1
1
10445
0
1
11
268435456
3000
500
19
0
1
0
1
0
0
1
1
1
8
4
10460
0
0
9
67108864
4000
100
1
0
1
0
0
1

0
1
4
1
10485
0
1
11
67108864
3000
50
35
0
1
0
1
0
0
1
1
1
2
1
10486
0
1
12
268435456
3000
50
97
1
1
0
1
0
0
1
0
3
1
2
1
10496
0
2
10
67108864
1000
250
5
1
0
1
0
0
1

1
1
1
1
10512
0
1
11
268435456
3000
100
53
0
1
0
1
0
0
1
1
1
8
4
10532
0
2
10
268435456
2000
250
1000
1
0
1
0
0
1

3
1
8
4
10549
0
1
11
67108864
4000
250
58
0
1
0
1
0
0
1
1
1
4
2
10555
0
0
9
67108864
3000
250
1
0
1
0
0
1

3
1
1
1
10572
0
2
10
67108864
4000
500
1
1
0
1
0
0
1

1
1
2
1
10585
0
1
11
134217728
1000
1000
65
0
1
0
1
0
0
1
0
1
2
1
10594
0
0
9
268435456
3000
500
1
0
1
0
0
1

0
1
1
1
10601
0
1
11
67108864
1000
500
5
0
1
0
1
0
0
1
1
1
2
1
10631
0
1
11
134217728
3000
250
94
0
1
0
1
0
0
1
3
1
4
2
10640
0
0
9
268435456
2000
500
1
0
1
0
0
1

0
1
4
1
10649
0
0
9
67108864
2000
100
1
0
1
0
0
1

0
1
1
1
10668
0
1
12
134217728
3000
1000
68
1
1
0
1
0
0
1
0
1
1
2
1
10675
0
0
9
268435456
3000
100
1
0
1
0
0
1

0
1
4
2
10697
0
1
11
67108864
2000
50
41
0
1
0
1
0
0
1
3
1
2
1
10710
0
2
10
268435456
3000
250
100
1
0
1
0
0
1

0
1
1
1
10731
0
1
12
134217728
1000
1000
60
1
1
0
1
0
0
1
0
0
1
1
1
10740
0
0
9
134217728
2000
100
1
0
1
0
0
1

1
1
4
1
10758
0
2
10
268435456
2000
50
1000
1
0
1
0
0
1

0
1
1
1
10767
0
1
11
134217728
1000
1000
32
0
1
0
1
0
0
1
1
1
8
4
10770
0
0
9
67108864
1000
250
1
0
1
0
0
1

1
1
4
4
10778
0
0
9
268435456
1000
250
1
0
1
0
0
1

3
1
2
1
10793
0
1
12
67108864
3000
250
29
1
1
0
1
0
0
1
0
3
1
1
1
10797
0
2
10
134217728
4000
50
100
1
0
1
0
0
1

0
1
2
2
10812
0
1
12
268435456
3000
500
69
1
1
0
1
0
0
1
0
3
1
2
1
10839
0
0
9
134217728
2000
1000
1
0
1
0
0
1

1
1
4
2
10864
0
1
12
134217728
1000
50
26
1
1
0
1
0
0
1
0
0
1
2
1
10871
0
1
11
134217728
4000
100
66
0
1
0
1
0
0
1
0
1
8
1
10884
0
1
12
67108864
4000
250
48
1
1
0
1
0
0
1
0
1
1
4
2
10914
0
2
10
134217728
3000
500
5
1
0
1
0
0
1

0
1
1
1
10933
0
1
12
67108864
1000
50
48
1
1
0
1
0
0
1
0
1
1
8
1
10959
0
2
10
67108864
1000
500
5
1
0
1
0
0
1

0
1
4
2
10985
0
2
10
134217728
2000
100
10
1
0
1
0
0
1

1
1
8
8
10989
0
2
10
67108864
4000
500
10
1
0
1
0
0
1

0
1
1
1
11003
0
2
10
67108864
2000
500
10
1
0
1
0
0
1

1
1
2
1
11020
0
1
11
268435456
2000
500
35
0
1
0
1
0
0
1
3
1
1
1
11048
0
1
12
268435456
2000
50
31
1
1
0
1
0
0
1
0
0
1
2
1
11068
0
1
12
67108864
3000
50
55
1
1
0
1
0
0
1
0
0
1
2
1
11076
0
1
11
268435456
3000
100
12
0
1
0
1
0
0
1
3
1
1
1
11104
0
1
11
67108864
1000
500
28
0
1
0
1
0
0
1
0
1
2
1
11127
0
2
10
134217728
1000
500
100
1
0
1
0
0
1

1
1
2
1
11135
0
1
11
67108864
2000
50
44
0
1
0
1
0
0
1
1
1
1
1
11161
0
0
9
67108864
2000
50
1
0
1
0
0
1

1
1
2
2
11185
0
0
9
134217728
2000
1000
1
0
1
0
0
1

0
1
8
4
11192
0
1
12
67108864
1000
500
33
1
1
0
1
0
0
1
0
1
1
1
1
11221
0
1
12
268435456
2000
50
85
1
1
0
1
0
0
1
0
1
1
8
8
11226
0
0
9
268435456
3000
500
1
0
1
0
0
1

0
1
4
2
11228
0
2
10
67108864
1000
500
1
1
0
1
0
0
1

3
1
8
8
11242
0
0
9
268435456
1000
250
1
0
1
0
0
1

0
1
2
1
11266
0
2
10
268435456
2000
500
5
1
0
1
0
0
1

1
1
8
4
11283
0
0
9
67108864
2000
250
1
0
1
0
0
1

3
1
1
1
11296
0
1
11
268435456
1000
50
99
0
1
0
1
0
0
1
3
1
4
1
11315
0
0
9
134217728
4000
250
1
0
1
0
0
1

1
1
8
8
11330
0
2
10
67108864
2000
250
1000
1
0
1
0
0
1

0
1
4
2
11355
0
1
11
67108864
3000
1000
54
0
1
0
1
0
0
1
3
1
2
1
11363
0
0
9
268435456
2000
250
1
0
1
0
0
1

1
1
1
1
11377
0
1
12
67108864
4000
500
91
1
1
0
1
0
0
1
0
3
1
1
1
11391
0
0
9
134217728
4000
100
1
0
1
0
0
1

3
1
4
2
11398
0
1
12
134217728
2000
100
19
1
1
0
1
0
0
1
0
1
1
2
1
11414
0
0
9
268435456
3000
500
1
0
1
0
0
1

1
1
4
2
11437
0
2
10
67108864
2000
100
1
1
0
1
0
0
1

3
1
4
4
11465
0
0
9
134217728
2000
50
1
0
1
0
0
1

1
1
2
1
11474
0
2
10
268435456
2000
50
5
1
0
1
0
0
1

0
1
8
8
11486
0
1
11
134217728
4000
50
56
0
1
0
1
0
0
1
1
1
4
2
11507
0
1
12
134217728
4000
1000
33
1
1
0
1
0
0
1
0
1
1
2
1
11523
0
1
11
67108864
3000
1000
16
0
1
0
1
0
0
1
0
1
4
2
11549
0
0
9
67108864
3000
50
1
0
1
0
0
1

1
1
4
2
11571
0
2
10
67108864
3000
250
1000
1
0
1
0
0
1

1
1
2
2
11589
0
2
10
134217728
4000
250
1000
1
0
1
0
0
1

3
1
8
4
11600
0
0
9
67108864
4000
500
1
0
1
0
0
1

0
1
4
2
11616
0
2
10
134217728
2000
1000
1
1
0
1
0
0
1

0
1
8
8
11626
0
1
11
134217728
3000
100
19
0
1
0
1
0
0
1
0
1
2
1
11650
0
1
12
134217728
4000
100
68
1
1
0
1
0
0
1
0
3
1
4
4
11660
0
2
10
67108864
1000
500
5
1
0
1
0
0
1

3
1
4
2
11690
0
2
10
134217728
2000
500
5
1
0
1
0
0
1

1
1
1
1
11697
0
2
10
268435456
1000
100
1
1
0
1
0
0
1

1
1
8
2
11703
0
1
12
134217728
4000
1000
5
1
1
0
1
0
0
1
0
0
1
1
1
11732
0
0
9
67108864
3000
250
1
0
1
0
0
1

0
1
8
8
11737
0
2
10
67108864
2000
50
10
1
0
1
0
0
1

1
1
8
1
11756
0
2
10
67108864
4000
100
1000
1
0
1
0
0
1

0
1
1
1
11772
0
2
10
134217728
3000
100
1
1
0
1
0
0
1

3
1
1
1
11791
0
0
9
268435456
2000
500
1
0
1
0
0
1

1
1
1
1
11821
0
0
9
67108864
4000
50
1
0
1
0
0
1

3
1
2
1
11828
0
2
10
67108864
1000
500
5
1
0
1
0
0
1

0
1
1
1
11835
0
1
12
67108864
3000
250
83
1
1
0
1
0
0
1
0
3
1
2
1
11839
0
2
10
268435456
3000
500
10
1
0
1
0
0
1

1
1
4
2
11859
0
0
9
134217728
1000
500
1
0
1
0
0
1

0
1
8
4
11861
0
1
12
67108864
2000
100
48
1
1
0
1
0
0
1
0
3
1
4
1
11886
0
2
10
67108864
3000
250
5
1
0
1
0
0
1

3
1
2
1
11912
0
0
9
67108864
2000
100
1
0
1
0
0
1

1
1
1
1
11915
0
0
9
134217728
3000
250
1
0
1
0
0
1

1
1
4
2
11942
0
0
9
268435456
2000
500
1
0
1
0
0
1

3
1
8
8
11949
0
0
9
268435456
1000
500
1
0
1
0
0
1

1
1
1
1
11965
0
0
9
67108864
3000
50
1
0
1
0
0
1

1
1
8
8
11993
0
1
11
268435456
3000
100
84
0
1
0
1
0
0
1
1
1
2
1
12020
0
1
11
268435456
3000
500
69
0
1
0
1
0
0
1
0
1
2
1
12044
0
1
12
67108864
2000
100
25
1
1
0
1
0
0
1
0
3
1
8
8
12074
0
2
10
134217728
1000
100
1000
1
0
1
0
0
1

0
1
2
1
12098
0
2
10
67108864
3000
50
5
1
0
1
0
0
1

0
1
1
1
12107
0
0
9
67108864
1000
1000
1
0
1
0
0
1

1
1
4
4
12121
0
0
9
67108864
4000
1000
1
0
1
0
0
1

3
1
2
1
12147
0
2
10
268435456
3000
100
5
1
0
1
0
0
1

1
1
8
1
12177
0
0
9
134217728
1000
500
1
0
1
0
0
1

3
1
8
8
12183
0
1
12
67108864
2000
500
50
1
1
0
1
0
0
1
0
1
1
2
2
12202
0
0
9
268435456
3000
50
1
0
1
0
0
1

1
1
1
1
12218
0
1
11
67108864
3000
100
8
0
1
0
1
0
0
1
0
1
2
1
12229
0
1
11
67108864
2000
100
12
0
1
0
1
0
0
1
0
1
8
4
12240
0
1
11
67108864
1000
250
97
0
1
0
1
0
0
1
0
1
4
4
12245
0
1
11
134217728
2000
50
58
0
1
0
1
0
0
1
1
1
1
1
12265
0
1
11
67108864
4000
1000
48
0
1
0
1
0
0
1
1
1
2
1
12282
0
2
10
67108864
4000
250
10
1
0
1
0
0
1

3
1
2
1
12300
0
0
9
67108864
4000
500
1
0
1
0
0
1

0
1
4
2
12315
0
1
12
268435456
2000
100
90
1
1
0
1
0
0
1
0
1
1
4
2
12319
0
0
9
134217728
2000
100
1
0
1
0
0
1

3
1
4
2
12322
0
0
9
134217728
3000
100
1
0
1
0
0
1

3
1
1
1
12333
0
1
12
134217728
2000
1000
22
1
1
0
1
0
0
1
0
0
1
8
1
12335
0
0
9
268435456
2000
500
1
0
1
0
0
1

0
1
8
8
12341
0
0
9
268435456
2000
50
1
0
1
0
0
1

1
1
8
4
12360
0
2
10
134217728
3000
1000
100
1
0
1
0
0
1

3
1
8
1
12362
0
1
11
67108864
4000
1000
22
0
1
0
1
0
0
1
1
1
1
1
12387
0
2
10
268435456
2000
500
5
1
0
1
0
0
1

1
1
4
4
12401
0
1
11
134217728
1000
1000
87
0
1
0
1
0
0
1
3
1
4
2
12415
0
2
10
268435456
1000
50
100
1
0
1
0
0
1

1
1
2
1
12434
0
0
9
268435456
3000
100
1
0
1
0
0
1

1
1
8
4
12460
0
1
11
268435456
3000
500
61
0
1
0
1
0
0
1
1
1
8
1
12486
0
2
10
134217728
1000
1000
100
1
0
1
0
0
1

1
1
4
2
12506
0
0
9
134217728
3000
50
1
0
1
0
0
1

3
1
4
4
12536
0
0
9
268435456
1000
500
1
0
1
0
0
1

1
1
4
4
12565
0
1
12
268435456
3000
500
83
1
1
0
1
0
0
1
0
1
1
1
1
12568
0
1
11
134217728
4000
100
10
0
1
0
1
0
0
1
3
1
2
1
12575
0
2
10
67108864
3000
100
10
1
0
1
0
0
1

1
1
4
2
12582
0
0
9
268435456
3000
50
1
0
1
0
0
1

0
1
1
1
12610
0
0
9
134217728
4000
500
1
0
1
0
0
1

0
1
8
2
12639
0
0
9
67108864
2000
50
1
0
1
0
0
1

0
1
1
1
12648
0
0
9
134217728
4000
50
1
0
1
0
0
1

1
1
8
1
12654
0
1
11
67108864
4000
1000
70
0
1
0
1
0
0
1
3
1
2
2
12667
0
1
11
67108864
2000
1000
60
0
1
0
1
0
0
1
3
1
1
1
12670
0
2
10
268435456
2000
50
1
1
0
1
0
0
1

3
1
1
1
12682
0
2
10
134217728
2000
1000
1000
1
0
1
0
0
1

3
1
2
2
12695
0
0
9
134217728
1000
50
1
0
1
0
0
1

3
1
1
1
12705
0
2
10
134217728
3000
500
5
1
0
1
0
0
1

3
1
1
1
12717
0
1
11
134217728
2000
250
9
0
1
0
1
0
0
1
3
1
4
2
12737
0
1
12
67108864
2000
100
59
1
1
0
1
0
0
1
0
1
1
8
1
12745
0
0
9
67108864
1000
250
1
0
1
0
0
1

0
1
8
4
12774
0
2
10
268435456
1000
100
100
1
0
1
0
0
1

0
1
1
1
12794
0
2
10
268435456
3000
500
100
1
0
1
0
0
1

3
1
1
1
12814
0
1
12
134217728
2000
250
86
1
1
0
1
0
0
1
0
3
1
8
1
12823
0
1
11
67108864
1000
250
38
0
1
0
1
0
0
1
3
1
2
1
12830
0
0
9
67108864
2000
50
1
0
1
0
0
1

1
1
1
1
12833
0
0
9
134217728
1000
50
1
0
1
0
0
1

0
1
2
1
12838
0
2
10
67108864
4000
50
1
1
0
1
0
0
1

0
1
2
2
12858
0
2
10
134217728
3000
100
1
1
0
1
0
0
1

3
1
1
1
12880
0
2
10
67108864
2000
50
1000
1
0
1
0
0
1

1
1
1
1
12902
0
0
9
134217728
3000
1000
1
0
1
0
0
1

3
1
2
1
12910
0
2
10
134217728
1000
1000
1
1
0
1
0
0
1

3
1
1
1
12913
0
1
12
134217728
2000
250
53
1
1
0
1
0
0
1
0
0
1
1
1
12925
0
2
10
67108864
1000
500
1000
1
0
1
0
0
1

0
1
8
4
12942
0
0
9
134217728
2000
1000
1
0
1
0
0
1

1
1
1
1
12944
0
2
10
268435456
3000
50
100
1
0
1
0
0
1

3
1
1
1
12964
0
1
12
268435456
3000
50
38
1
1
0
1
0
0
1
0
3
1
1
1
12975
0
1
11
268435456
3000
500
92
0
1
0
1
0
0
1
0
1
4
2
12995
0
0
9
134217728
4000
500
1
0
1
0
0
1

1
1
2
1
13022
0
2
10
268435456
1000
100
1000
1
0
1
0
0
1

3
1
2
1
13031
0
2
10
134217728
3000
50
10
1
0
1
0
0
1

0
1
8
8
13047
0
2
10
67108864
1000
1000
10
1
0
1
0
0
1

0
1
2
1
13073
0
1
12
134217728
2000
100
87
1
1
0
1
0
0
1
0
1
1
1
1
13099
0
0
9
67108864
1000
500
1
0
1
0
0
1

1
1
4
1
13116
0
0
9
134217728
2000
1000
1
0
1
0
0
1

3
1
8
2
13128
0
1
11
67108864
2000
500
60
0
1
0
1
0
0
1
1
1
1
1
13158
0
0
9
67108864
2000
500
1
0
1
0
0
1

1
1
8
8
13159
0
2
10
134217728
1000
500
100
1
0
1
0
0
1

1
1
4
2
13163
0
0
9
268435456
2000
500
1
0
1
0
0
1

3
1
4
2
13164
0
1
12
134217728
2000
1000
63
1
1
0
1
0
0
1
0
1
1
4
4
13168
0
0
9
134217728
2000
50
1
0
1
0
0
1

1
1
1
1
13186
0
2
10
268435456
1000
100
1
1
0
1
0
0
1

0
1
1
1
13203
0
0
9
67108864
1000
50
1
0
1
0
0
1

1
1
1
1
13207
0
1
12
134217728
4000
1000
98
1
1
0
1
0
0
1
0
3
1
4
1
13214
0
1
11
67108864
2000
50
23
0
1
0
1
0
0
1
1
1
4
2
13220
0
0
9
67108864
2000
100
1
0
1
0
0
1

3
1
2
2
13233
0
0
9
134217728
2000
100
1
0
1
0
0
1

1
1
8
2
13250
0
0
9
67108864
1000
100
1
0
1
0
0
1

1
1
1
1
13272
0
1
12
134217728
3000
250
65
1
1
0
1
0
0
1
0
0
1
8
8
13302
0
2
10
268435456
2000
50
100
1
0
1
0
0
1

3
1
2
1
13314
0
2
10
268435456
1000
500
100
1
0
1
0
0
1

1
1
4
1
13319
0
2
10
67108864
1000
250
1
1
0
1
0
0
1

3
1
1
1
13333
0
0
9
134217728
4000
100
1
0
1
0
0
1

3
1
8
8
13340
0
0
9
134217728
4000
250
1
0
1
0
0
1

0
1
4
1
13360
0
0
9
134217728
1000
100
1
0
1
0
0
1

0
1
2
1
13385
0
0
9
268435456
1000
500
1
0
1
0
0
1

1
1
1
1
13398
0
0
9
268435456
3000
100
1
0
1
0
0
1

3
1
8
4
13415
0
2
10
268435456
3000
100
100
1
0
1
0
0
1

3
1
1
1
13424
0
2
10
134217728
3000
1000
100
1
0
1
0
0
1

0
1
2
1
13453
0
0
9
268435456
3000
500
1
0
1
0
0
1

3
1
1
1
13460
0
2
10
67108864
1000
50
5
1
0
1
0
0
1

1
1
8
1
13471
0
0
9
134217728
4000
250
1
0
1
0
0
1

3
1
8
1
13493
0
0
9
268435456
2000
500
1
0
1
0
0
1

0
1
8
2
13518
0
0
9
134217728
2000
1000
1
0
1
0
0
1

3
1
8
1
13527
0
0
9
67108864
3000
500
1
0
1
0
0
1

0
1
4
1
13536
0
2
10
268435456
1000
250
1
1
0
1
0
0
1

3
1
4
2
13555
0
2
10
67108864
1000
50
1
1
0
1
0
0
1

0
1
1
1
13566
0
0
9
134217728
4000
1000
1
0
1
0
0
1

0
1
1
1
13590
0
2
10
268435456
3000
100
5
1
0
1
0
0
1

3
1
2
1
13605
0
0
9
268435456
3000
100
1
0
1
0
0
1

3
1
2
1
13621
0
0
9
268435456
3000
50
1
0
1
0
0
1

0
1
1
1
13645
0
0
9
134217728
4000
500
1
0
1
0
0
1

3
1
8
1
13646
0
0
9
134217728
3000
100
1
0
1
0
0
1

0
1
8
8
13660
0
2
10
134217728
3000
50
5
1
0
1
0
0
1

0
1
2
1
13674
0
0
9
134217728
1000
500
1
0
1
0
0
1

0
1
8
4
13695
0
2
10
134217728
2000
500
10
1
0
1
0
0
1

3
1
1
1
13719
0
0
9
67108864
2000
50
1
0
1
0
0
1

1
1
4
4
13724
0
2
10
134217728
2000
1000
10
1
0
1
0
0
1

3
1
8
4
13731
0
2
10
134217728
4000
500
1000
1
0
1
0
0
1

0
1
8
8
13757
0
0
9
67108864
2000
100
1
0
1
0
0
1

1
1
8
8
13767
0
0
9
268435456
2000
500
1
0
1
0
0
1

1
1
4
2
13790
0
0
9
67108864
2000
250
1
0
1
0
0
1

1
1
2
1
13811
0
0
9
134217728
1000
50
1
0
1
0
0
1

3
1
1
1
13830
0
2
10
134217728
1000
500
100
1
0
1
0
0
1

0
1
8
2
13847
0
2
10
134217728
4000
100
10
1
0
1
0
0
1

0
1
8
1
13849
0
0
9
268435456
3000
250
1
0
1
0
0
1

0
1
2
1
13874
0
2
10
67108864
4000
50
10
1
0
1
0
0
1

0
1
4
4
13903
0
0
9
134217728
3000
1000
1
0
1
0
0
1

1
1
2
2
13933
0
0
9
134217728
2000
1000
1
0
1
0
0
1

1
1
4
2
13947
0
0
9
134217728
3000
250
1
0
1
0
0
1

1
1
1
1
13972
0
0
9
67108864
1000
50
1
0
1
0
0
1

3
1
1
1
13982
0
0
9
134217728
4000
250
1
0
1
0
0
1

3
1
4
2
13985
0
0
9
134217728
2000
50
1
0
1
0
0
1

0
1
4
2
13992
0
0
9
134217728
2000
100
1
0
1
0
0
1

3
1
8
1
14002
0
0
9
268435456
1000
100
1
0
1
0
0
1

1
1
4
2
14013
0
0
9
134217728
3000
100
1
0
1
0
0
1

3
1
1
1
14024
0
0
9
67108864
3000
1000
1
0
1
0
0
1

0
1
8
8
14054
0
0
9
67108864
1000
100
1
0
1
0
0
1

0
1
4
2
14070
0
0
9
134217728
1000
50
1
0
1
0
0
1

3
1
8
1
14097
0
0
9
134217728
1000
1000
1
0
1
0
0
1

0
1
4
1
14113
0
0
9
67108864
2000
1000
1
0
1
0
0
1

0
1
2
1
14129
0
0
9
67108864
3000
50
1
0
1
0
0
1

0
1
2
1
14140
0
0
9
67108864
2000
250
1
0
1
0
0
1

1
1
4
1
14167
0
0
9
67108864
1000
1000
1
0
1
0
0
1

1
1
2
1
14171
0
0
9
268435456
3000
500
1
0
1
0
0
1

1
1
1
1
14190
0
0
9
268435456
1000
50
1
0
1
0
0
1

1
1
8
2
14213
0
0
9
67108864
3000
1000
1
0
1
0
0
1

3
1
8
8
14241
0
0
9
67108864
1000
1000
1
0
1
0
0
1

1
1
4
2
14244
0
0
9
268435456
3000
500
1
0
1
0
0
1

3
1
4
4
14255
0
0
9
67108864
1000
50
1
0
1
0
0
1

1
1
8
8
14270
0
0
9
67108864
2000
50
1
0
1
0
0
1

1
1
4
2
14287
0
0
9
268435456
1000
500
1
0
1
0
0
1

1
1
1
1
14309
0
0
9
67108864
1000
250
1
0
1
0
0
1

0
1
4
1
14324
0
0
9
268435456
2000
500
1
0
1
0
0
1

1
1
8
1
14331
0
0
9
134217728
3000
50
1
0
1
0
0
1

3
1
1
1
14336
0
0
9
134217728
4000
100
1
0
1
0
0
1

0
1
2
2
14350
0
0
9
67108864
3000
500
1
0
1
0
0
1

0
1
8
2
14363
0
0
9
268435456
3000
250
1
0
1
0
0
1

3
1
2
2
14376
0
0
9
67108864
2000
250
1
0
1
0
0
1

1
1
1
1
14389
0
0
9
268435456
3000
100
1
0
1
0
0
1

1
1
8
8
14408
0
0
9
134217728
4000
100
1
0
1
0
0
1

0
1
2
1
14419
0
0
9
67108864
3000
1000
1
0
1
0
0
1

1
1
4
1
14434
0
0
9
134217728
2000
500
1
0
1
0
0
1

1
1
4
4
14455
0
0
9
67108864
3000
250
1
0
1
0
0
1

1
1
2
1
14467
0
0
9
268435456
1000
50
1
0
1
0
0
1

3
1
8
1
14497
0
0
9
134217728
4000
100
1
0
1
0
0
1

1
1
4
4
14500
0
0
9
268435456
1000
100
1
0
1
0
0
1

3
1
1
1
14520
0
0
9
134217728
1000
1000
1
0
1
0
0
1

0
1
1
1
14534
0
0
9
67108864
4000
1000
1
0
1
0
0
1

3
1
2
1
14563
0
0
9
268435456
2000
500
1
0
1
0
0
1

3
1
1
1
14581
0
0
9
268435456
3000
100
1
0
1
0
0
1

3
1
4
1
14602
0
0
9
268435456
1000
250
1
0
1
0
0
1

3
1
2
1
14611
0
0
9
268435456
1000
500
1
0
1
0
0
1

3
1
8
2
14629
0
0
9
67108864
2000
50
1
0
1
0
0
1

1
1
2
1
14650
0
0
9
67108864
2000
50
1
0
1
0
0
1

0
1
2
2
14660
0
0
9
67108864
1000
50
1
0
1
0
0
1

1
1
8
8
14667
0
0
9
268435456
3000
500
1
0
1
0
0
1

1
1
8
8
14672
0
0
9
268435456
3000
500
1
0
1
0
0
1

1
1
1
1
14674
0
0
9
268435456
3000
250
1
0
1
0
0
1

0
1
4
2
14692
0
0
9
268435456
3000
250
1
0
1
0
0
1

1
1
2
2
14702
0
0
9
67108864
1000
1000
1
0
1
0
0
1

1
1
2
1
14704
0
0
9
67108864
3000
500
1
0
1
0
0
1

0
1
1
1
14709
0
0
9
268435456
3000
500
1
0
1
0
0
1

0
1
4
1
14720
0
0
9
134217728
2000
1000
1
0
1
0
0
1

0
1
8
1
14737
0
0
9
134217728
2000
250
1
0
1
0
0
1

1
1
2
1
14738
0
0
9
67108864
4000
1000
1
0
1
0
0
1

1
1
1
1
14766
0
0
9
268435456
3000
500
1
0
1
0
0
1

0
1
8
4
14775
0
0
9
67108864
3000
50
1
0
1
0
0
1

3
1
4
4
14790
0
0
9
268435456
3000
250
1
0
1
0
0
1

3
1
2
1
14815
0
0
9
268435456
2000
500
1
0
1
0
0
1

0
1
4
1
14838
0
0
9
67108864
1000
500
1
0
1
0
0
1

0
1
8
2
14848
0
0
9
67108864
2000
1000
1
0
1
0
0
1

0
1
1
1
14874
0
0
9
67108864
2000
100
1
0
1
0
0
1

0
1
2
1
14881
0
0
9
67108864
4000
250
1
0
1
0
0
1

0
1
4
4
14901
0
0
9
134217728
3000
100
1
0
1
0
0
1

0
1
1
1
14930
0
0
9
268435456
3000
250
1
0
1
0
0
1

1
1
4
4
14931
0
0
9
134217728
3000
50
1
0
1
0
0
1

0
1
4
2
14944
0
0
9
67108864
1000
250
1
0
1
0
0
1

0
1
4
1
14968
0
0
9
268435456
3000
500
1
0
1
0
0
1

1
1
4
1
14971
0
0
9
67108864
4000
1000
1
0
1
0
0
1

1
1
2
2
14982
0
0
9
67108864
1000
250
1
0
1
0
0
1

0
1
8
4
15005
0
0
9
134217728
1000
500
1
0
1
0
0
1

0
1
8
4
15007
0
0
9
134217728
3000
250
1
0
1
0
0
1

1
1
8
8
15022
0
0
9
134217728
3000
250
1
0
1
0
0
1

1
1
1
1
15027
0
0
9
67108864
3000
100
1
0
1
0
0
1

0
1
2
1
15030
0
0
9
67108864
3000
100
1
0
1
0
0
1

1
1
4
2
15060
0
0
9
268435456
2000
100
1
0
1
0
0
1

0
1
1
1
15071
0
0
9
67108864
4000
500
1
0
1
0
0
1

0
1
8
1
15099
0
0
9
134217728
2000
1000
1
0
1
0
0
1

0
1
2
1
15124
0
0
9
268435456
3000
500
1
0
1
0
0
1

1
1
1
1
15131
0
0
9
268435456
2000
50
1
0
1
0
0
1

0
1
8
2
15149
0
0
9
268435456
2000
500
1
0
1
0
0
1

0
1
1
1
15157
0
0
9
268435456
3000
500
1
0
1
0
0
1

0
1
4
1
15187
0
0
9
67108864
2000
100
1
0
1
0
0
1

0
1
8
1
15209
0
0
9
134217728
3000
100
1
0
1
0
0
1

1
1
8
8
15220
0
0
9
67108864
4000
500
1
0
1
0
0
1

0
1
2
1
15246
0
0
9
67108864
2000
250
1
0
1
0
0
1

1
1
1
1
15258
0
0
9
67108864
3000
50
1
0
1
0
0
1

1
1
8
8
15288
0
0
9
67108864
3000
1000
1
0
1
0
0
1

0
1
8
2
15310
0
0
9
268435456
2000
500
1
0
1
0
0
1

0
1
4
1
15335
0
0
9
134217728
4000
50
1
0
1
0
0
1

1
1
1
1
15339
0
0
9
268435456
3000
100
1
0
1
0
0
1

1
1
2
1
15356
0
0
9
134217728
4000
500
1
0
1
0
0
1

1
1
4
2
15386
0
0
9
67108864
3000
50
1
0
1
0
0
1

1
1
2
1
15409
0
0
9
67108864
1000
1000
1
0
1
0
0
1

1
1
2
1
15430
0
0
9
268435456
3000
100
1
0
1
0
0
1

0
1
8
8
15458
0
0
9
134217728
3000
500
1
0
1
0
0
1

1
1
8
1
15462
0
0
9
268435456
2000
250
1
0
1
0
0
1

0
1
1
1
15479
0
0
9
67108864
3000
50
1
0
1
0
0
1

0
1
2
1
15486
0
0
9
268435456
3000
100
1
0
1
0
0
1

0
1
1
1
15510
0
0
9
67108864
3000
250
1
0
1
0
0
1

1
1
2
2
15526
0
0
9
67108864
4000
50
1
0
1
0
0
1

1
1
1
1
15540
0
0
9
134217728
3000
50
1
0
1
0
0
1

0
1
4
1
15551
0
0
9
268435456
3000
50
1
0
1
0
0
1

1
1
2
1
15572
0
0
9
67108864
1000
50
1
0
1
0
0
1

1
1
8
2
15587
0
0
9
268435456
3000
500
1
0
1
0
0
1

1
1
1
1
15612
0
0
9
67108864
1000
1000
1
0
1
0
0
1

0
1
4
4
15635
0
0
9
268435456
1000
50
1
0
1
0
0
1

0
1
2
1
15642
0
0
9
134217728
4000
500
1
0
1
0
0
1

0
1
2
1
15651
0
0
9
268435456
1000
50
1
0
1
0
0
1

1
1
8
2
15667
0
0
9
67108864
2000
50
1
0
1
0
0
1

1
1
1
1
15686
0
0
9
268435456
3000
500
1
0
1
0
0
1

1
1
1
1
15694
0
0
9
268435456
2000
250
1
0
1
0
0
1

1
1
8
8
15705
0
0
9
67108864
1000
1000
1
0
1
0
0
1

0
1
4
1
15720
0
0
9
268435456
3000
250
1
0
1
0
0
1

1
1
2
1
15748
0
0
9
134217728
1000
1000
1
0
1
0
0
1

1
1
1
1
15767
0
0
9
67108864
3000
50
1
0
1
0
0
1

0
1
2
1
15769
0
0
9
268435456
2000
500
1
0
1
0
0
1

0
1
1
1
15787
0
0
9
268435456
3000
500
1
0
1
0
0
1

1
1
8
2
15805
0
0
9
134217728
2000
100
1
0
1
0
0
1

1
1
2
1
15824
0
0
9
134217728
2000
1000
1
0
1
0
0
1

1
1
4
1
15850
0
0
9
268435456
2000
100
1
0
1
0
0
1

1
1
1
1
15872
0
0
9
268435456
3000
500
1
0
1
0
0
1

0
1
1
1
15901
0
0
9
268435456
3000
250
1
0
1
0
0
1

1
1
4
2
15912
0
0
9
67108864
1000
50
1
0
1
0
0
1

1
1
2
1
15923
0
0
9
67108864
4000
250
1
0
1
0
0
1

0
1
8
1
15952
0
0
9
268435456
2000
500
1
0
1
0
0
1

0
1
2
2
15975
0
0
9
268435456
3000
250
1
0
1
0
0
1

1
1
2
1
15991
0
0
9
268435456
2000
500
1
0
1
0
0
1

0
1
4
2
15992
0
0
9
134217728
1000
1000
1
0
1
0
0
1

0
1
4
1
16007
0
0
9
134217728
3000
250
1
0
1
0
0
1

1
1
1
1
16020
0
0
9
268435456
3000
250
1
0
1
0
0
1

1
1
4
2
16034
0
0
9
268435456
3000
250
1
0
1
0
0
1

1
1
1
1
16038
0
0
9
268435456
3000
500
1
0
1
0
0
1

0
1
2
1
16049
0
0
9
134217728
2000
500
1
0
1
0
0
1

1
1
4
2
16071
0
0
9
67108864
4000
250
1
0
1
0
0
1

0
1
4
2
16094
0
0
9
268435456
3000
50
1
0
1
0
0
1

0
1
1
1
16104
0
0
9
268435456
2000
250
1
0
1
0
0
1

0
1
1
1
16126
0
0
9
134217728
3000
500
1
0
1
0
0
1

0
1
8
4
16148
0
0
9
268435456
3000
250
1
0
1
0
0
1

1
1
8
4
16164
0
0
9
268435456
2000
500
1
0
1
0
0
1

0
1
4
1
16191
0
0
9
134217728
3000
100
1
0
1
0
0
1

0
1
4
4
16201
0
0
9
67108864
4000
250
1
0
1
0
0
1

1
1
8
4
16212
0
0
9
268435456
1000
50
1
0
1
0
0
1

1
1
4
2
16218
0
0
9
134217728
4000
1000
1
0
1
0
0
1

1
1
2
1
16225
0
0
9
67108864
1000
50
1
0
1
0
0
1

0
1
1
1
16254
0
0
9
67108864
2000
1000
1
0
1
0
0
1

0
1
2
2
16278
0
0
9
67108864
1000
1000
1
0
1
0
0
1

1
1
4
2
16284
0
0
9
67108864
3000
250
1
0
1
0
0
1

1
1
4
2
16288
0
0
9
268435456
1000
500
1
0
1
0
0
1

0
1
2
1
16308
0
0
9
134217728
4000
100
1
0
1
0
0
1

0
1
4
2
16312
0
0
9
268435456
2000
250
1
0
1
0
0
1

0
1
2
1
16324
0
0
9
268435456
3000
500
1
0
1
0
0
1

0
1
4
2
16354
0
0
9
268435456
2000
100
1
0
1
0
0
1

0
1
8
1
16364
0
0
9
134217728
3000
500
1
0
1
0
0
1

0
1
2
1
16368
0
0
9
268435456
3000
50
1
0
1
0
0
1

1
1
2
2
16391
0
0
9
134217728
4000
100
1
0
1
0
0
1

0
1
4
2
16402
0
0
9
268435456
2000
50
1
0
1
0
0
1

0
1
2
1
16421
0
0
9
134217728
2000
50
1
0
1
0
0
1

1
1
4
1
16437
0
0
9
268435456
3000
500
1
0
1
0
0
1

1
1
4
1
16452
0
0
9
67108864
2000
500
1
0
1
0
0
1

1
1
1
1
16457
0
0
9
268435456
3000
500
1
0
1
0
0
1

1
1
4
2
16468
0
0
9
67108864
1000
1000
1
0
1
0
0
1

1
1
2
1
16472
0
0
9
134217728
4000
1000
1
0
1
0
0
1

1
1
2
2
16490
0
0
9
268435456
1000
500
1
0
1
0
0
1

1
1
1
1
16506
0
0
9
134217728
3000
500
1
0
1
0
0
1

1
1
8
8
16525
0
0
9
268435456
2000
100
1
0
1
0
0
1

1
1
8
2
16543
0
0
9
67108864
4000
1000
1
0
1
0
0
1

1
1
4
1
16549
0
0
9
268435456
3000
50
1
0
1
0
0
1

0
1
4
4
16579
0
0
9
134217728
2000
50
1
0
1
0
0
1

1
1
2
2
16593
0
0
9
134217728
1000
1000
1
0
1
0
0
1

1
1
4
2
16594
0
0
9
134217728
4000
250
1
0
1
0
0
1

0
1
2
2
16615
0
0
9
268435456
1000
500
1
0
1
0
0
1

0
1
1
1
16627
0
0
9
67108864
3000
100
1
0
1
0
0
1

1
1
1
1
16641
0
0
9
67108864
1000
50
1
0
1
0
0
1

1
1
2
2
16666
0
0
9
268435456
1000
250
1
0
1
0
0
1

1
1
2
2
16684
0
0
9
268435456
2000
500
1
0
1
0
0
1

1
1
1
1
16699
0
0
9
268435456
3000
500
1
0
1
0
0
1

0
1
4
2
16716
0
0
9
134217728
2000
100
1
0
1
0
0
1

0
1
1
1
16732
0
0
9
134217728
2000
50
1
0
1
0
0
1

0
1
2
1
16754
0
0
9
134217728
1000
100
1
0
1
0
0
1

1
1
2
1
16773
0
0
9
134217728
3000
1000
1
0
1
0
0
1

0
1
2
1
16778
0
0
9
268435456
3000
100
1
0
1
0
0
1

1
1
2
1
16781
0
0
9
268435456
3000
500
1
0
1
0
0
1

1
1
2
1
16793
0
0
9
67108864
2000
250
1
0
1
0
0
1

0
1
1
1
16807
0
0
9
67108864
2000
50
1
0
1
0
0
1

1
1
2
1
16818
0
0
9
268435456
2000
50
1
0
1
0
0
1

1
1
2
2
16847
0
0
9
268435456
3000
500
1
0
1
0
0
1

1
1
2
1
16851
0
0
9
134217728
2000
500
1
0
1
0
0
1

1
1
8
4
16878
0
0
9
134217728
2000
500
1
0
1
0
0
1

1
1
1
1
16902
0
0
9
134217728
1000
250
1
0
1
0
0
1

0
1
4
2
16903
0
0
9
134217728
3000
500
1
0
1
0
0
1

0
1
8
8
16911
0
0
9
67108864
1000
250
1
0
1
0
0
1

0
1
4
1
16927
0
0
9
67108864
3000
500
1
0
1
0
0
1

0
1
1
1
16935
0
0
9
67108864
2000
250
1
0
1
0
0
1

1
1
1
1
16947
0
0
9
268435456
3000
100
1
0
1
0
0
1

1
1
1
1
16958
0
0
9
268435456
3000
500
1
0
1
0
0
1

1
1
8
1
16962
0
0
9
67108864
2000
100
1
0
1
0
0
1

1
1
8
8
16968
0
0
9
268435456
2000
100
1
0
1
0
0
1

0
1
2
1
16970
0
0
9
268435456
2000
250
1
0
1
0
0
1

1
1
4
2
16990
0
0
9
134217728
3000
250
1
0
1
0
0
1

1
1
8
4
16997
0
0
9
134217728
4000
50
1
0
1
0
0
1

0
1
4
2
17003
0
0
9
134217728
4000
100
1
0
1
0
0
1

1
1
8
2
17023
0
0
9
268435456
3000
500
1
0
1
0
0
1

1
1
2
1
17043
0
0
9
134217728
2000
250
1
0
1
0
0
1

0
1
4
2
17050
0
0
9
134217728
3000
500
1
0
1
0
0
1

1
1
8
1
17077
0
0
9
268435456
3000
50
1
0
1
0
0
1

1
1
1
1
17082
0
0
9
67108864
3000
500
1
0
1
0
0
1

0
1
4
2
17085
0
0
9
67108864
4000
100
1
0
1
0
0
1

0
1
1
1
17105
0
0
9
134217728
2000
50
1
0
1
0
0
1

0
1
1
1
17117
0
0
9
134217728
2000
1000
1
0
1
0
0
1

0
1
4
2
17127
0
0
9
134217728
2000
1000
1
0
1
0
0
1

1
1
4
2
17130
0
0
9
134217728
4000
500
1
0
1
0
0
1

1
1
8
4
17147
0
0
9
67108864
3000
1000
1
0
1
0
0
1

1
1
1
1
17168
0
0
9
134217728
1000
250
1
0
1
0
0
1

0
1
1
1
17197
0
0
9
67108864
3000
250
1
0
1
0
0
1

1
1
2
1
17211
0
0
9
134217728
2000
500
1
0
1
0
0
1

1
1
4
4
17237
0
0
9
134217728
1000
250
1
0
1
0
0
1

0
1
4
4
17248
0
0
9
67108864
3000
100
1
0
1
0
0
1

0
1
1
1
17271
0
0
9
268435456
3000
100
1
0
1
0
0
1

0
1
4
2
17279
0
0
9
268435456
2000
500
1
0
1
0
0
1

1
1
2
1
17303
0
0
9
134217728
4000
1000
1
0
1
0
0
1

0
1
4
4
17308
0
0
9
134217728
1000
500
1
0
1
0
0
1

1
1
4
2
17321
0
0
9
134217728
4000
50
1
0
1
0
0
1

0
1
4
2
17339
0
0
9
268435456
2000
50
1
0
1
0
0
1

0
1
8
4
17356
0
0
9
268435456
1000
50
1
0
1
0
0
1

0
1
8
2
17374
0
0
9
134217728
3000
100
1
0
1
0
0
1

1
1
4
4
17384
0
0
9
67108864
1000
500
1
0
1
0
0
1

1
1
2
1
17394
0
0
9
134217728
4000
250
1
0
1
0
0
1

0
1
8
1
17409
0
0
9
134217728
4000
50
1
0
1
0
0
1

1
1
4
1
17422
0
0
9
67108864
3000
250
1
0
1
0
0
1

1
1
1
1
17445
0
0
9
134217728
3000
1000
1
0
1
0
0
1

1
1
4
2
17460
0
0
9
67108864
3000
100
1
0
1
0
0
1

1
1
2
1
17476
0
0
9
67108864
4000
500
1
0
1
0
0
1

0
1
4
2
17505
0
0
9
134217728
2000
1000
1
0
1
0
0
1

0
1
2
1
17524
0
0
9
134217728
3000
250
1
0
1
0
0
1

0
1
1
1
17535
0
0
9
134217728
3000
500
1
0
1
0
0
1

0
1
4
1
17536
0
0
9
268435456
2000
50
1
0
1
0
0
1

1
1
2
1
17551
0
0
9
67108864
4000
1000
1
0
1
0
0
1

1
1
4
2
17565
0
0
9
134217728
2000
50
1
0
1
0
0
1

0
1
4
1
17589
0
0
9
67108864
4000
500
1
0
1
0
0
1

1
1
8
8
17600
0
0
9
134217728
2000
500
1
0
1
0
0
1

0
1
4
2
17619
0
0
9
268435456
1000
500
1
0
1
0
0
1

1
1
4
2
17627
0
0
9
268435456
3000
500
1
0
1
0
0
1

1
1
8
4
17647
0
0
9
134217728
4000
50
1
0
1
0
0
1

1
1
4
1
17657
0
0
9
67108864
3000
1000
1
0
1
0
0
1

1
1
1
1
17667
0
0
9
268435456
3000
500
1
0
1
0
0
1

1
1
4
2
17694
0
0
9
268435456
1000
500
1
0
1
0
0
1

0
1
1
1
17722
0
0
9
134217728
1000
1000
1
0
1
0
0
1

0
1
4
4
17733
0
0
9
134217728
3000
500
1
0
1
0
0
1

1
1
8
1
17737
0
0
9
268435456
2000
500
1
0
1
0
0
1

0
1
1
1
17746
0
0
9
134217728
1000
250
1
0
1
0
0
1

0
1
2
2
17767
0
0
9
268435456
3000
500
1
0
1
0
0
1

0
1
1
1
17794
0
0
9
268435456
1000
250
1
0
1
0
0
1

0
1
4
2
17804
0
0
9
268435456
2000
50
1
0
1
0
0
1

1
1
1
1
17818
0
0
9
268435456
2000
500
1
0
1
0
0
1

0
1
4
1
17837
0
0
9
268435456
3000
500
1
0
1
0
0
1

1
1
2
1
17856
0
0
9
268435456
3000
50
1
0
1
0
0
1

0
1
8
4
17875
0
0
9
67108864
3000
50
1
0
1
0
0
1

0
1
4
2
17905
0
0
9
268435456
2000
50
1
0
1
0
0
1

1
1
2
1
17930
0
0
9
268435456
3000
500
1
0
1
0
0
1

1
1
4
2
17944
0
0
9
134217728
4000
50
1
0
1
0
0
1

0
1
4
2
17954
0
0
9
67108864
4000
50
1
0
1
0
0
1

1
1
1
1
17968
0
0
9
268435456
2000
250
1
0
1
0
0
1

0
1
4
1
17998
0
0
9
268435456
3000
50
1
0
1
0
0
1

1
1
1
1
18027
0
0
9
67108864
2000
250
1
0
1
0
0
1

1
1
8
8
18030
0
0
9
134217728
1000
1000
1
0
1
0
0
1

1
1
2
1
18058
0
0
9
134217728
1000
50
1
0
1
0
0
1

0
1
8
8
18086
0
0
9
67108864
4000
1000
1
0
1
0
0
1

1
1
1
1
18094
0
0
9
268435456
1000
100
1
0
1
0
0
1

1
1
2
2
18106
0
0
9
268435456
2000
250
1
0
1
0
0
1

0
1
2
2
18124
0
0
9
134217728
3000
100
1
0
1
0
0
1

0
1
8
8
18128
0
0
9
67108864
2000
1000
1
0
1
0
0
1

0
1
2
1
18135
0
0
9
134217728
2000
250
1
0
1
0
0
1

0
1
2
1
18147
0
0
9
268435456
3000
100
1
0
1
0
0
1

1
1
4
2
18158
0
0
9
134217728
1000
250
1
0
1
0
0
1

0
1
2
1
18179
0
0
9
67108864
1000
1000
1
0
1
0
0
1

1
1
4
4
18186
0
0
9
67108864
2000
500
1
0
1
0
0
1

0
1
4
4
18187
0
0
9
268435456
3000
500
1
0
1
0
0
1

0
1
1
1
18212
0
0
9
268435456
3000
50
1
0
1
0
0
1

0
1
1
1
18216
0
0
9
134217728
2000
250
1
0
1
0
0
1

0
1
8
2
18220
0
0
9
134217728
4000
250
1
0
1
0
0
1

0
1
1
1
18242
0
0
9
67108864
3000
50
1
0
1
0
0
1

0
1
1
1
18254
0
0
9
67108864
1000
250
1
0
1
0
0
1

0
1
4
2
18269
0
0
9
67108864
2000
100
1
0
1
0
0
1

1
1
8
8
18274
0
0
9
268435456
1000
50
1
0
1
0
0
1

0
1
2
1
18277
0
0
9
67108864
1000
50
1
0
1
0
0
1

1
1
2
1
18278
0
0
9
134217728
1000
1000
1
0
1
0
0
1

0
1
2
1
18284
0
0
9
134217728
1000
100
1
0
1
0
0
1

1
1
8
8
18288
0
0
9
67108864
2000
1000
1
0
1
0
0
1

1
1
8
8
18305
0
0
9
268435456
3000
100
1
0
1
0
0
1

0
1
1
1
18306
0
0
9
67108864
1000
500
1
0
1
0
0
1

1
1
2
1
18319
0
0
9
134217728
1000
250
1
0
1
0
0
1

0
1
1
1
18321
0
0
9
268435456
3000
500
1
0
1
0
0
1

0
1
2
1
18350
0
0
9
134217728
2000
500
1
0
1
0
0
1

0
1
2
1
18358
0
0
9
134217728
1000
100
1
0
1
0
0
1

1
1
4
2
18371
0
0
9
134217728
1000
1000
1
0
1
0
0
1

1
1
2
2
18400
0
0
9
67108864
4000
500
1
0
1
0
0
1

0
1
1
1
18414
0
0
9
67108864
2000
500
1
0
1
0
0
1

1
1
2
2
18439
0
0
9
67108864
4000
50
1
0
1
0
0
1

1
1
4
2
18464
0
0
9
268435456
3000
500
1
0
1
0
0
1

0
1
1
1
18469
0
0
9
268435456
2000
50
1
0
1
0
0
1

0
1
8
4
18481
0
0
9
268435456
3000
50
1
0
1
0
0
1

1
1
8
8
18511
0
0
9
268435456
3000
500
1
0
1
0
0
1

0
1
8
2
18538
0
0
9
134217728
3000
1000
1
0
1
0
0
1

1
1
1
1
18562
0
0
9
268435456
3000
50
1
0
1
0
0
1

1
1
8
8
18573
0
0
9
268435456
3000
50
1
0
1
0
0
1

0
1
8
2
18580
0
0
9
67108864
3000
100
1
0
1
0
0
1

1
1
8
1
18607
0
0
9
67108864
1000
500
1
0
1
0
0
1

0
1
1
1
18620
0
0
9
67108864
4000
50
1
0
1
0
0
1

1
1
2
1
18635
0
0
9
268435456
2000
500
1
0
1
0
0
1

0
1
4
2
18652
0
0
9
134217728
2000
500
1
0
1
0
0
1

1
1
2
1
18682
0
0
9
268435456
3000
50
1
0
1
0
0
1

1
1
4
2
18694
0
0
9
134217728
1000
500
1
0
1
0
0
1

0
1
2
1
18707
0
0
9
268435456
1000
500
1
0
1
0
0
1

0
1
2
1
18729
0
0
9
67108864
4000
500
1
0
1
0
0
1

1
1
8
8
18755
0
0
9
67108864
2000
50
1
0
1
0
0
1

0
1
8
1
18764
0
0
9
134217728
1000
50
1
0
1
0
0
1

0
1
2
1
18775
0
0
9
67108864
4000
250
1
0
1
0
0
1

0
1
1
1
18797
0
0
9
67108864
1000
250
1
0
1
0
0
1

0
1
1
1
18817
0
0
9
268435456
3000
500
1
0
1
0
0
1

1
1
4
2
18824
0
0
9
67108864
1000
1000
1
0
1
0
0
1

0
1
4
4
18850
0
0
9
67108864
1000
50
1
0
1
0
0
1

0
1
2
1
18854
0
0
9
67108864
1000
50
1
0
1
0
0
1

1
1
2
1
18875
0
0
9
134217728
3000
50
1
0
1
0
0
1

1
1
2
1
18891
0
0
9
67108864
2000
50
1
0
1
0
0
1

0
1
8
8
18912
0
0
9
67108864
4000
100
1
0
1
0
0
1

1
1
2
1
18935
0
0
9
67108864
1000
50
1
0
1
0
0
1

1
1
1
1
18954
0
0
9
268435456
2000
50
1
0
1
0
0
1

0
1
1
1
18975
0
0
9
67108864
2000
50
1
0
1
0
0
1

0
1
1
1
18976
0
0
9
134217728
3000
250
1
0
1
0
0
1

0
1
2
2
19004
0
0
9
134217728
2000
100
1
0
1
0
0
1

0
1
2
1
19011
0
0
9
67108864
2000
250
1
0
1
0
0
1

1
1
8
8
19030
0
0
9
134217728
3000
500
1
0
1
0
0
1

0
1
8
1
19037
0
0
9
268435456
2000
500
1
0
1
0
0
1

1
1
8
1
19039
0
0
9
67108864
4000
50
1
0
1
0
0
1

1
1
1
1
19064
0
0
9
134217728
2000
1000
1
0
1
0
0
1

1
1
2
1
19070
0
0
9
67108864
1000
250
1
0
1
0
0
1

1
1
1
1
19075
0
0
9
67108864
2000
50
1
0
1
0
0
1

0
1
1
1
19103
0
0
9
67108864
2000
1000
1
0
1
0
0
1

0
1
2
2
19118
0
0
9
67108864
2000
100
1
0
1
0
0
1

1
1
8
8
19125
0
0
9
134217728
3000
100
1
0
1
0
0
1

0
1
8
4
19141
0
0
9
134217728
2000
500
1
0
1
0
0
1

1
1
4
2
19145
0
0
9
268435456
3000
100
1
0
1
0
0
1

0
1
8
8
19170
0
0
9
67108864
3000
1000
1
0
1
0
0
1

0
1
8
1
19180
0
0
9
67108864
4000
1000
1
0
1
0
0
1

0
1
1
1
19208
0
0
9
67108864
4000
1000
1
0
1
0
0
1

1
1
4
2
19218
0
0
9
268435456
3000
100
1
0
1
0
0
1

0
1
8
4
19242
0
0
9
134217728
4000
500
1
0
1
0
0
1

0
1
2
1
19244
0
0
9
134217728
1000
50
1
0
1
0
0
1

1
1
8
4
19264
0
0
9
268435456
3000
500
1
0
1
0
0
1

1
1
4
1
19284
0
0
9
67108864
4000
500
1
0
1
0
0
1

1
1
4
2
19293
0
0
9
268435456
1000
500
1
0
1
0
0
1

0
1
8
2
19309
0
0
9
67108864
1000
100
1
0
1
0
0
1

1
1
8
8
19337
0
0
9
268435456
3000
100
1
0
1
0
0
1

1
1
8
1
19346
0
0
9
67108864
1000
100
1
0
1
0
0
1

0
1
4
1
19376
0
0
9
134217728
4000
250
1
0
1
0
0
1

1
1
1
1
19392
0
0
9
268435456
3000
100
1
0
1
0
0
1

0
1
8
8
19417
0
0
9
134217728
4000
250
1
0
1
0
0
1

0
1
1
1
19438
0
0
9
268435456
3000
250
1
0
1
0
0
1

1
1
2
2
19466
0
0
9
134217728
4000
500
1
0
1
0
0
1

1
1
8
2
19469
0
0
9
134217728
4000
1000
1
0
1
0
0
1

1
1
8
8
19470
0
0
9
134217728
1000
1000
1
0
1
0
0
1

1
1
2
1
19484
0
0
9
134217728
4000
50
1
0
1
0
0
1

1
1
1
1
19499
0
0
9
268435456
1000
250
1
0
1
0
0
1

0
1
8
8
19509
0
0
9
67108864
1000
250
1
0
1
0
0
1

0
1
4
4
19513
0
0
9
268435456
1000
500
1
0
1
0
0
1

0
1
2
1
19529
0
0
9
67108864
2000
250
1
0
1
0
0
1

1
1
2
1
19535
0
0
9
268435456
3000
100
1
0
1
0
0
1

1
1
1
1
19544
0
0
9
67108864
3000
500
1
0
1
0
0
1

1
1
4
2
19546
0
0
9
134217728
1000
50
1
0
1
0
0
1

1
1
2
1
19559
0
0
9
268435456
3000
500
1
0
1
0
0
1

0
1
1
1
19582
0
0
9
268435456
1000
500
1
0
1
0
0
1

1
1
1
1
19607
0
0
9
268435456
1000
100
1
0
1
0
0
1

1
1
8
4
19619
0
0
9
67108864
4000
100
1
0
1
0
0
1

1
1
4
1
19634
0
0
9
134217728
2000
500
1
0
1
0
0
1

0
1
4
4
19637
0
0
9
268435456
3000
500
1
0
1
0
0
1

1
1
1
1
19649
0
0
9
134217728
2000
1000
1
0
1
0
0
1

0
1
1
1
19675
0
0
9
67108864
3000
1000
1
0
1
0
0
1

1
1
1
1
19683
0
0
9
67108864
2000
500
1
0
1
0
0
1

0
1
1
1
19706
0
0
9
134217728
2000
50
1
0
1
0
0
1

0
1
4
2
19736
0
0
9
134217728
4000
100
1
0
1
0
0
1

0
1
2
1
19741
0
0
9
268435456
2000
100
1
0
1
0
0
1

0
1
2
1
19750
0
0
9
268435456
1000
50
1
0
1
0
0
1

0
1
2
1
19769
0
0
9
134217728
2000
100
1
0
1
0
0
1

0
1
2
1
19798
0
0
9
268435456
2000
50
1
0
1
0
0
1

1
1
1
1
19827
0
0
9
67108864
4000
50
1
0
1
0
0
1

0
1
8
8
19839
0
0
9
268435456
2000
100
1
0
1
0
0
1

1
1
1
1
19856
0
0
9
268435456
3000
500
1
0
1
0
0
1

1
1
1
1
19862
0
0
9
268435456
3000
500
1
0
1
0
0
1

0
1
2
1
19877
0
0
9
268435456
3000
250
1
0
1
0
0
1

0
1
1
1
19895
0
0
9
134217728
1000
250
1
0
1
0
0
1

1
1
2
1
19910
0
0
9
67108864
1000
1000
1
0
1
0
0
1

0
1
8
2
19930
0
0
9
67108864
3000
500
1
0
1
0
0
1

0
1
2
1
19947
0
0
9
67108864
1000
250
1
0
1
0
0
1

1
1
2
2
19972
0
0
9
134217728
2000
1000
1
0
1
0
0
1

1
1
4
2
19973
0
0
9
268435456
2000
100
1
0
1
0
0
1

1
1
8
8
19978
0
0
9
134217728
3000
100
1
0
1
0
0
1

0
1
2
1
19994
0
0
9
268435456
2000
50
1
0
1
0
0
1

0
1
2
1
20020
0
0
9
67108864
3000
250
1
0
1
0
0
1

1
1
4
2
20034
0
0
9
268435456
3000
500
1
0
1
0
0
1

0
1
4
1
20045
0
0
9
134217728
2000
50
1
0
1
0
0
1

1
1
4
2
20055
0
0
9
268435456
2000
100
1
0
1
0
0
1

0
1
8
1
20063
0
0
9
134217728
4000
100
1
0
1
0
0
1

1
1
4
2
20085
0
0
9
67108864
4000
1000
1
0
1
0
0
1

0
1
8
2
20086
0
0
9
268435456
3000
100
1
0
1
0
0
1

0
1
1
1
20095
0
0
9
67108864
1000
50
1
0
1
0
0
1

0
1
1
1
20099
0
0
9
134217728
2000
1000
1
0
1
0
0
1

0
1
4
4
20103
0
0
9
268435456
1000
50
1
0
1
0
0
1

0
1
1
1
20106
0
0
9
67108864
1000
100
1
0
1
0
0
1

0
1
8
4
20116
0
0
9
67108864
2000
50
1
0
1
0
0
1

0
1
2
2
20130
0
0
9
134217728
4000
50
1
0
1
0
0
1

0
1
8
4
20136
0
0
9
268435456
3000
500
1
0
1
0
0
1

1
1
2
2
20144
0
0
9
268435456
3000
100
1
0
1
0
0
1

0
1
8
2
20152
0
0
9
67108864
1000
500
1
0
1
0
0
1

0
1
4
2
20158
0
0
9
268435456
3000
50
1
0
1
0
0
1

0
1
4
2
20164
0
0
9
268435456
1000
250
1
0
1
0
0
1

0
1
2
1
20194
0
0
9
134217728
3000
100
1
0
1
0
0
1

0
1
8
8
20198
0
0
9
134217728
4000
50
1
0
1
0
0
1

0
1
8
4
20219
0
0
9
67108864
2000
50
1
0
1
0
0
1

1
1
4
4
20240
0
0
9
67108864
4000
500
1
0
1
0
0
1

0
1
8
4
20270
0
0
9
67108864
3000
1000
1
0
1
0
0
1

0
1
1
1
20299
0
0
9
67108864
3000
50
1
0
1
0
0
1

1
1
4
2
20316
0
0
9
268435456
3000
500
1
0
1
0
0
1

0
1
2
1
20333
0
0
9
268435456
1000
500
1
0
1
0
0
1

1
1
8
4
20334
0
0
9
67108864
1000
250
1
0
1
0
0
1

1
1
4
2
20350
0
0
9
67108864
2000
100
1
0
1
0
0
1

0
1
4
2
20353
0
0
9
134217728
1000
50
1
0
1
0
0
1

0
1
4
4
20366
0
0
9
134217728
1000
500
1
0
1
0
0
1

0
1
8
1
20394
0
0
9
134217728
3000
500
1
0
1
0
0
1

1
1
1
1
20424
0
0
9
67108864
2000
50
1
0
1
0
0
1

0
1
2
2
20429
0
0
9
67108864
3000
250
1
0
1
0
0
1

1
1
2
1
20443
0
0
9
268435456
3000
500
1
0
1
0
0
1

0
1
8
2
20451
0
0
9
268435456
3000
50
1
0
1
0
0
1

0
1
2
1
20477
0
0
9
268435456
2000
500
1
0
1
0
0
1

0
1
2
2
20492
0
0
9
67108864
4000
100
1
0
1
0
0
1

0
1
1
1
20493
0
0
9
67108864
3000
250
1
0
1
0
0
1

1
1
1
1
20495
0
0
9
268435456
1000
100
1
0
1
0
0
1

1
1
2
1
20498
0
0
9
67108864
3000
1000
1
0
1
0
0
1

0
1
4
2
20522
0
0
9
268435456
1000
100
1
0
1
0
0
1

1
1
1
1
20547
0
0
9
134217728
2000
100
1
0
1
0
0
1

0
1
2
2
20577
0
0
9
134217728
4000
250
1
0
1
0
0
1

0
1
1
1
20606
0
0
9
67108864
4000
250
1
0
1
0
0
1

1
1
1
1
20634
0
0
9
67108864
3000
50
1
0
1
0
0
1

1
1
4
4
20662
0
0
9
268435456
1000
500
1
0
1
0
0
1

0
1
4
2
20672
0
0
9
134217728
4000
1000
1
0
1
0
0
1

1
1
8
8
20675
0
0
9
268435456
3000
50
1
0
1
0
0
1

1
1
1
1
20686
0
0
9
268435456
3000
100
1
0
1
0
0
1

1
1
4
2
20701
0
0
9
268435456
3000
250
1
0
1
0
0
1

0
1
8
4
20714
0
0
9
134217728
1000
50
1
0
1
0
0
1

1
1
2
1
20715
0
0
9
268435456
3000
500
1
0
1
0
0
1

1
1
8
1
20729
0
0
9
134217728
1000
50
1
0
1
0
0
1

0
1
4
4
20751
0
0
9
268435456
3000
100
1
0
1
0
0
1

0
1
4
1
20764
0
0
9
134217728
3000
1000
1
0
1
0
0
1

0
1
1
1
20782
0
0
9
134217728
2000
50
1
0
1
0
0
1

0
1
4
2
20784
0
0
9
134217728
4000
100
1
0
1
0
0
1

0
1
1
1
20794
0
0
9
134217728
1000
100
1
0
1
0
0
1

1
1
1
1
20815
0
0
9
67108864
1000
250
1
0
1
0
0
1

1
1
8
1
20844
0
0
9
268435456
3000
500
1
0
1
0
0
1

1
1
4
2
20868
0
0
9
67108864
3000
250
1
0
1
0
0
1

1
1
4
2
20887
0
0
9
268435456
2000
50
1
0
1
0
0
1

0
1
8
1
20895
0
0
9
67108864
3000
250
1
0
1
0
0
1

0
1
1
1
20911
0
0
9
67108864
2000
1000
1
0
1
0
0
1

0
1
4
2
20924
0
0
9
67108864
3000
50
1
0
1
0
0
1

1
1
2
1
20926
0
0
9
67108864
2000
50
1
0
1
0
0
1

0
1
1
1
20941
0
0
9
67108864
3000
50
1
0
1
0
0
1

1
1
2
1
20962
0
0
9
134217728
2000
50
1
0
1
0
0
1

0
1
8
1
20979
0
0
9
268435456
2000
500
1
0
1
0
0
1

0
1
8
2
20991
0
0
9
268435456
1000
250
1
0
1
0
0
1

0
1
8
2
21010
0
0
9
134217728
4000
50
1
0
1
0
0
1

1
1
1
1
21034
0
0
9
134217728
4000
250
1
0
1
0
0
1

1
1
8
8
21047
0
0
9
268435456
2000
500
1
0
1
0
0
1

1
1
4
2
21068
0
0
9
67108864
4000
250
1
0
1
0
0
1

0
1
1
1
21083
0
0
9
268435456
1000
100
1
0
1
0
0
1

0
1
8
4
21097
0
0
9
67108864
2000
100
1
0
1
0
0
1

1
1
8
4
21108
0
0
9
268435456
3000
500
1
0
1
0
0
1

1
1
8
4
21129
0
0
9
268435456
3000
50
1
0
1
0
0
1

0
1
2
1
21139
0
0
9
67108864
3000
50
1
0
1
0
0
1

0
1
2
2
21162
0
0
9
134217728
3000
1000
1
0
1
0
0
1

1
1
8
8
21177
0
0
9
268435456
2000
500
1
0
1
0
0
1

1
1
1
1
21202
0
0
9
134217728
3000
1000
1
0
1
0
0
1

1
1
4
2
21211
0
0
9
67108864
4000
100
1
0
1
0
0
1

0
1
4
2
21222
0
0
9
67108864
4000
500
1
0
1
0
0
1

1
1
4
4
21243
0
0
9
67108864
2000
50
1
0
1
0
0
1

0
1
8
8
21255
0
0
9
67108864
2000
50
1
0
1
0
0
1

0
1
2
2
21257
0
0
9
134217728
3000
250
1
0
1
0
0
1

0
1
1
1
21261
0
0
9
134217728
1000
100
1
0
1
0
0
1

1
1
1
1
21287
0
0
9
268435456
3000
250
1
0
1
0
0
1

1
1
4
4
21295
0
0
9
67108864
3000
500
1
0
1
0
0
1

1
1
4
2
21310
0
0
9
268435456
3000
50
1
0
1
0
0
1

0
1
1
1
21311
0
0
9
134217728
4000
500
1
0
1
0
0
1

1
1
1
1
21318
0
0
9
134217728
3000
1000
1
0
1
0
0
1

1
1
4
2
21340
0
0
9
67108864
2000
500
1
0
1
0
0
1

0
1
2
1
21370
0
0
9
67108864
2000
100
1
0
1
0
0
1

0
1
8
4
21400
0
0
9
134217728
3000
250
1
0
1
0
0
1

1
1
1
1
21401
0
0
9
268435456
3000
100
1
0
1
0
0
1

0
1
2
1
21417
0
0
9
67108864
4000
1000
1
0
1
0
0
1

1
1
1
1
21432
0
0
9
67108864
4000
100
1
0
1
0
0
1

0
1
8
2
21442
0
0
9
134217728
3000
50
1
0
1
0
0
1

1
1
4
1
21462
0
0
9
268435456
3000
500
1
0
1
0
0
1

0
1
4
1
21467
0
0
9
134217728
3000
1000
1
0
1
0
0
1

0
1
8
8
21486
0
0
9
268435456
1000
50
1
0
1
0
0
1

0
1
8
4
21513
0
0
9
268435456
2000
500
1
0
1
0
0
1

1
1
1
1
21528
0
0
9
268435456
3000
100
1
0
1
0
0
1

1
1
4
4
21547
0
0
9
268435456
3000
100
1
0
1
0
0
1

1
1
8
1
21571
0
0
9
268435456
1000
100
1
0
1
0
0
1

1
1
1
1
21600
0
0
9
268435456
3000
500
1
0
1
0
0
1

1
1
4
4
21621
0
0
9
268435456
1000
500
1
0
1
0
0
1

0
1
1
1
21635
0
0
9
134217728
3000
100
1
0
1
0
0
1

1
1
4
2
21656
0
0
9
67108864
1000
100
1
0
1
0
0
1

0
1
1
1
21683
0
0
9
134217728
1000
500
1
0
1
0
0
1

0
1
4
4
21685
0
0
9
268435456
3000
500
1
0
1
0
0
1

0
1
1
1
21690
0
0
9
67108864
3000
100
1
0
1
0
0
1

1
1
8
4
21701
0
0
9
134217728
2000
50
1
0
1
0
0
1

1
1
1
1
21730
0
0
9
268435456
3000
50
1
0
1
0
0
1

1
1
1
1
21759
0
0
9
67108864
2000
50
1
0
1
0
0
1

0
1
1
1
21786
0
0
9
268435456
1000
100
1
0
1
0
0
1

0
1
8
1
21802
0
0
9
67108864
4000
500
1
0
1
0
0
1

0
1
8
2
21824
0
0
9
134217728
4000
250
1
0
1
0
0
1

0
1
1
1
21848
0
0
9
268435456
3000
250
1
0
1
0
0
1

1
1
4
4
21865
0
0
9
67108864
1000
100
1
0
1
0
0
1

1
1
2
1
21866
0
0
9
268435456
3000
50
1
0
1
0
0
1

0
1
8
1
21881
0
0
9
134217728
4000
50
1
0
1
0
0
1

0
1
4
1
21898
0
0
9
134217728
3000
1000
1
0
1
0
0
1

1
1
8
8
21918
0
0
9
134217728
1000
1000
1
0
1
0
0
1

0
1
2
1
21921
0
0
9
134217728
1000
50
1
0
1
0
0
1

1
1
1
1
21924
0
0
9
134217728
1000
500
1
0
1
0
0
1

1
1
1
1
21948
0
0
9
134217728
1000
1000
1
0
1
0
0
1

1
1
2
2
21974
0
0
9
67108864
4000
50
1
0
1
0
0
1

0
1
2
2
21978
0
0
9
67108864
2000
1000
1
0
1
0
0
1

1
1
4
4
21988
0
0
9
67108864
3000
1000
1
0
1
0
0
1

0
1
4
1
21992
0
0
9
134217728
4000
50
1
0
1
0
0
1

0
1
1
1
22020
0
0
9
268435456
2000
100
1
0
1
0
0
1

1
1
4
2
22041
0
0
9
67108864
2000
500
1
0
1
0
0
1

0
1
1
1
22063
0
0
9
67108864
4000
100
1
0
1
0
0
1

1
1
2
1
22082
0
0
9
67108864
1000
500
1
0
1
0
0
1

1
1
1
1
22106
0
0
9
67108864
4000
100
1
0
1
0
0
1

1
1
8
8
22123
0
0
9
134217728
1000
250
1
0
1
0
0
1

1
1
1
1
22141
0
0
9
134217728
1000
1000
1
0
1
0
0
1

0
1
2
1
22153
0
0
9
134217728
4000
500
1
0
1
0
0
1

1
1
4
1
22179
0
0
9
134217728
4000
500
1
0
1
0
0
1

1
1
1
1
22200
0
0
9
134217728
4000
50
1
0
1
0
0
1

1
1
2
1
22201
0
0
9
67108864
1000
100
1
0
1
0
0
1

0
1
2
2
22213
0
0
9
134217728
2000
500
1
0
1
0
0
1

1
1
1
1
22238
0
0
9
134217728
2000
250
1
0
1
0
0
1

0
1
1
1
22254
0
0
9
134217728
2000
500
1
0
1
0
0
1

0
1
4
1
22281
0
0
9
67108864
1000
1000
1
0
1
0
0
1

1
1
4
2
22283
0
0
9
67108864
4000
50
1
0
1
0
0
1

1
1
4
2
22294
0
0
9
67108864
3000
1000
1
0
1
0
0
1

0
1
1
1
22312
0
0
9
268435456
2000
50
1
0
1
0
0
1

1
1
2
2
22341
0
0
9
67108864
2000
1000
1
0
1
0
0
1

0
1
4
4
22369
0
0
9
134217728
1000
1000
1
0
1
0
0
1

1
1
8
1
22383
0
0
9
134217728
1000
50
1
0
1
0
0
1

1
1
8
1
22413
0
0
9
134217728
2000
50
1
0
1
0
0
1

0
1
4
2
22422
0
0
9
134217728
1000
500
1
0
1
0
0
1

1
1
8
1
22439
0
0
9
67108864
1000
250
1
0
1
0
0
1

0
1
4
2
22463
0
0
9
67108864
2000
1000
1
0
1
0
0
1

0
1
4
2
22489
0
0
9
268435456
1000
250
1
0
1
0
0
1

0
1
8
8
22518
0
0
9
268435456
3000
250
1
0
1
0
0
1

1
1
4
2
22548
0
0
9
67108864
3000
250
1
0
1
0
0
1

0
1
8
1
22561
0
0
9
268435456
1000
100
1
0
1
0
0
1

0
1
1
1
22564
0
0
9
67108864
4000
250
1
0
1
0
0
1

1
1
4
4
22570
0
0
9
67108864
1000
250
1
0
1
0
0
1

0
1
4
1
22595
0
0
9
134217728
3000
500
1
0
1
0
0
1

0
1
2
1
22619
0
0
9
134217728
1000
100
1
0
1
0
0
1

1
1
1
1
22624
0
0
9
134217728
4000
100
1
0
1
0
0
1

0
1
2
1
22642
0
0
9
67108864
4000
500
1
0
1
0
0
1

1
1
2
1
22656
0
0
9
268435456
3000
50
1
0
1
0
0
1

0
1
8
4
22670
0
0
9
67108864
3000
1000
1
0
1
0
0
1

1
1
8
1
22687
0
0
9
134217728
3000
250
1
0
1
0
0
1

1
1
2
1
22689
0
0
9
134217728
1000
250
1
0
1
0
0
1

0
1
4
2
22691
0
0
9
268435456
2000
500
1
0
1
0
0
1

0
1
4
1
22698
0
0
9
67108864
2000
50
1
0
1
0
0
1

0
1
1
1
22703
0
0
9
134217728
2000
1000
1
0
1
0
0
1

0
1
8
4
22718
0
0
9
67108864
1000
1000
1
0
1
0
0
1

0
1
4
4
22729
0
0
9
134217728
3000
50
1
0
1
0
0
1

1
1
2
1
22736
0
0
9
134217728
2000
1000
1
0
1
0
0
1

1
1
4
2
22749
0
0
9
268435456
2000
50
1
0
1
0
0
1

1
1
1
1
22764
0
0
9
67108864
4000
100
1
0
1
0
0
1

1
1
8
4
22789
0
0
9
67108864
1000
500
1
0
1
0
0
1

0
1
1
1
22794
0
0
9
268435456
3000
500
1
0
1
0
0
1

0
1
8
1
22816
0
0
9
67108864
3000
100
1
0
1
0
0
1

1
1
1
1
22836
0
0
9
67108864
3000
500
1
0
1
0
0
1

0
1
2
1
22863
0
0
9
67108864
1000
250
1
0
1
0
0
1

0
1
2
1
22891
0
0
9
67108864
1000
500
1
0
1
0
0
1

0
1
2
1
22909
0
0
9
268435456
3000
250
1
0
1
0
0
1

1
1
2
1
22916
0
0
9
134217728
1000
250
1
0
1
0
0
1

1
1
2
2
22934
0
0
9
134217728
2000
50
1
0
1
0
0
1

0
1
4
4
22940
0
0
9
268435456
1000
500
1
0
1
0
0
1

0
1
2
2
22947
0
0
9
268435456
1000
100
1
0
1
0
0
1

0
1
8
1
22967
0
0
9
134217728
3000
250
1
0
1
0
0
1

1
1
1
1
22976
0
0
9
134217728
2000
250
1
0
1
0
0
1

0
1
8
4
22984
0
0
9
134217728
1000
250
1
0
1
0
0
1

0
1
8
8
22995
0
0
9
134217728
3000
100
1
0
1
0
0
1

1
1
1
1
22999
0
0
9
268435456
2000
50
1
0
1
0
0
1

0
1
4
2
23010
0
0
9
134217728
4000
1000
1
0
1
0
0
1

0
1
2
1
23034
0
0
9
67108864
2000
500
1
0
1
0
0
1

1
1
4
2
23048
0
0
9
268435456
1000
50
1
0
1
0
0
1

0
1
4
4
23057
0
0
9
268435456
3000
500
1
0
1
0
0
1

1
1
4
4
23063
0
0
9
67108864
4000
50
1
0
1
0
0
1

0
1
2
2
23082
0
0
9
67108864
4000
50
1
0
1
0
0
1

1
1
1
1
23112
0
0
9
268435456
3000
500
1
0
1
0
0
1

0
1
2
1
23137
0
0
9
268435456
3000
250
1
0
1
0
0
1

1
1
2
1
23155
0
0
9
67108864
4000
1000
1
0
1
0
0
1

0
1
1
1
23173
0
0
9
134217728
2000
250
1
0
1
0
0
1

1
1
8
8
23193
0
0
9
134217728
1000
500
1
0
1
0
0
1

0
1
2
1
23223
0
0
9
67108864
4000
500
1
0
1
0
0
1

1
1
4
2
23251
0
0
9
134217728
1000
100
1
0
1
0
0
1

0
1
2
1
23274
0
0
9
67108864
3000
1000
1
0
1
0
0
1

1
1
1
1
23299
0
0
9
67108864
2000
500
1
0
1
0
0
1

0
1
8
8
23300
0
0
9
268435456
1000
100
1
0
1
0
0
1

0
1
2
1
23318
0
0
9
67108864
4000
100
1
0
1
0
0
1

1
1
4
2
23324
0
0
9
134217728
2000
500
1
0
1
0
0
1

1
1
8
4
23333
0
0
9
134217728
1000
50
1
0
1
0
0
1

1
1
4
2
23357
0
0
9
268435456
3000
100
1
0
1
0
0
1

1
1
4
2
23361
0
0
9
67108864
3000
1000
1
0
1
0
0
1

1
1
4
2
23387
0
0
9
134217728
4000
250
1
0
1
0
0
1

1
1
4
2
23405
0
0
9
134217728
4000
100
1
0
1
0
0
1

0
1
1
1
23426
0
0
9
134217728
4000
100
1
0
1
0
0
1

0
1
2
2
23455
0
0
9
67108864
4000
1000
1
0
1
0
0
1

0
1
2
1
23458
0
0
9
268435456
3000
50
1
0
1
0
0
1

1
1
2
1
23467
0
0
9
134217728
1000
100
1
0
1
0
0
1

1
1
1
1
23496
0
0
9
67108864
1000
50
1
0
1
0
0
1

1
1
1
1
23506
0
0
9
134217728
2000
50
1
0
1
0
0
1

1
1
2
1
23515
0
0
9
134217728
2000
250
1
0
1
0
0
1

