1500

0
1
1
1
20
0
2
10
67108864
3000
1000
10
1
0
1
0
0
1

0
1
4
2
32
0
2
10
134217728
3000
1000
10
1
0
1
0
0
1

0
1
4
4
35
0
1
11
67108864
4000
500
22
0
1
0
1
0
0
1
0
1
4
2
55
0
0
9
134217728
3000
500
1
0
1
0
0
1

0
1
1
1
60
0
0
9
67108864
1000
1000
1
0
1
0
0
1

0
1
2
1
84
0
1
11
67108864
4000
50
35
0
1
0
1
0
0
1
0
1
1
1
106
0
2
10
134217728
4000
500
10
1
0
1
0
0
1

0
1
4
2
130
0
2
10
67108864
3000
500
100
1
0
1
0
0
1

0
1
4
2
146
0
0
9
134217728
4000
100
1
0
1
0
0
1

0
1
4
1
166
0
2
10
134217728
4000
1000
1000
1
0
1
0
0
1

0
1
4
1
169
0
2
10
67108864
4000
100
1000
1
0
1
0
0
1

0
1
2
1
195
0
2
10
134217728
2000
100
1
1
0
1
0
0
1

0
1
4
2
202
0
0
9
268435456
2000
500
1
0
1
0
0
1

0
1
1
1
205
0
2
10
67108864
2000
500
100
1
0
1
0
0
1

0
1
2
2
216
0
0
9
134217728
4000
250
1
0
1
0
0
1

0
1
4
4
225
0
0
9
67108864
2000
1000
1
0
1
0
0
1

0
1
2
1
244
0
0
9
67108864
4000
1000
1
0
1
0
0
1

0
1
2
1
250
0
1
12
134217728
3000
50
12
1
1
0
1
0
0
1
0
0
1
4
1
260
0
0
9
268435456
3000
500
1
0
1
0
0
1

0
1
2
2
265
0
2
10
134217728
1000
500
1
1
0
1
0
0
1

0
1
2
2
267
0
2
10
268435456
2000
250
100
1
0
1
0
0
1

0
1
4
4
279
0
0
9
134217728
3000
500
1
0
1
0
0
1

0
1
1
1
282
0
1
11
268435456
1000
500
34
0
1
0
1
0
0
1
0
1
4
2
302
0
1
12
134217728
3000
50
97
1
1
0
1
0
0
1
0
0
1
4
2
313
0
0
9
134217728
3000
250
1
0
1
0
0
1

0
1
4
2
315
0
2
10
134217728
2000
100
100
1
0
1
0
0
1

0
1
2
2
338
0
2
10
67108864
3000
500
100
1
0
1
0
0
1

0
1
4
2
339
0
1
11
134217728
3000
500
13
0
1
0
1
0
0
1
0
1
2
1
368
0
2
10
134217728
1000
50
10
1
0
1
0
0
1

0
1
4
2
387
0
1
11
67108864
2000
250
10
0
1
0
1
0
0
1
0
1
1
1
390
0
1
11
268435456
3000
250
61
0
1
0
1
0
0
1
0
1
1
1
411
0
2
10
268435456
3000
250
1000
1
0
1
0
0
1

0
1
4
1
434
0
1
11
67108864
3000
500
33
0
1
0
1
0
0
1
0
1
1
1
463
0
0
9
134217728
4000
1000
1
0
1
0
0
1

0
1
4
2
473
0
2
10
67108864
2000
50
5
1
0
1
0
0
1

0
1
8
2
475
0
0
9
67108864
2000
250
1
0
1
0
0
1

0
1
4
2
501
0
0
9
134217728
2000
500
1
0
1
0
0
1

0
1
8
2
519
0
2
10
67108864
1000
500
100
1
0
1
0
0
1

0
1
8
1
535
0
2
10
67108864
2000
100
10
1
0
1
0
0
1

0
1
2
2
551
0
1
11
67108864
3000
100
39
0
1
0
1
0
0
1
0
1
8
2
567
0
1
11
134217728
2000
500
76
0
1
0
1
0
0
1
0
1
2
1
580
0
1
11
268435456
3000
100
22
0
1
0
1
0
0
1
0
1
1
1
602
0
1
11
134217728
1000
250
56
0
1
0
1
0
0
1
0
1
8
2
611
0
0
9
67108864
1000
1000
1
0
1
0
0
1

0
1
1
1
633
0
1
11
268435456
2000
500
65
0
1
0
1
0
0
1
0
1
2
1
641
0
2
10
67108864
3000
250
1000
1
0
1
0
0
1

0
1
1
1
657
0
1
12
67108864
1000
250
61
1
1
0
1
0
0
1
0
0
1
1
1
668
0
2
10
134217728
3000
100
10
1
0
1
0
0
1

0
1
8
2
694
0
0
9
67108864
2000
250
1
0
1
0
0
1

0
1
4
4
709
0
0
9
67108864
2000
1000
1
0
1
0
0
1

0
1
4
4
738
0
2
10
134217728
4000
100
100
1
0
1
0
0
1

0
1
1
1
739
0
2
10
67108864
1000
100
100
1
0
1
0
0
1

0
1
1
1
764
0
2
10
268435456
2000
500
1000
1
0
1
0
0
1

0
1
1
1
772
0
1
12
67108864
3000
250
58
1
1
0
1
0
0
1
0
0
1
8
1
791
0
1
11
67108864
4000
100
46
0
1
0
1
0
0
1
0
1
4
1
806
0
1
11
268435456
3000
500
61
0
1
0
1
0
0
1
0
1
8
1
825
0
2
10
134217728
4000
1000
1000
1
0
1
0
0
1

0
1
4
1
830
0
2
10
268435456
3000
500
1
1
0
1
0
0
1

0
1
2
1
849
0
1
11
67108864
3000
50
35
0
1
0
1
0
0
1
0
1
4
4
874
0
1
11
67108864
1000
250
84
0
1
0
1
0
0
1
0
1
4
4
902
0
0
9
67108864
1000
250
1
0
1
0
0
1

0
1
4
2
907
0
1
11
67108864
2000
250
83
0
1
0
1
0
0
1
0
1
1
1
909
0
1
11
134217728
4000
1000
99
0
1
0
1
0
0
1
0
1
2
1
918
0
2
10
268435456
3000
500
10
1
0
1
0
0
1

0
1
4
2
941
0
2
10
268435456
2000
500
5
1
0
1
0
0
1

0
1
8
2
958
0
0
9
134217728
3000
1000
1
0
1
0
0
1

0
1
8
8
978
0
2
10
67108864
3000
500
10
1
0
1
0
0
1

0
1
2
1
991
0
2
10
67108864
3000
50
100
1
0
1
0
0
1

0
1
8
4
1020
0
1
12
134217728
1000
250
30
1
1
0
1
0
0
1
0
0
1
1
1
1048
0
2
10
67108864
4000
250
10
1
0
1
0
0
1

0
1
2
1
1075
0
2
10
134217728
1000
500
10
1
0
1
0
0
1

0
1
1
1
1093
0
0
9
67108864
1000
500
1
0
1
0
0
1

0
1
8
8
1102
0
0
9
134217728
3000
50
1
0
1
0
0
1

0
1
4
2
1128
0
0
9
268435456
3000
500
1
0
1
0
0
1

0
1
2
1
1135
0
2
10
134217728
2000
250
5
1
0
1
0
0
1

0
1
8
8
1151
0
2
10
268435456
1000
50
1000
1
0
1
0
0
1

0
1
4
4
1166
0
1
12
67108864
3000
250
97
1
1
0
1
0
0
1
0
0
1
8
8
1186
0
0
9
268435456
3000
500
1
0
1
0
0
1

0
1
1
1
1199
0
1
11
134217728
3000
50
74
0
1
0
1
0
0
1
0
1
1
1
1216
0
1
12
67108864
4000
50
35
1
1
0
1
0
0
1
0
0
1
8
4
1244
0
1
12
67108864
1000
250
76
1
1
0
1
0
0
1
0
0
1
1
1
1257
0
1
11
134217728
3000
100
74
0
1
0
1
0
0
1
0
1
4
1
1259
0
2
10
67108864
4000
50
10
1
0
1
0
0
1

0
1
8
1
1262
0
2
10
134217728
1000
1000
100
1
0
1
0
0
1

0
1
8
4
1271
0
1
12
67108864
4000
250
10
1
1
0
1
0
0
1
0
0
1
2
1
1272
0
2
10
67108864
2000
500
5
1
0
1
0
0
1

0
1
8
1
1283
0
1
12
67108864
2000
1000
33
1
1
0
1
0
0
1
0
0
1
8
2
1313
0
1
12
67108864
2000
50
72
1
1
0
1
0
0
1
0
0
1
1
1
1333
0
0
9
268435456
2000
250
1
0
1
0
0
1

0
1
8
4
1337
0
0
9
134217728
3000
50
1
0
1
0
0
1

0
1
4
2
1346
0
1
12
134217728
1000
500
25
1
1
0
1
0
0
1
0
0
1
8
8
1358
0
0
9
268435456
3000
250
1
0
1
0
0
1

0
1
4
4
1370
0
0
9
67108864
1000
250
1
0
1
0
0
1

0
1
2
2
1397
0
1
12
268435456
3000
100
18
1
1
0
1
0
0
1
0
0
1
8
8
1415
0
2
10
268435456
2000
50
1
1
0
1
0
0
1

0
1
2
1
1434
0
2
10
134217728
3000
250
100
1
0
1
0
0
1

0
1
8
4
1458
0
0
9
67108864
3000
1000
1
0
1
0
0
1

0
1
2
2
1483
0
2
10
268435456
3000
250
10
1
0
1
0
0
1

0
1
4
1
1485
0
1
12
67108864
4000
50
22
1
1
0
1
0
0
1
0
0
1
4
1
1503
0
0
9
67108864
3000
500
1
0
1
0
0
1

0
1
8
4
1529
0
1
11
134217728
2000
500
21
0
1
0
1
0
0
1
0
1
4
1
1538
0
2
10
67108864
1000
100
5
1
0
1
0
0
1

0
1
1
1
1557
0
1
11
134217728
3000
500
17
0
1
0
1
0
0
1
0
1
2
1
1565
0
0
9
67108864
3000
50
1
0
1
0
0
1

0
1
1
1
1595
0
2
10
268435456
2000
50
1000
1
0
1
0
0
1

0
1
4
4
1621
0
1
11
134217728
1000
500
55
0
1
0
1
0
0
1
0
1
4
1
1649
0
1
11
268435456
2000
250
19
0
1
0
1
0
0
1
0
1
1
1
1652
0
0
9
67108864
2000
50
1
0
1
0
0
1

0
1
4
1
1674
0
1
12
268435456
3000
500
43
1
1
0
1
0
0
1
0
0
1
2
1
1690
0
2
10
67108864
1000
1000
1
1
0
1
0
0
1

0
1
8
2
1713
0
0
9
67108864
2000
250
1
0
1
0
0
1

0
1
8
1
1715
0
0
9
268435456
1000
50
1
0
1
0
0
1

0
1
2
1
1724
0
0
9
67108864
2000
500
1
0
1
0
0
1

0
1
4
1
1742
0
0
9
134217728
2000
100
1
0
1
0
0
1

0
1
1
1
1759
0
0
9
134217728
1000
50
1
0
1
0
0
1

0
1
1
1
1778
0
2
10
268435456
1000
50
1
1
0
1
0
0
1

0
1
2
2
1805
0
2
10
268435456
3000
50
1
1
0
1
0
0
1

0
1
4
2
1814
0
1
11
67108864
4000
50
0
0
1
0
1
0
0
1
0
1
2
1
1836
0
2
10
67108864
2000
500
10
1
0
1
0
0
1

0
1
8
2
1858
0
2
10
67108864
3000
50
5
1
0
1
0
0
1

0
1
2
1
1878
0
1
11
268435456
3000
500
24
0
1
0
1
0
0
1
0
1
2
1
1879
0
1
11
268435456
3000
250
55
0
1
0
1
0
0
1
0
1
4
1
1885
0
0
9
134217728
3000
1000
1
0
1
0
0
1

0
1
1
1
1913
0
1
11
67108864
1000
250
43
0
1
0
1
0
0
1
0
1
4
2
1928
0
0
9
268435456
3000
50
1
0
1
0
0
1

0
1
2
1
1943
0
1
12
67108864
4000
500
47
1
1
0
1
0
0
1
0
0
1
4
4
1968
0
1
11
134217728
1000
50
9
0
1
0
1
0
0
1
0
1
8
1
1991
0
2
10
268435456
2000
50
10
1
0
1
0
0
1

0
1
8
1
1993
0
2
10
134217728
1000
100
10
1
0
1
0
0
1

0
1
8
4
2001
0
0
9
67108864
4000
50
1
0
1
0
0
1

0
1
1
1
2011
0
0
9
67108864
2000
250
1
0
1
0
0
1

0
1
2
1
2028
0
2
10
67108864
4000
500
1000
1
0
1
0
0
1

0
1
4
2
2036
0
1
12
67108864
2000
250
99
1
1
0
1
0
0
1
0
0
1
4
4
2053
0
1
12
134217728
2000
1000
92
1
1
0
1
0
0
1
0
0
1
8
4
2067
0
2
10
268435456
2000
250
100
1
0
1
0
0
1

0
1
2
2
2092
0
0
9
134217728
3000
500
1
0
1
0
0
1

0
1
4
2
2115
0
1
11
67108864
4000
500
83
0
1
0
1
0
0
1
0
1
2
1
2130
0
0
9
268435456
1000
100
1
0
1
0
0
1

0
1
4
1
2143
0
1
11
67108864
2000
250
14
0
1
0
1
0
0
1
0
1
8
1
2149
0
1
12
268435456
2000
250
92
1
1
0
1
0
0
1
0
0
1
8
4
2171
0
1
11
134217728
1000
500
1
0
1
0
1
0
0
1
0
1
8
1
2173
0
1
11
268435456
1000
50
0
0
1
0
1
0
0
1
0
1
1
1
2180
0
0
9
134217728
4000
250
1
0
1
0
0
1

0
1
1
1
2197
0
0
9
268435456
1000
100
1
0
1
0
0
1

0
1
8
1
2206
0
2
10
67108864
2000
500
1000
1
0
1
0
0
1

0
1
4
1
2222
0
0
9
134217728
1000
1000
1
0
1
0
0
1

0
1
8
8
2242
0
2
10
67108864
1000
250
1000
1
0
1
0
0
1

0
1
8
4
2266
0
1
12
134217728
2000
100
44
1
1
0
1
0
0
1
0
0
1
8
2
2296
0
2
10
268435456
1000
50
100
1
0
1
0
0
1

0
1
2
1
2317
0
2
10
67108864
4000
1000
10
1
0
1
0
0
1

0
1
1
1
2337
0
1
12
134217728
2000
50
27
1
1
0
1
0
0
1
0
0
1
4
2
2366
0
0
9
134217728
3000
500
1
0
1
0
0
1

0
1
2
1
2393
0
2
10
67108864
3000
100
100
1
0
1
0
0
1

0
1
1
1
2418
0
2
10
134217728
2000
50
1
1
0
1
0
0
1

0
1
2
1
2434
0
1
11
134217728
2000
50
11
0
1
0
1
0
0
1
0
1
4
1
2450
0
0
9
67108864
4000
1000
1
0
1
0
0
1

0
1
4
4
2462
0
1
11
268435456
1000
500
38
0
1
0
1
0
0
1
0
1
2
1
2464
0
2
10
134217728
3000
1000
1
1
0
1
0
0
1

0
1
4
2
2475
0
1
11
268435456
1000
50
6
0
1
0
1
0
0
1
0
1
8
2
2491
0
1
12
67108864
2000
50
8
1
1
0
1
0
0
1
0
0
1
2
1
2521
0
0
9
268435456
3000
100
1
0
1
0
0
1

0
1
2
1
2547
0
1
12
268435456
3000
100
25
1
1
0
1
0
0
1
0
0
1
2
2
2552
0
1
11
268435456
3000
50
9
0
1
0
1
0
0
1
0
1
8
2
2570
0
0
9
67108864
2000
100
1
0
1
0
0
1

0
1
1
1
2590
0
2
10
134217728
4000
1000
1000
1
0
1
0
0
1

0
1
1
1
2606
0
2
10
134217728
1000
100
5
1
0
1
0
0
1

0
1
2
1
2626
0
0
9
67108864
1000
50
1
0
1
0
0
1

0
1
1
1
2645
0
1
12
67108864
4000
50
14
1
1
0
1
0
0
1
0
0
1
8
1
2656
0
0
9
134217728
1000
50
1
0
1
0
0
1

0
1
4
2
2673
0
0
9
268435456
2000
500
1
0
1
0
0
1

0
1
8
1
2703
0
1
12
268435456
1000
250
40
1
1
0
1
0
0
1
0
0
1
2
1
2708
0
2
10
268435456
1000
500
10
1
0
1
0
0
1

0
1
8
4
2718
0
2
10
134217728
2000
100
100
1
0
1
0
0
1

0
1
4
1
2731
0
2
10
67108864
4000
500
1
1
0
1
0
0
1

0
1
1
1
2758
0
0
9
67108864
4000
1000
1
0
1
0
0
1

0
1
1
1
2780
0
2
10
67108864
4000
100
1
1
0
1
0
0
1

0
1
2
1
2801
0
0
9
67108864
1000
250
1
0
1
0
0
1

0
1
1
1
2803
0
2
10
67108864
4000
1000
10
1
0
1
0
0
1

0
1
1
1
2830
0
0
9
67108864
3000
100
1
0
1
0
0
1

0
1
1
1
2841
0
0
9
268435456
3000
50
1
0
1
0
0
1

0
1
2
1
2858
0
0
9
268435456
3000
250
1
0
1
0
0
1

0
1
2
2
2874
0
0
9
134217728
2000
1000
1
0
1
0
0
1

0
1
8
4
2894
0
2
10
268435456
2000
50
1000
1
0
1
0
0
1

0
1
2
1
2916
0
0
9
134217728
1000
100
1
0
1
0
0
1

0
1
8
4
2918
0
2
10
67108864
4000
50
10
1
0
1
0
0
1

0
1
4
1
2925
0
1
12
268435456
2000
500
34
1
1
0
1
0
0
1
0
0
1
8
4
2932
0
0
9
134217728
3000
50
1
0
1
0
0
1

0
1
2
1
2959
0
2
10
67108864
2000
50
100
1
0
1
0
0
1

0
1
1
1
2976
0
2
10
134217728
2000
500
10
1
0
1
0
0
1

0
1
2
2
2999
0
2
10
268435456
3000
250
100
1
0
1
0
0
1

0
1
1
1
3002
0
1
11
134217728
2000
100
4
0
1
0
1
0
0
1
0
1
1
1
3031
0
2
10
134217728
4000
1000
5
1
0
1
0
0
1

0
1
1
1
3050
0
1
12
67108864
4000
250
11
1
1
0
1
0
0
1
0
0
1
4
2
3069
0
2
10
67108864
1000
1000
1
1
0
1
0
0
1

0
1
2
1
3076
0
1
11
268435456
1000
100
76
0
1
0
1
0
0
1
0
1
1
1
3090
0
0
9
134217728
2000
50
1
0
1
0
0
1

0
1
1
1
3111
0
0
9
268435456
1000
500
1
0
1
0
0
1

0
1
8
8
3114
0
0
9
67108864
2000
1000
1
0
1
0
0
1

0
1
1
1
3135
0
0
9
67108864
4000
250
1
0
1
0
0
1

0
1
1
1
3142
0
1
12
268435456
1000
500
30
1
1
0
1
0
0
1
0
0
1
1
1
3159
0
0
9
67108864
4000
500
1
0
1
0
0
1

0
1
1
1
3174
0
2
10
268435456
2000
500
100
1
0
1
0
0
1

0
1
8
1
3184
0
1
11
67108864
4000
250
7
0
1
0
1
0
0
1
0
1
4
4
3207
0
2
10
268435456
1000
250
1
1
0
1
0
0
1

0
1
8
4
3216
0
2
10
268435456
3000
500
100
1
0
1
0
0
1

0
1
2
1
3230
0
1
12
268435456
3000
50
89
1
1
0
1
0
0
1
0
0
1
2
1
3251
0
0
9
268435456
1000
100
1
0
1
0
0
1

0
1
4
1
3252
0
2
10
268435456
3000
500
5
1
0
1
0
0
1

0
1
1
1
3281
0
2
10
67108864
1000
250
100
1
0
1
0
0
1

0
1
4
2
3284
0
0
9
268435456
3000
500
1
0
1
0
0
1

0
1
2
1
3287
0
1
12
268435456
2000
50
52
1
1
0
1
0
0
1
0
0
1
1
1
3290
0
0
9
268435456
2000
500
1
0
1
0
0
1

0
1
8
8
3299
0
1
11
67108864
2000
50
37
0
1
0
1
0
0
1
0
1
1
1
3309
0
0
9
268435456
2000
500
1
0
1
0
0
1

0
1
1
1
3331
0
2
10
134217728
1000
1000
1000
1
0
1
0
0
1

0
1
2
1
3343
0
0
9
134217728
1000
500
1
0
1
0
0
1

0
1
8
2
3351
0
0
9
268435456
1000
500
1
0
1
0
0
1

0
1
2
1
3364
0
2
10
134217728
3000
100
10
1
0
1
0
0
1

0
1
4
2
3380
0
2
10
134217728
1000
50
10
1
0
1
0
0
1

0
1
2
1
3409
0
0
9
134217728
4000
250
1
0
1
0
0
1

0
1
1
1
3412
0
0
9
67108864
1000
500
1
0
1
0
0
1

0
1
4
2
3441
0
0
9
67108864
1000
100
1
0
1
0
0
1

0
1
8
1
3462
0
1
12
134217728
1000
1000
51
1
1
0
1
0
0
1
0
0
1
4
2
3478
0
0
9
134217728
3000
1000
1
0
1
0
0
1

0
1
8
4
3485
0
1
11
268435456
1000
500
51
0
1
0
1
0
0
1
0
1
8
1
3506
0
2
10
268435456
3000
50
10
1
0
1
0
0
1

0
1
2
1
3535
0
1
11
268435456
3000
50
48
0
1
0
1
0
0
1
0
1
2
1
3565
0
2
10
67108864
1000
500
5
1
0
1
0
0
1

0
1
8
1
3582
0
0
9
134217728
1000
250
1
0
1
0
0
1

0
1
2
1
3608
0
1
12
268435456
3000
500
69
1
1
0
1
0
0
1
0
0
1
1
1
3637
0
0
9
67108864
4000
1000
1
0
1
0
0
1

0
1
1
1
3640
0
0
9
67108864
1000
500
1
0
1
0
0
1

0
1
8
2
3667
0
0
9
268435456
3000
100
1
0
1
0
0
1

0
1
2
1
3672
0
0
9
134217728
3000
500
1
0
1
0
0
1

0
1
4
2
3693
0
1
12
67108864
1000
500
78
1
1
0
1
0
0
1
0
0
1
4
2
3711
0
0
9
67108864
1000
100
1
0
1
0
0
1

0
1
1
1
3727
0
1
11
67108864
1000
50
98
0
1
0
1
0
0
1
0
1
8
8
3744
0
2
10
268435456
3000
100
5
1
0
1
0
0
1

0
1
1
1
3768
0
2
10
67108864
2000
1000
100
1
0
1
0
0
1

0
1
1
1
3772
0
0
9
268435456
3000
250
1
0
1
0
0
1

0
1
4
1
3784
0
1
12
67108864
1000
50
40
1
1
0
1
0
0
1
0
0
1
2
1
3793
0
1
12
268435456
3000
500
93
1
1
0
1
0
0
1
0
0
1
2
1
3812
0
1
11
268435456
3000
500
77
0
1
0
1
0
0
1
0
1
1
1
3815
0
1
12
67108864
2000
50
87
1
1
0
1
0
0
1
0
0
1
4
2
3821
0
1
11
268435456
2000
500
74
0
1
0
1
0
0
1
0
1
2
1
3840
0
1
11
268435456
3000
250
42
0
1
0
1
0
0
1
0
1
2
2
3844
0
2
10
134217728
1000
500
5
1
0
1
0
0
1

0
1
1
1
3874
0
0
9
268435456
1000
100
1
0
1
0
0
1

0
1
8
8
3883
0
2
10
268435456
3000
250
1000
1
0
1
0
0
1

0
1
8
2
3889
0
2
10
268435456
1000
250
100
1
0
1
0
0
1

0
1
4
4
3915
0
0
9
268435456
3000
250
1
0
1
0
0
1

0
1
2
1
3945
0
1
11
268435456
3000
100
83
0
1
0
1
0
0
1
0
1
4
1
3948
0
1
11
134217728
4000
250
38
0
1
0
1
0
0
1
0
1
2
1
3961
0
1
12
268435456
1000
100
7
1
1
0
1
0
0
1
0
0
1
8
2
3990
0
1
11
134217728
2000
1000
14
0
1
0
1
0
0
1
0
1
8
1
4019
0
2
10
67108864
4000
50
1
1
0
1
0
0
1

0
1
1
1
4039
0
1
12
268435456
2000
50
47
1
1
0
1
0
0
1
0
0
1
4
2
4068
0
0
9
134217728
1000
1000
1
0
1
0
0
1

0
1
8
8
4087
0
2
10
268435456
1000
100
1000
1
0
1
0
0
1

0
1
8
2
4112
0
2
10
134217728
1000
50
5
1
0
1
0
0
1

0
1
8
2
4131
0
0
9
268435456
2000
50
1
0
1
0
0
1

0
1
2
1
4159
0
0
9
268435456
3000
500
1
0
1
0
0
1

0
1
8
4
4176
0
1
11
134217728
2000
50
26
0
1
0
1
0
0
1
0
1
1
1
4182
0
2
10
134217728
3000
250
1000
1
0
1
0
0
1

0
1
1
1
4195
0
1
11
134217728
1000
1000
80
0
1
0
1
0
0
1
0
1
1
1
4206
0
0
9
268435456
1000
250
1
0
1
0
0
1

0
1
1
1
4228
0
2
10
134217728
1000
1000
1000
1
0
1
0
0
1

0
1
1
1
4244
0
0
9
67108864
1000
50
1
0
1
0
0
1

0
1
1
1
4248
0
1
12
67108864
4000
50
53
1
1
0
1
0
0
1
0
0
1
2
2
4276
0
0
9
134217728
2000
100
1
0
1
0
0
1

0
1
1
1
4293
0
2
10
67108864
3000
50
100
1
0
1
0
0
1

0
1
4
2
4303
0
2
10
268435456
1000
500
5
1
0
1
0
0
1

0
1
2
1
4304
0
0
9
67108864
2000
250
1
0
1
0
0
1

0
1
2
2
4332
0
0
9
67108864
2000
1000
1
0
1
0
0
1

0
1
4
2
4346
0
2
10
134217728
3000
100
100
1
0
1
0
0
1

0
1
1
1
4375
0
0
9
67108864
4000
500
1
0
1
0
0
1

0
1
8
2
4402
0
2
10
67108864
1000
100
100
1
0
1
0
0
1

0
1
4
1
4429
0
1
11
67108864
4000
500
98
0
1
0
1
0
0
1
0
1
1
1
4435
0
2
10
268435456
2000
500
5
1
0
1
0
0
1

0
1
4
1
4458
0
0
9
134217728
1000
250
1
0
1
0
0
1

0
1
1
1
4474
0
1
12
268435456
3000
500
11
1
1
0
1
0
0
1
0
0
1
2
1
4489
0
0
9
67108864
2000
100
1
0
1
0
0
1

0
1
4
4
4510
0
0
9
134217728
1000
100
1
0
1
0
0
1

0
1
8
8
4520
0
1
12
134217728
3000
100
88
1
1
0
1
0
0
1
0
0
1
1
1
4539
0
2
10
134217728
1000
500
1000
1
0
1
0
0
1

0
1
4
1
4547
0
2
10
67108864
2000
1000
5
1
0
1
0
0
1

0
1
2
1
4560
0
2
10
268435456
3000
500
1000
1
0
1
0
0
1

0
1
8
1
4562
0
0
9
67108864
3000
500
1
0
1
0
0
1

0
1
1
1
4579
0
2
10
134217728
2000
1000
100
1
0
1
0
0
1

0
1
2
2
4581
0
1
11
67108864
1000
500
87
0
1
0
1
0
0
1
0
1
1
1
4611
0
0
9
268435456
3000
500
1
0
1
0
0
1

0
1
8
2
4630
0
1
11
134217728
1000
500
18
0
1
0
1
0
0
1
0
1
8
4
4657
0
1
11
67108864
1000
100
75
0
1
0
1
0
0
1
0
1
1
1
4680
0
0
9
134217728
4000
500
1
0
1
0
0
1

0
1
2
1
4697
0
1
12
268435456
2000
500
55
1
1
0
1
0
0
1
0
0
1
4
4
4709
0
2
10
268435456
1000
250
1000
1
0
1
0
0
1

0
1
8
2
4713
0
0
9
134217728
3000
50
1
0
1
0
0
1

0
1
4
2
4726
0
0
9
67108864
3000
50
1
0
1
0
0
1

0
1
8
1
4756
0
2
10
67108864
3000
50
5
1
0
1
0
0
1

0
1
8
4
4764
0
0
9
67108864
1000
500
1
0
1
0
0
1

0
1
4
2
4782
0
1
11
268435456
2000
100
60
0
1
0
1
0
0
1
0
1
1
1
4798
0
2
10
268435456
1000
50
5
1
0
1
0
0
1

0
1
2
1
4807
0
2
10
67108864
4000
250
1000
1
0
1
0
0
1

0
1
1
1
4829
0
1
11
67108864
4000
100
94
0
1
0
1
0
0
1
0
1
8
4
4834
0
0
9
268435456
3000
100
1
0
1
0
0
1

0
1
4
2
4862
0
2
10
67108864
3000
500
1000
1
0
1
0
0
1

0
1
1
1
4867
0
1
12
268435456
3000
250
6
1
1
0
1
0
0
1
0
0
1
4
2
4885
0
0
9
134217728
4000
500
1
0
1
0
0
1

0
1
1
1
4915
0
0
9
268435456
3000
50
1
0
1
0
0
1

0
1
4
4
4928
0
2
10
268435456
2000
100
1
1
0
1
0
0
1

0
1
4
4
4933
0
1
11
67108864
3000
100
1
0
1
0
1
0
0
1
0
1
1
1
4952
0
2
10
67108864
2000
250
10
1
0
1
0
0
1

0
1
2
2
4967
0
0
9
67108864
4000
1000
1
0
1
0
0
1

0
1
1
1
4995
0
0
9
134217728
2000
100
1
0
1
0
0
1

0
1
8
1
5013
0
0
9
268435456
3000
250
1
0
1
0
0
1

0
1
2
1
5026
0
2
10
67108864
4000
1000
1000
1
0
1
0
0
1

0
1
8
2
5032
0
2
10
268435456
2000
500
1000
1
0
1
0
0
1

0
1
8
4
5049
0
0
9
134217728
4000
50
1
0
1
0
0
1

0
1
4
2
5062
0
2
10
134217728
4000
500
100
1
0
1
0
0
1

0
1
8
4
5074
0
2
10
67108864
3000
500
10
1
0
1
0
0
1

0
1
4
2
5095
0
1
12
134217728
4000
100
47
1
1
0
1
0
0
1
0
0
1
1
1
5115
0
0
9
67108864
3000
1000
1
0
1
0
0
1

0
1
8
4
5130
0
2
10
134217728
4000
250
100
1
0
1
0
0
1

0
1
4
1
5136
0
1
12
134217728
4000
250
86
1
1
0
1
0
0
1
0
0
1
1
1
5154
0
0
9
134217728
4000
250
1
0
1
0
0
1

0
1
2
1
5168
0
1
11
268435456
3000
500
1
0
1
0
1
0
0
1
0
1
8
4
5174
0
2
10
67108864
3000
500
10
1
0
1
0
0
1

0
1
4
4
5189
0
2
10
268435456
3000
250
10
1
0
1
0
0
1

0
1
4
2
5194
0
0
9
67108864
3000
50
1
0
1
0
0
1

0
1
8
8
5217
0
2
10
67108864
2000
250
10
1
0
1
0
0
1

0
1
2
1
5243
0
0
9
268435456
3000
100
1
0
1
0
0
1

0
1
2
1
5258
0
1
11
268435456
3000
100
20
0
1
0
1
0
0
1
0
1
2
2
5262
0
1
12
268435456
3000
500
48
1
1
0
1
0
0
1
0
0
1
1
1
5268
0
0
9
67108864
1000
500
1
0
1
0
0
1

0
1
2
1
5292
0
2
10
67108864
1000
500
100
1
0
1
0
0
1

0
1
4
2
5314
0
0
9
134217728
3000
50
1
0
1
0
0
1

0
1
4
4
5335
0
2
10
268435456
3000
100
10
1
0
1
0
0
1

0
1
8
2
5363
0
2
10
268435456
1000
500
1000
1
0
1
0
0
1

0
1
2
2
5386
0
0
9
67108864
3000
100
1
0
1
0
0
1

0
1
4
2
5415
0
1
11
67108864
3000
50
30
0
1
0
1
0
0
1
0
1
8
1
5424
0
1
12
268435456
3000
50
73
1
1
0
1
0
0
1
0
0
1
1
1
5432
0
1
12
67108864
1000
500
20
1
1
0
1
0
0
1
0
0
1
1
1
5443
0
0
9
67108864
3000
50
1
0
1
0
0
1

0
1
4
4
5447
0
1
12
67108864
2000
50
65
1
1
0
1
0
0
1
0
0
1
2
1
5451
0
1
12
268435456
3000
500
20
1
1
0
1
0
0
1
0
0
1
2
1
5455
0
2
10
268435456
3000
500
100
1
0
1
0
0
1

0
1
2
1
5457
0
1
11
67108864
4000
100
27
0
1
0
1
0
0
1
0
1
2
2
5464
0
2
10
268435456
1000
500
1000
1
0
1
0
0
1

0
1
2
1
5493
0
1
12
134217728
1000
50
49
1
1
0
1
0
0
1
0
0
1
4
2
5515
0
2
10
268435456
3000
100
1
1
0
1
0
0
1

0
1
4
2
5528
0
0
9
268435456
3000
50
1
0
1
0
0
1

0
1
4
1
5541
0
1
12
67108864
3000
500
23
1
1
0
1
0
0
1
0
0
1
4
2
5545
0
1
12
134217728
2000
250
21
1
1
0
1
0
0
1
0
0
1
4
4
5564
0
0
9
268435456
1000
500
1
0
1
0
0
1

0
1
4
2
5580
0
1
12
268435456
1000
250
80
1
1
0
1
0
0
1
0
0
1
4
1
5602
0
1
11
134217728
1000
50
61
0
1
0
1
0
0
1
0
1
2
1
5623
0
2
10
134217728
2000
1000
10
1
0
1
0
0
1

0
1
4
1
5651
0
1
12
67108864
1000
100
80
1
1
0
1
0
0
1
0
0
1
8
1
5677
0
1
12
134217728
1000
50
88
1
1
0
1
0
0
1
0
0
1
2
1
5703
0
0
9
268435456
3000
100
1
0
1
0
0
1

0
1
8
2
5733
0
2
10
67108864
2000
250
10
1
0
1
0
0
1

0
1
8
1
5738
0
1
12
134217728
4000
250
79
1
1
0
1
0
0
1
0
0
1
8
4
5751
0
2
10
67108864
2000
250
10
1
0
1
0
0
1

0
1
1
1
5779
0
2
10
268435456
3000
50
1000
1
0
1
0
0
1

0
1
4
2
5781
0
0
9
67108864
3000
500
1
0
1
0
0
1

0
1
4
1
5796
0
2
10
67108864
1000
100
1000
1
0
1
0
0
1

0
1
4
2
5797
0
2
10
134217728
2000
100
100
1
0
1
0
0
1

0
1
2
1
5800
0
2
10
134217728
3000
1000
100
1
0
1
0
0
1

0
1
8
2
5822
0
1
12
67108864
4000
500
1
1
1
0
1
0
0
1
0
0
1
2
1
5823
0
2
10
67108864
1000
100
5
1
0
1
0
0
1

0
1
4
2
5847
0
0
9
67108864
3000
500
1
0
1
0
0
1

0
1
8
4
5867
0
1
12
268435456
3000
50
29
1
1
0
1
0
0
1
0
0
1
4
2
5875
0
1
12
268435456
3000
500
75
1
1
0
1
0
0
1
0
0
1
2
2
5888
0
0
9
134217728
3000
250
1
0
1
0
0
1

0
1
4
1
5905
0
2
10
268435456
3000
500
1
1
0
1
0
0
1

0
1
8
4
5935
0
1
12
134217728
1000
100
72
1
1
0
1
0
0
1
0
0
1
4
1
5960
0
1
11
67108864
3000
100
43
0
1
0
1
0
0
1
0
1
4
2
5976
0
1
11
268435456
3000
500
17
0
1
0
1
0
0
1
0
1
4
2
5986
0
2
10
67108864
2000
250
5
1
0
1
0
0
1

0
1
2
2
6004
0
0
9
134217728
1000
500
1
0
1
0
0
1

0
1
2
1
6031
0
0
9
134217728
4000
250
1
0
1
0
0
1

0
1
8
8
6039
0
0
9
268435456
3000
500
1
0
1
0
0
1

0
1
1
1
6064
0
2
10
268435456
1000
250
5
1
0
1
0
0
1

0
1
4
2
6076
0
2
10
134217728
4000
250
1
1
0
1
0
0
1

0
1
2
1
6103
0
2
10
268435456
1000
250
5
1
0
1
0
0
1

0
1
4
1
6132
0
1
12
268435456
2000
100
31
1
1
0
1
0
0
1
0
0
1
8
8
6157
0
0
9
67108864
4000
50
1
0
1
0
0
1

0
1
8
2
6186
0
1
11
67108864
2000
250
85
0
1
0
1
0
0
1
0
1
4
4
6204
0
2
10
268435456
2000
500
10
1
0
1
0
0
1

0
1
8
2
6222
0
2
10
268435456
3000
500
100
1
0
1
0
0
1

0
1
1
1
6223
0
2
10
67108864
4000
100
1
1
0
1
0
0
1

0
1
1
1
6244
0
1
11
67108864
3000
50
84
0
1
0
1
0
0
1
0
1
8
1
6255
0
1
12
134217728
2000
500
23
1
1
0
1
0
0
1
0
0
1
1
1
6270
0
1
11
268435456
1000
100
26
0
1
0
1
0
0
1
0
1
8
2
6284
0
0
9
268435456
2000
500
1
0
1
0
0
1

0
1
2
1
6295
0
0
9
268435456
2000
50
1
0
1
0
0
1

0
1
2
1
6308
0
1
11
134217728
3000
50
46
0
1
0
1
0
0
1
0
1
2
1
6327
0
0
9
67108864
2000
50
1
0
1
0
0
1

0
1
8
8
6342
0
0
9
67108864
2000
500
1
0
1
0
0
1

0
1
8
4
6355
0
1
12
67108864
4000
100
75
1
1
0
1
0
0
1
0
0
1
4
2
6372
0
2
10
268435456
2000
500
5
1
0
1
0
0
1

0
1
8
1
6398
0
1
11
134217728
4000
100
30
0
1
0
1
0
0
1
0
1
1
1
6420
0
1
12
67108864
1000
1000
86
1
1
0
1
0
0
1
0
0
1
2
1
6435
0
0
9
268435456
3000
50
1
0
1
0
0
1

0
1
2
1
6465
0
1
12
67108864
1000
50
50
1
1
0
1
0
0
1
0
0
1
2
2
6478
0
1
11
67108864
2000
100
57
0
1
0
1
0
0
1
0
1
4
2
6480
0
1
12
268435456
2000
250
97
1
1
0
1
0
0
1
0
0
1
8
2
6489
0
0
9
268435456
3000
50
1
0
1
0
0
1

0
1
1
1
6491
0
0
9
134217728
2000
1000
1
0
1
0
0
1

0
1
8
4
6496
0
1
12
67108864
3000
50
1
1
1
0
1
0
0
1
0
0
1
4
4
6497
0
2
10
134217728
1000
250
1000
1
0
1
0
0
1

0
1
8
4
6521
0
0
9
134217728
1000
500
1
0
1
0
0
1

0
1
4
2
6528
0
1
12
134217728
4000
1000
91
1
1
0
1
0
0
1
0
0
1
4
1
6535
0
2
10
134217728
1000
250
5
1
0
1
0
0
1

0
1
4
1
6565
0
1
12
134217728
1000
500
0
1
1
0
1
0
0
1
0
0
1
4
1
6590
0
2
10
134217728
3000
500
10
1
0
1
0
0
1

0
1
2
2
6591
0
0
9
268435456
2000
500
1
0
1
0
0
1

0
1
8
2
6613
0
0
9
268435456
3000
100
1
0
1
0
0
1

0
1
8
4
6621
0
2
10
67108864
4000
250
100
1
0
1
0
0
1

0
1
2
1
6635
0
2
10
134217728
1000
250
5
1
0
1
0
0
1

0
1
4
1
6645
0
2
10
67108864
1000
500
5
1
0
1
0
0
1

0
1
4
1
6668
0
0
9
268435456
3000
500
1
0
1
0
0
1

0
1
1
1
6677
0
2
10
134217728
4000
250
100
1
0
1
0
0
1

0
1
2
2
6701
0
0
9
268435456
3000
250
1
0
1
0
0
1

0
1
8
2
6711
0
1
11
268435456
3000
50
32
0
1
0
1
0
0
1
0
1
4
2
6726
0
0
9
134217728
3000
500
1
0
1
0
0
1

0
1
8
1
6737
0
2
10
268435456
3000
250
10
1
0
1
0
0
1

0
1
2
1
6740
0
2
10
134217728
3000
100
1000
1
0
1
0
0
1

0
1
2
2
6744
0
0
9
67108864
4000
250
1
0
1
0
0
1

0
1
2
2
6748
0
1
11
134217728
4000
100
85
0
1
0
1
0
0
1
0
1
4
4
6765
0
2
10
134217728
3000
250
100
1
0
1
0
0
1

0
1
8
4
6790
0
0
9
67108864
2000
500
1
0
1
0
0
1

0
1
2
1
6813
0
1
11
67108864
1000
1000
61
0
1
0
1
0
0
1
0
1
1
1
6820
0
0
9
67108864
4000
250
1
0
1
0
0
1

0
1
4
1
6830
0
0
9
134217728
4000
500
1
0
1
0
0
1

0
1
4
2
6857
0
2
10
134217728
2000
250
5
1
0
1
0
0
1

0
1
8
2
6885
0
0
9
67108864
3000
100
1
0
1
0
0
1

0
1
1
1
6887
0
0
9
134217728
4000
100
1
0
1
0
0
1

0
1
2
1
6898
0
2
10
67108864
4000
100
1
1
0
1
0
0
1

0
1
1
1
6911
0
2
10
67108864
2000
1000
1000
1
0
1
0
0
1

0
1
4
4
6913
0
2
10
67108864
2000
50
1000
1
0
1
0
0
1

0
1
2
2
6918
0
1
12
134217728
4000
1000
41
1
1
0
1
0
0
1
0
0
1
8
1
6936
0
2
10
268435456
3000
50
1000
1
0
1
0
0
1

0
1
4
1
6942
0
0
9
67108864
2000
500
1
0
1
0
0
1

0
1
4
4
6967
0
2
10
67108864
4000
250
1
1
0
1
0
0
1

0
1
1
1
6984
0
1
11
67108864
2000
500
0
0
1
0
1
0
0
1
0
1
1
1
6996
0
1
12
268435456
3000
100
87
1
1
0
1
0
0
1
0
0
1
4
2
7010
0
0
9
67108864
4000
500
1
0
1
0
0
1

0
1
2
1
7034
0
1
11
67108864
1000
50
95
0
1
0
1
0
0
1
0
1
8
2
7051
0
0
9
67108864
3000
250
1
0
1
0
0
1

0
1
8
1
7053
0
1
11
134217728
2000
250
52
0
1
0
1
0
0
1
0
1
8
8
7079
0
1
12
67108864
4000
50
78
1
1
0
1
0
0
1
0
0
1
1
1
7082
0
0
9
67108864
2000
250
1
0
1
0
0
1

0
1
4
4
7092
0
1
12
268435456
3000
250
17
1
1
0
1
0
0
1
0
0
1
1
1
7101
0
0
9
268435456
3000
100
1
0
1
0
0
1

0
1
4
2
7103
0
1
12
67108864
2000
100
97
1
1
0
1
0
0
1
0
0
1
4
1
7132
0
0
9
268435456
2000
100
1
0
1
0
0
1

0
1
1
1
7142
0
1
11
67108864
1000
100
64
0
1
0
1
0
0
1
0
1
8
2
7155
0
0
9
134217728
1000
500
1
0
1
0
0
1

0
1
4
1
7184
0
2
10
67108864
2000
1000
5
1
0
1
0
0
1

0
1
8
1
7195
0
0
9
268435456
2000
250
1
0
1
0
0
1

0
1
8
2
7208
0
0
9
67108864
4000
50
1
0
1
0
0
1

0
1
8
1
7232
0
1
11
67108864
4000
250
34
0
1
0
1
0
0
1
0
1
1
1
7250
0
1
12
268435456
3000
50
54
1
1
0
1
0
0
1
0
0
1
1
1
7255
0
1
12
134217728
2000
50
99
1
1
0
1
0
0
1
0
0
1
4
1
7274
0
0
9
67108864
4000
50
1
0
1
0
0
1

0
1
4
2
7303
0
1
11
134217728
1000
500
78
0
1
0
1
0
0
1
0
1
1
1
7316
0
0
9
134217728
1000
50
1
0
1
0
0
1

0
1
1
1
7344
0
1
12
134217728
3000
250
23
1
1
0
1
0
0
1
0
0
1
2
1
7360
0
1
12
134217728
3000
100
86
1
1
0
1
0
0
1
0
0
1
4
2
7369
0
2
10
268435456
1000
50
100
1
0
1
0
0
1

0
1
1
1
7377
0
2
10
67108864
4000
100
10
1
0
1
0
0
1

0
1
8
8
7406
0
0
9
268435456
3000
500
1
0
1
0
0
1

0
1
4
2
7423
0
2
10
67108864
4000
500
1000
1
0
1
0
0
1

0
1
8
1
7439
0
2
10
67108864
2000
500
1
1
0
1
0
0
1

0
1
8
2
7451
0
0
9
134217728
2000
50
1
0
1
0
0
1

0
1
4
1
7474
0
0
9
268435456
3000
50
1
0
1
0
0
1

0
1
1
1
7504
0
0
9
67108864
2000
500
1
0
1
0
0
1

0
1
2
1
7529
0
0
9
134217728
4000
50
1
0
1
0
0
1

0
1
2
1
7545
0
2
10
134217728
1000
50
1000
1
0
1
0
0
1

0
1
4
2
7575
0
2
10
67108864
2000
500
100
1
0
1
0
0
1

0
1
1
1
7584
0
1
12
268435456
1000
500
53
1
1
0
1
0
0
1
0
0
1
8
8
7610
0
2
10
134217728
4000
500
1
1
0
1
0
0
1

0
1
4
4
7618
0
0
9
134217728
2000
1000
1
0
1
0
0
1

0
1
1
1
7643
0
2
10
134217728
3000
250
1
1
0
1
0
0
1

0
1
1
1
7649
0
0
9
268435456
1000
500
1
0
1
0
0
1

0
1
8
1
7651
0
1
12
268435456
3000
500
11
1
1
0
1
0
0
1
0
0
1
8
8
7677
0
1
12
67108864
1000
50
49
1
1
0
1
0
0
1
0
0
1
2
1
7702
0
0
9
67108864
1000
1000
1
0
1
0
0
1

0
1
1
1
7718
0
2
10
134217728
3000
1000
10
1
0
1
0
0
1

0
1
2
1
7744
0
2
10
268435456
3000
250
1000
1
0
1
0
0
1

0
1
1
1
7767
0
1
12
268435456
2000
50
74
1
1
0
1
0
0
1
0
0
1
8
4
7786
0
2
10
268435456
2000
50
5
1
0
1
0
0
1

0
1
4
1
7793
0
2
10
134217728
1000
500
5
1
0
1
0
0
1

0
1
8
1
7810
0
2
10
134217728
1000
1000
1
1
0
1
0
0
1

0
1
1
1
7840
0
1
12
134217728
3000
100
95
1
1
0
1
0
0
1
0
0
1
8
4
7842
0
2
10
268435456
3000
50
1
1
0
1
0
0
1

0
1
1
1
7854
0
1
11
134217728
3000
250
31
0
1
0
1
0
0
1
0
1
2
2
7881
0
0
9
268435456
3000
250
1
0
1
0
0
1

0
1
2
1
7898
0
0
9
67108864
3000
50
1
0
1
0
0
1

0
1
4
4
7918
0
1
12
268435456
3000
500
56
1
1
0
1
0
0
1
0
0
1
2
1
7948
0
2
10
134217728
4000
100
5
1
0
1
0
0
1

0
1
8
4
7968
0
0
9
67108864
4000
500
1
0
1
0
0
1

0
1
4
2
7983
0
2
10
134217728
2000
100
1000
1
0
1
0
0
1

0
1
4
1
7987
0
0
9
67108864
4000
1000
1
0
1
0
0
1

0
1
8
2
8008
0
1
11
67108864
4000
100
26
0
1
0
1
0
0
1
0
1
1
1
8031
0
0
9
134217728
2000
250
1
0
1
0
0
1

0
1
4
1
8056
0
2
10
268435456
3000
500
1
1
0
1
0
0
1

0
1
8
8
8059
0
0
9
134217728
1000
50
1
0
1
0
0
1

0
1
1
1
8066
0
2
10
67108864
4000
1000
5
1
0
1
0
0
1

0
1
2
2
8072
0
1
11
67108864
2000
500
77
0
1
0
1
0
0
1
0
1
2
1
8095
0
0
9
134217728
1000
500
1
0
1
0
0
1

0
1
1
1
8124
0
2
10
67108864
4000
1000
10
1
0
1
0
0
1

0
1
2
1
8129
0
2
10
134217728
2000
250
100
1
0
1
0
0
1

0
1
1
1
8141
0
0
9
268435456
2000
500
1
0
1
0
0
1

0
1
8
1
8142
0
0
9
134217728
4000
250
1
0
1
0
0
1

0
1
2
1
8160
0
0
9
67108864
2000
1000
1
0
1
0
0
1

0
1
4
2
8189
0
2
10
134217728
2000
500
5
1
0
1
0
0
1

0
1
2
1
8204
0
2
10
268435456
2000
100
1000
1
0
1
0
0
1

0
1
8
4
8213
0
1
11
134217728
4000
500
30
0
1
0
1
0
0
1
0
1
4
1
8216
0
1
11
67108864
2000
50
11
0
1
0
1
0
0
1
0
1
2
1
8235
0
2
10
134217728
2000
1000
5
1
0
1
0
0
1

0
1
4
4
8254
0
2
10
134217728
1000
1000
100
1
0
1
0
0
1

0
1
8
4
8277
0
0
9
268435456
2000
100
1
0
1
0
0
1

0
1
4
1
8298
0
2
10
134217728
4000
250
10
1
0
1
0
0
1

0
1
8
8
8317
0
1
11
268435456
1000
500
87
0
1
0
1
0
0
1
0
1
4
2
8336
0
1
11
67108864
2000
50
41
0
1
0
1
0
0
1
0
1
1
1
8360
0
1
12
134217728
1000
1000
60
1
1
0
1
0
0
1
0
0
1
1
1
8370
0
0
9
134217728
2000
100
1
0
1
0
0
1

0
1
8
1
8391
0
0
9
134217728
1000
1000
1
0
1
0
0
1

0
1
2
1
8394
0
0
9
134217728
1000
250
1
0
1
0
0
1

0
1
2
1
8400
0
1
11
268435456
3000
50
20
0
1
0
1
0
0
1
0
1
8
8
8420
0
0
9
134217728
1000
500
1
0
1
0
0
1

0
1
4
4
8444
0
0
9
268435456
1000
500
1
0
1
0
0
1

0
1
8
4
8466
0
0
9
268435456
3000
500
1
0
1
0
0
1

0
1
1
1
8469
0
1
12
268435456
2000
50
98
1
1
0
1
0
0
1
0
0
1
1
1
8497
0
0
9
134217728
1000
250
1
0
1
0
0
1

0
1
1
1
8525
0
2
10
134217728
1000
50
1000
1
0
1
0
0
1

0
1
8
2
8540
0
0
9
268435456
1000
500
1
0
1
0
0
1

0
1
1
1
8569
0
2
10
134217728
1000
250
1
1
0
1
0
0
1

0
1
1
1
8594
0
0
9
268435456
3000
100
1
0
1
0
0
1

0
1
4
2
8623
0
2
10
268435456
1000
50
10
1
0
1
0
0
1

0
1
8
8
8641
0
0
9
268435456
2000
500
1
0
1
0
0
1

0
1
1
1
8655
0
2
10
67108864
2000
500
10
1
0
1
0
0
1

0
1
1
1
8674
0
1
12
134217728
4000
250
38
1
1
0
1
0
0
1
0
0
1
2
1
8703
0
1
11
268435456
3000
100
12
0
1
0
1
0
0
1
0
1
1
1
8719
0
0
9
67108864
2000
250
1
0
1
0
0
1

0
1
4
2
8739
0
2
10
268435456
1000
250
1000
1
0
1
0
0
1

0
1
2
1
8768
0
0
9
67108864
4000
500
1
0
1
0
0
1

0
1
8
4
8778
0
0
9
67108864
1000
1000
1
0
1
0
0
1

0
1
4
2
8782
0
2
10
134217728
2000
100
10
1
0
1
0
0
1

0
1
1
1
8795
0
0
9
134217728
2000
500
1
0
1
0
0
1

0
1
4
2
8808
0
2
10
67108864
1000
500
1
1
0
1
0
0
1

0
1
1
1
8810
0
0
9
67108864
4000
100
1
0
1
0
0
1

0
1
2
1
8825
0
0
9
67108864
1000
100
1
0
1
0
0
1

0
1
8
1
8846
0
2
10
268435456
3000
500
1
1
0
1
0
0
1

0
1
8
2
8870
0
1
12
134217728
2000
500
47
1
1
0
1
0
0
1
0
0
1
4
2
8883
0
1
11
67108864
3000
1000
54
0
1
0
1
0
0
1
0
1
8
1
8885
0
2
10
67108864
2000
1000
100
1
0
1
0
0
1

0
1
8
1
8906
0
2
10
134217728
1000
1000
1000
1
0
1
0
0
1

0
1
4
4
8915
0
1
11
268435456
2000
500
65
0
1
0
1
0
0
1
0
1
8
4
8935
0
2
10
268435456
1000
250
1
1
0
1
0
0
1

0
1
4
2
8945
0
1
11
67108864
4000
1000
40
0
1
0
1
0
0
1
0
1
1
1
8969
0
1
12
268435456
3000
100
87
1
1
0
1
0
0
1
0
0
1
8
4
8971
0
2
10
67108864
4000
1000
1000
1
0
1
0
0
1

0
1
1
1
8978
0
0
9
268435456
2000
250
1
0
1
0
0
1

0
1
4
2
8993
0
0
9
67108864
3000
50
1
0
1
0
0
1

0
1
4
2
9005
0
2
10
134217728
3000
1000
5
1
0
1
0
0
1

0
1
8
1
9006
0
2
10
134217728
4000
1000
5
1
0
1
0
0
1

0
1
1
1
9019
0
2
10
67108864
3000
100
1000
1
0
1
0
0
1

0
1
1
1
9029
0
2
10
67108864
1000
50
1
1
0
1
0
0
1

0
1
1
1
9050
0
1
12
268435456
3000
500
55
1
1
0
1
0
0
1
0
0
1
2
1
9059
0
1
11
134217728
4000
500
66
0
1
0
1
0
0
1
0
1
1
1
9068
0
0
9
134217728
1000
100
1
0
1
0
0
1

0
1
8
2
9074
0
2
10
67108864
4000
100
1
1
0
1
0
0
1

0
1
1
1
9100
0
0
9
67108864
3000
250
1
0
1
0
0
1

0
1
8
8
9107
0
2
10
67108864
2000
50
10
1
0
1
0
0
1

0
1
1
1
9116
0
0
9
134217728
1000
100
1
0
1
0
0
1

0
1
1
1
9123
0
2
10
134217728
3000
100
1
1
0
1
0
0
1

0
1
8
8
9132
0
2
10
268435456
2000
250
5
1
0
1
0
0
1

0
1
1
1
9137
0
0
9
268435456
3000
500
1
0
1
0
0
1

0
1
1
1
9149
0
1
12
67108864
3000
250
83
1
1
0
1
0
0
1
0
0
1
2
1
9157
0
1
11
67108864
3000
250
56
0
1
0
1
0
0
1
0
1
8
4
9162
0
1
12
67108864
2000
100
48
1
1
0
1
0
0
1
0
0
1
4
2
9167
0
1
12
134217728
3000
1000
95
1
1
0
1
0
0
1
0
0
1
2
2
9180
0
1
11
67108864
1000
250
57
0
1
0
1
0
0
1
0
1
2
1
9194
0
1
11
67108864
4000
100
85
0
1
0
1
0
0
1
0
1
8
2
9209
0
0
9
67108864
4000
1000
1
0
1
0
0
1

0
1
2
1
9232
0
2
10
134217728
2000
50
100
1
0
1
0
0
1

0
1
8
1
9237
0
1
12
134217728
3000
1000
66
1
1
0
1
0
0
1
0
0
1
2
1
9257
0
1
12
67108864
2000
100
25
1
1
0
1
0
0
1
0
0
1
1
1
9271
0
1
11
67108864
4000
1000
10
0
1
0
1
0
0
1
0
1
1
1
9297
0
0
9
67108864
1000
1000
1
0
1
0
0
1

0
1
8
1
9305
0
1
12
134217728
2000
1000
63
1
1
0
1
0
0
1
0
0
1
1
1
9314
0
1
12
67108864
4000
100
6
1
1
0
1
0
0
1
0
0
1
8
8
9332
0
0
9
268435456
1000
250
1
0
1
0
0
1

0
1
2
1
9345
0
2
10
67108864
4000
500
10
1
0
1
0
0
1

0
1
1
1
9350
0
1
12
268435456
1000
50
21
1
1
0
1
0
0
1
0
0
1
1
1
9356
0
0
9
67108864
1000
100
1
0
1
0
0
1

0
1
2
1
9377
0
0
9
134217728
3000
1000
1
0
1
0
0
1

0
1
4
4
9400
0
1
11
134217728
2000
50
58
0
1
0
1
0
0
1
0
1
1
1
9418
0
0
9
268435456
3000
100
1
0
1
0
0
1

0
1
1
1
9437
0
0
9
134217728
4000
500
1
0
1
0
0
1

0
1
2
1
9439
0
0
9
67108864
3000
50
1
0
1
0
0
1

0
1
2
1
9455
0
1
12
67108864
3000
100
14
1
1
0
1
0
0
1
0
0
1
8
1
9483
0
0
9
268435456
2000
250
1
0
1
0
0
1

0
1
2
2
9513
0
1
11
268435456
3000
500
39
0
1
0
1
0
0
1
0
1
4
2
9515
0
2
10
268435456
3000
500
5
1
0
1
0
0
1

0
1
8
8
9537
0
1
11
268435456
1000
500
44
0
1
0
1
0
0
1
0
1
4
1
9553
0
1
11
67108864
2000
50
34
0
1
0
1
0
0
1
0
1
8
1
9558
0
0
9
134217728
4000
1000
1
0
1
0
0
1

0
1
1
1
9578
0
2
10
268435456
3000
500
100
1
0
1
0
0
1

0
1
4
2
9585
0
2
10
134217728
3000
250
1000
1
0
1
0
0
1

0
1
1
1
9613
0
1
12
134217728
2000
250
46
1
1
0
1
0
0
1
0
0
1
2
2
9633
0
1
12
268435456
3000
500
94
1
1
0
1
0
0
1
0
0
1
8
8
9642
0
1
12
134217728
3000
500
10
1
1
0
1
0
0
1
0
0
1
4
1
9656
0
0
9
67108864
3000
250
1
0
1
0
0
1

0
1
1
1
9684
0
0
9
268435456
3000
500
1
0
1
0
0
1

0
1
1
1
9704
0
0
9
134217728
4000
50
1
0
1
0
0
1

0
1
1
1
9724
0
2
10
268435456
1000
500
1000
1
0
1
0
0
1

0
1
2
1
9750
0
0
9
67108864
2000
50
1
0
1
0
0
1

0
1
4
1
9756
0
1
12
134217728
2000
1000
20
1
1
0
1
0
0
1
0
0
1
1
1
9776
0
0
9
268435456
1000
500
1
0
1
0
0
1

0
1
1
1
9789
0
2
10
268435456
2000
500
1
1
0
1
0
0
1

0
1
2
2
9802
0
0
9
67108864
3000
50
1
0
1
0
0
1

0
1
4
1
9812
0
1
11
67108864
1000
50
91
0
1
0
1
0
0
1
0
1
4
1
9829
0
1
11
134217728
4000
500
64
0
1
0
1
0
0
1
0
1
8
1
9856
0
1
11
134217728
4000
500
51
0
1
0
1
0
0
1
0
1
4
4
9862
0
0
9
67108864
1000
50
1
0
1
0
0
1

0
1
1
1
9885
0
2
10
134217728
2000
100
100
1
0
1
0
0
1

0
1
1
1
9904
0
0
9
134217728
2000
50
1
0
1
0
0
1

0
1
1
1
9909
0
2
10
268435456
3000
250
10
1
0
1
0
0
1

0
1
4
2
9925
0
0
9
67108864
1000
1000
1
0
1
0
0
1

0
1
2
1
9948
0
0
9
134217728
4000
1000
1
0
1
0
0
1

0
1
2
1
9961
0
1
11
268435456
2000
500
25
0
1
0
1
0
0
1
0
1
4
4
9983
0
2
10
67108864
3000
250
5
1
0
1
0
0
1

0
1
4
1
10009
0
1
12
268435456
3000
50
78
1
1
0
1
0
0
1
0
0
1
1
1
10024
0
0
9
134217728
1000
50
1
0
1
0
0
1

0
1
1
1
10028
0
2
10
134217728
1000
1000
5
1
0
1
0
0
1

0
1
8
4
10037
0
2
10
134217728
3000
50
5
1
0
1
0
0
1

0
1
4
2
10057
0
1
12
134217728
2000
500
43
1
1
0
1
0
0
1
0
0
1
4
1
10068
0
0
9
268435456
3000
500
1
0
1
0
0
1

0
1
1
1
10074
0
2
10
268435456
1000
500
5
1
0
1
0
0
1

0
1
2
1
10103
0
2
10
134217728
1000
500
1000
1
0
1
0
0
1

0
1
8
2
10115
0
0
9
268435456
2000
500
1
0
1
0
0
1

0
1
4
1
10128
0
2
10
134217728
2000
250
100
1
0
1
0
0
1

0
1
4
2
10136
0
0
9
67108864
3000
50
1
0
1
0
0
1

0
1
2
1
10156
0
2
10
134217728
1000
1000
10
1
0
1
0
0
1

0
1
2
1
10161
0
0
9
134217728
3000
1000
1
0
1
0
0
1

0
1
2
2
10189
0
2
10
67108864
1000
500
10
1
0
1
0
0
1

0
1
8
2
10214
0
2
10
268435456
3000
500
100
1
0
1
0
0
1

0
1
2
2
10240
0
2
10
268435456
1000
50
5
1
0
1
0
0
1

0
1
2
1
10267
0
0
9
67108864
2000
100
1
0
1
0
0
1

0
1
2
1
10292
0
0
9
268435456
3000
50
1
0
1
0
0
1

0
1
8
8
10293
0
2
10
268435456
2000
50
100
1
0
1
0
0
1

0
1
1
1
10315
0
1
11
67108864
2000
500
57
0
1
0
1
0
0
1
0
1
1
1
10338
0
0
9
134217728
1000
250
1
0
1
0
0
1

0
1
2
1
10354
0
1
12
268435456
3000
50
8
1
1
0
1
0
0
1
0
0
1
1
1
10369
0
1
11
67108864
1000
1000
35
0
1
0
1
0
0
1
0
1
2
1
10371
0
0
9
67108864
1000
500
1
0
1
0
0
1

0
1
8
4
10383
0
1
11
268435456
3000
500
11
0
1
0
1
0
0
1
0
1
1
1
10410
0
1
11
134217728
1000
50
46
0
1
0
1
0
0
1
0
1
4
2
10420
0
2
10
268435456
2000
250
5
1
0
1
0
0
1

0
1
8
1
10436
0
0
9
134217728
3000
250
1
0
1
0
0
1

0
1
1
1
10461
0
0
9
268435456
3000
500
1
0
1
0
0
1

0
1
2
1
10478
0
1
11
67108864
2000
100
37
0
1
0
1
0
0
1
0
1
4
1
10495
0
0
9
134217728
4000
50
1
0
1
0
0
1

0
1
4
2
10505
0
0
9
134217728
1000
50
1
0
1
0
0
1

0
1
8
4
10514
0
0
9
67108864
4000
1000
1
0
1
0
0
1

0
1
2
1
10528
0
1
12
268435456
3000
100
35
1
1
0
1
0
0
1
0
0
1
4
1
10554
0
2
10
134217728
4000
250
5
1
0
1
0
0
1

0
1
4
2
10563
0
2
10
268435456
3000
100
100
1
0
1
0
0
1

0
1
8
4
10582
0
0
9
268435456
3000
500
1
0
1
0
0
1

0
1
2
1
10596
0
2
10
67108864
1000
250
1000
1
0
1
0
0
1

0
1
2
1
10619
0
0
9
134217728
1000
500
1
0
1
0
0
1

0
1
8
4
10634
0
2
10
134217728
2000
500
10
1
0
1
0
0
1

0
1
4
2
10657
0
0
9
268435456
2000
100
1
0
1
0
0
1

0
1
4
2
10672
0
1
12
134217728
2000
100
48
1
1
0
1
0
0
1
0
0
1
4
4
10673
0
2
10
134217728
2000
100
1
1
0
1
0
0
1

0
1
4
2
10683
0
0
9
268435456
3000
500
1
0
1
0
0
1

0
1
8
2
10691
0
0
9
134217728
1000
250
1
0
1
0
0
1

0
1
8
1
10694
0
1
12
134217728
4000
50
94
1
1
0
1
0
0
1
0
0
1
1
1
10698
0
2
10
268435456
1000
250
5
1
0
1
0
0
1

0
1
2
1
10709
0
2
10
134217728
1000
50
1
1
0
1
0
0
1

0
1
4
2
10712
0
2
10
268435456
3000
500
10
1
0
1
0
0
1

0
1
2
1
10733
0
2
10
67108864
2000
250
1000
1
0
1
0
0
1

0
1
2
1
10757
0
2
10
268435456
2000
100
1000
1
0
1
0
0
1

0
1
4
2
10772
0
1
11
134217728
2000
500
40
0
1
0
1
0
0
1
0
1
4
4
10780
0
1
11
67108864
1000
1000
63
0
1
0
1
0
0
1
0
1
2
1
10794
0
0
9
268435456
1000
50
1
0
1
0
0
1

0
1
8
1
10813
0
0
9
268435456
1000
100
1
0
1
0
0
1

0
1
2
2
10822
0
1
11
67108864
2000
50
5
0
1
0
1
0
0
1
0
1
4
1
10846
0
0
9
67108864
1000
500
1
0
1
0
0
1

0
1
1
1
10872
0
2
10
134217728
4000
500
100
1
0
1
0
0
1

0
1
4
4
10876
0
1
11
67108864
4000
250
51
0
1
0
1
0
0
1
0
1
4
1
10879
0
0
9
134217728
1000
1000
1
0
1
0
0
1

0
1
4
1
10899
0
0
9
67108864
2000
1000
1
0
1
0
0
1

0
1
4
4
10903
0
2
10
134217728
4000
250
1000
1
0
1
0
0
1

0
1
4
2
10914
0
2
10
268435456
3000
250
10
1
0
1
0
0
1

0
1
1
1
10939
0
0
9
134217728
4000
1000
1
0
1
0
0
1

0
1
8
4
10947
0
0
9
268435456
3000
50
1
0
1
0
0
1

0
1
2
1
10954
0
2
10
67108864
1000
1000
100
1
0
1
0
0
1

0
1
4
2
10968
0
0
9
268435456
3000
100
1
0
1
0
0
1

0
1
8
1
10972
0
1
11
268435456
3000
100
54
0
1
0
1
0
0
1
0
1
4
2
10984
0
1
12
268435456
3000
250
39
1
1
0
1
0
0
1
0
0
1
4
2
10990
0
1
11
134217728
3000
500
62
0
1
0
1
0
0
1
0
1
2
1
11018
0
2
10
268435456
3000
50
1000
1
0
1
0
0
1

0
1
1
1
11036
0
1
11
268435456
3000
250
41
0
1
0
1
0
0
1
0
1
4
2
11060
0
0
9
134217728
4000
250
1
0
1
0
0
1

0
1
8
1
11074
0
1
11
134217728
4000
250
42
0
1
0
1
0
0
1
0
1
2
2
11092
0
0
9
67108864
3000
500
1
0
1
0
0
1

0
1
4
2
11112
0
1
12
268435456
3000
500
43
1
1
0
1
0
0
1
0
0
1
2
1
11131
0
0
9
134217728
3000
250
1
0
1
0
0
1

0
1
1
1
11132
0
0
9
268435456
3000
50
1
0
1
0
0
1

0
1
4
1
11150
0
1
11
268435456
2000
100
91
0
1
0
1
0
0
1
0
1
1
1
11165
0
1
12
67108864
1000
50
77
1
1
0
1
0
0
1
0
0
1
1
1
11180
0
0
9
134217728
3000
250
1
0
1
0
0
1

0
1
1
1
11184
0
2
10
67108864
2000
500
100
1
0
1
0
0
1

0
1
1
1
11201
0
1
11
268435456
1000
500
72
0
1
0
1
0
0
1
0
1
4
2
11221
0
1
12
134217728
3000
500
50
1
1
0
1
0
0
1
0
0
1
1
1
11231
0
2
10
268435456
3000
250
5
1
0
1
0
0
1

0
1
8
2
11239
0
0
9
134217728
3000
1000
1
0
1
0
0
1

0
1
1
1
11243
0
1
12
67108864
3000
50
33
1
1
0
1
0
0
1
0
0
1
8
8
11269
0
0
9
134217728
1000
50
1
0
1
0
0
1

0
1
1
1
11289
0
2
10
67108864
3000
500
5
1
0
1
0
0
1

0
1
4
4
11292
0
2
10
67108864
4000
100
100
1
0
1
0
0
1

0
1
2
1
11316
0
0
9
67108864
2000
50
1
0
1
0
0
1

0
1
1
1
11332
0
1
12
268435456
3000
500
20
1
1
0
1
0
0
1
0
0
1
2
1
11360
0
1
12
67108864
2000
100
75
1
1
0
1
0
0
1
0
0
1
8
1
11382
0
2
10
268435456
1000
500
5
1
0
1
0
0
1

0
1
2
1
11401
0
2
10
134217728
1000
1000
5
1
0
1
0
0
1

0
1
2
2
11419
0
2
10
134217728
2000
1000
10
1
0
1
0
0
1

0
1
1
1
11422
0
0
9
268435456
3000
500
1
0
1
0
0
1

0
1
4
2
11432
0
2
10
134217728
4000
250
1
1
0
1
0
0
1

0
1
2
1
11457
0
0
9
134217728
2000
1000
1
0
1
0
0
1

0
1
1
1
11461
0
2
10
268435456
2000
100
1000
1
0
1
0
0
1

0
1
1
1
11490
0
2
10
268435456
3000
50
5
1
0
1
0
0
1

0
1
1
1
11498
0
1
12
268435456
3000
500
34
1
1
0
1
0
0
1
0
0
1
4
1
11519
0
2
10
268435456
1000
50
10
1
0
1
0
0
1

0
1
4
1
11542
0
0
9
67108864
1000
500
1
0
1
0
0
1

0
1
8
8
11567
0
1
11
67108864
4000
1000
60
0
1
0
1
0
0
1
0
1
8
1
11596
0
1
12
67108864
4000
250
68
1
1
0
1
0
0
1
0
0
1
1
1
11601
0
2
10
67108864
1000
1000
1000
1
0
1
0
0
1

0
1
8
4
11605
0
1
11
67108864
2000
500
9
0
1
0
1
0
0
1
0
1
1
1
11628
0
0
9
268435456
3000
250
1
0
1
0
0
1

0
1
2
1
11650
0
1
12
67108864
3000
100
52
1
1
0
1
0
0
1
0
0
1
8
8
11672
0
0
9
67108864
4000
50
1
0
1
0
0
1

0
1
8
8
11694
0
1
11
268435456
2000
500
54
0
1
0
1
0
0
1
0
1
2
1
11719
0
0
9
67108864
1000
250
1
0
1
0
0
1

0
1
8
4
11739
0
0
9
134217728
1000
500
1
0
1
0
0
1

0
1
2
1
11761
0
2
10
134217728
3000
50
100
1
0
1
0
0
1

0
1
8
4
11772
0
2
10
268435456
2000
250
10
1
0
1
0
0
1

0
1
8
2
11782
0
1
11
67108864
3000
100
58
0
1
0
1
0
0
1
0
1
8
8
11784
0
1
11
67108864
1000
250
50
0
1
0
1
0
0
1
0
1
2
1
11808
0
0
9
67108864
3000
100
1
0
1
0
0
1

0
1
2
1
11812
0
2
10
134217728
4000
1000
5
1
0
1
0
0
1

0
1
1
1
11825
0
0
9
67108864
4000
500
1
0
1
0
0
1

0
1
4
2
11839
0
2
10
134217728
3000
50
1000
1
0
1
0
0
1

0
1
8
1
11844
0
0
9
268435456
1000
50
1
0
1
0
0
1

0
1
8
1
11872
0
1
12
67108864
3000
100
13
1
1
0
1
0
0
1
0
0
1
1
1
11897
0
2
10
268435456
1000
100
10
1
0
1
0
0
1

0
1
4
1
11922
0
1
12
134217728
4000
500
46
1
1
0
1
0
0
1
0
0
1
2
1
11932
0
0
9
268435456
3000
100
1
0
1
0
0
1

0
1
4
2
11958
0
1
12
67108864
2000
1000
71
1
1
0
1
0
0
1
0
0
1
1
1
11959
0
2
10
134217728
4000
1000
1000
1
0
1
0
0
1

0
1
4
2
11960
0
1
12
268435456
3000
50
16
1
1
0
1
0
0
1
0
0
1
2
1
11972
0
1
11
67108864
4000
250
38
0
1
0
1
0
0
1
0
1
2
1
11977
0
2
10
268435456
3000
50
1
1
0
1
0
0
1

0
1
4
2
11995
0
1
11
268435456
3000
500
2
0
1
0
1
0
0
1
0
1
1
1
12019
0
0
9
134217728
2000
500
1
0
1
0
0
1

0
1
2
1
12040
0
1
11
67108864
1000
50
31
0
1
0
1
0
0
1
0
1
8
4
12057
0
1
11
268435456
2000
100
22
0
1
0
1
0
0
1
0
1
4
2
12065
0
2
10
134217728
4000
100
1000
1
0
1
0
0
1

0
1
8
1
12074
0
2
10
268435456
3000
250
1
1
0
1
0
0
1

0
1
1
1
12075
0
1
11
67108864
1000
1000
34
0
1
0
1
0
0
1
0
1
4
4
12076
0
2
10
268435456
2000
500
10
1
0
1
0
0
1

0
1
8
1
12090
0
1
11
134217728
3000
250
15
0
1
0
1
0
0
1
0
1
2
2
12113
0
1
11
134217728
3000
100
16
0
1
0
1
0
0
1
0
1
4
2
12125
0
1
11
134217728
2000
50
69
0
1
0
1
0
0
1
0
1
4
4
12142
0
1
12
134217728
3000
1000
69
1
1
0
1
0
0
1
0
0
1
1
1
12143
0
2
10
268435456
3000
500
10
1
0
1
0
0
1

0
1
4
1
12145
0
1
12
134217728
3000
50
36
1
1
0
1
0
0
1
0
0
1
4
2
12161
0
1
12
268435456
3000
500
60
1
1
0
1
0
0
1
0
0
1
8
2
12184
0
1
11
134217728
2000
100
15
0
1
0
1
0
0
1
0
1
4
4
12196
0
2
10
268435456
3000
100
1
1
0
1
0
0
1

0
1
1
1
12207
0
1
12
134217728
1000
50
4
1
1
0
1
0
0
1
0
0
1
1
1
12224
0
0
9
67108864
1000
1000
1
0
1
0
0
1

0
1
2
1
12239
0
2
10
268435456
3000
100
5
1
0
1
0
0
1

0
1
8
4
12256
0
0
9
134217728
3000
500
1
0
1
0
0
1

0
1
8
2
12280
0
1
11
134217728
3000
50
22
0
1
0
1
0
0
1
0
1
2
2
12308
0
2
10
134217728
1000
100
10
1
0
1
0
0
1

0
1
1
1
12322
0
0
9
268435456
3000
500
1
0
1
0
0
1

0
1
4
2
12348
0
1
12
134217728
2000
250
99
1
1
0
1
0
0
1
0
0
1
2
2
12367
0
0
9
134217728
3000
1000
1
0
1
0
0
1

0
1
4
2
12372
0
1
11
134217728
3000
50
9
0
1
0
1
0
0
1
0
1
2
1
12394
0
1
11
268435456
1000
50
74
0
1
0
1
0
0
1
0
1
2
1
12409
0
2
10
268435456
3000
250
1000
1
0
1
0
0
1

0
1
8
8
12414
0
1
12
134217728
3000
1000
61
1
1
0
1
0
0
1
0
0
1
2
1
12426
0
2
10
268435456
3000
250
100
1
0
1
0
0
1

0
1
8
2
12435
0
2
10
67108864
2000
500
100
1
0
1
0
0
1

0
1
2
1
12461
0
1
11
268435456
2000
100
20
0
1
0
1
0
0
1
0
1
2
1
12486
0
1
12
67108864
2000
50
36
1
1
0
1
0
0
1
0
0
1
4
1
12495
0
0
9
134217728
3000
250
1
0
1
0
0
1

0
1
1
1
12498
0
2
10
67108864
2000
250
5
1
0
1
0
0
1

0
1
4
2
12499
0
1
12
134217728
1000
100
41
1
1
0
1
0
0
1
0
0
1
2
1
12518
0
2
10
268435456
1000
100
1
1
0
1
0
0
1

0
1
8
2
12543
0
2
10
67108864
1000
1000
10
1
0
1
0
0
1

0
1
4
2
12544
0
2
10
268435456
3000
50
1000
1
0
1
0
0
1

0
1
1
1
12568
0
0
9
268435456
2000
250
1
0
1
0
0
1

0
1
8
4
12573
0
2
10
268435456
2000
100
1
1
0
1
0
0
1

0
1
8
4
12587
0
0
9
268435456
3000
250
1
0
1
0
0
1

0
1
4
2
12591
0
2
10
268435456
1000
500
1
1
0
1
0
0
1

0
1
8
4
12619
0
1
11
67108864
1000
50
49
0
1
0
1
0
0
1
0
1
2
1
12642
0
0
9
268435456
3000
500
1
0
1
0
0
1

0
1
4
4
12663
0
1
12
134217728
1000
500
2
1
1
0
1
0
0
1
0
0
1
2
1
12664
0
0
9
134217728
2000
500
1
0
1
0
0
1

0
1
1
1
12686
0
0
9
67108864
2000
1000
1
0
1
0
0
1

0
1
4
2
12703
0
2
10
268435456
3000
50
5
1
0
1
0
0
1

0
1
2
2
12728
0
2
10
134217728
1000
100
100
1
0
1
0
0
1

0
1
1
1
12729
0
2
10
268435456
3000
50
1
1
0
1
0
0
1

0
1
1
1
12739
0
1
12
268435456
3000
500
26
1
1
0
1
0
0
1
0
0
1
4
1
12767
0
1
11
134217728
3000
50
3
0
1
0
1
0
0
1
0
1
2
1
12794
0
1
12
268435456
2000
50
91
1
1
0
1
0
0
1
0
0
1
4
2
12819
0
2
10
134217728
2000
100
1
1
0
1
0
0
1

0
1
8
2
12837
0
2
10
268435456
3000
50
1
1
0
1
0
0
1

0
1
2
2
12849
0
0
9
268435456
2000
50
1
0
1
0
0
1

0
1
4
2
12863
0
2
10
67108864
3000
250
10
1
0
1
0
0
1

0
1
2
1
12882
0
2
10
268435456
2000
250
5
1
0
1
0
0
1

0
1
8
1
12911
0
2
10
67108864
3000
50
10
1
0
1
0
0
1

0
1
8
1
12931
0
1
11
268435456
3000
500
4
0
1
0
1
0
0
1
0
1
1
1
12933
0
2
10
67108864
2000
50
1000
1
0
1
0
0
1

0
1
2
1
12963
0
1
12
67108864
2000
250
28
1
1
0
1
0
0
1
0
0
1
8
2
12981
0
2
10
134217728
3000
500
5
1
0
1
0
0
1

0
1
1
1
12983
0
1
12
67108864
1000
250
57
1
1
0
1
0
0
1
0
0
1
4
2
13012
0
2
10
134217728
4000
1000
10
1
0
1
0
0
1

0
1
2
1
13022
0
2
10
268435456
3000
500
1
1
0
1
0
0
1

0
1
2
2
13031
0
2
10
134217728
3000
50
1
1
0
1
0
0
1

0
1
1
1
13046
0
2
10
67108864
3000
100
100
1
0
1
0
0
1

0
1
4
2
13073
0
0
9
67108864
2000
250
1
0
1
0
0
1

0
1
2
1
13078
0
1
12
268435456
2000
50
78
1
1
0
1
0
0
1
0
0
1
8
1
13105
0
0
9
67108864
2000
100
1
0
1
0
0
1

0
1
2
2
13127
0
1
12
134217728
1000
50
91
1
1
0
1
0
0
1
0
0
1
1
1
13155
0
0
9
67108864
1000
50
1
0
1
0
0
1

0
1
2
1
13175
0
0
9
67108864
2000
50
1
0
1
0
0
1

0
1
2
2
13178
0
2
10
268435456
3000
50
100
1
0
1
0
0
1

0
1
8
4
13190
0
2
10
67108864
4000
50
100
1
0
1
0
0
1

0
1
8
4
13198
0
2
10
268435456
1000
100
1000
1
0
1
0
0
1

0
1
8
2
13205
0
2
10
67108864
3000
100
5
1
0
1
0
0
1

0
1
2
2
13214
0
1
11
134217728
4000
50
20
0
1
0
1
0
0
1
0
1
2
1
13215
0
0
9
268435456
3000
100
1
0
1
0
0
1

0
1
2
1
13219
0
0
9
268435456
3000
500
1
0
1
0
0
1

0
1
8
4
13229
0
1
12
67108864
1000
250
30
1
1
0
1
0
0
1
0
0
1
2
1
13252
0
2
10
268435456
2000
100
1
1
0
1
0
0
1

0
1
2
1
13264
0
0
9
268435456
2000
50
1
0
1
0
0
1

0
1
2
1
13276
0
2
10
67108864
4000
50
100
1
0
1
0
0
1

0
1
1
1
13298
0
1
12
268435456
2000
500
29
1
1
0
1
0
0
1
0
0
1
8
2
13324
0
2
10
134217728
4000
50
10
1
0
1
0
0
1

0
1
8
8
13341
0
2
10
268435456
3000
50
5
1
0
1
0
0
1

0
1
8
8
13366
0
2
10
67108864
4000
50
10
1
0
1
0
0
1

0
1
1
1
13393
0
1
11
67108864
1000
50
35
0
1
0
1
0
0
1
0
1
1
1
13403
0
2
10
67108864
2000
250
1
1
0
1
0
0
1

0
1
4
4
13404
0
2
10
268435456
1000
50
5
1
0
1
0
0
1

0
1
4
2
13434
0
1
12
268435456
3000
500
0
1
1
0
1
0
0
1
0
0
1
2
2
13438
0
1
12
268435456
2000
250
84
1
1
0
1
0
0
1
0
0
1
2
1
13447
0
0
9
268435456
2000
250
1
0
1
0
0
1

0
1
8
4
13463
0
1
12
67108864
2000
1000
98
1
1
0
1
0
0
1
0
0
1
4
2
13466
0
1
12
67108864
3000
100
33
1
1
0
1
0
0
1
0
0
1
8
1
13470
0
1
11
268435456
3000
250
61
0
1
0
1
0
0
1
0
1
8
2
13481
0
0
9
268435456
3000
100
1
0
1
0
0
1

0
1
2
1
13497
0
1
12
134217728
3000
50
3
1
1
0
1
0
0
1
0
0
1
1
1
13516
0
2
10
67108864
3000
250
100
1
0
1
0
0
1

0
1
4
2
13533
0
1
11
134217728
2000
100
83
0
1
0
1
0
0
1
0
1
2
1
13542
0
1
12
134217728
1000
1000
93
1
1
0
1
0
0
1
0
0
1
1
1
13552
0
0
9
134217728
2000
50
1
0
1
0
0
1

0
1
1
1
13571
0
2
10
134217728
3000
50
1000
1
0
1
0
0
1

0
1
2
1
13599
0
1
11
268435456
3000
100
27
0
1
0
1
0
0
1
0
1
8
1
13608
0
2
10
67108864
1000
100
1000
1
0
1
0
0
1

0
1
4
1
13610
0
2
10
134217728
3000
250
1000
1
0
1
0
0
1

0
1
8
8
13624
0
2
10
134217728
3000
1000
1000
1
0
1
0
0
1

0
1
2
2
13648
0
0
9
268435456
3000
500
1
0
1
0
0
1

0
1
4
4
13653
0
0
9
134217728
1000
250
1
0
1
0
0
1

0
1
4
2
13665
0
1
11
134217728
2000
50
98
0
1
0
1
0
0
1
0
1
2
1
13691
0
1
11
67108864
3000
50
99
0
1
0
1
0
0
1
0
1
2
1
13700
0
1
11
134217728
1000
1000
69
0
1
0
1
0
0
1
0
1
2
1
13730
0
0
9
134217728
4000
1000
1
0
1
0
0
1

0
1
4
4
13758
0
0
9
134217728
1000
500
1
0
1
0
0
1

0
1
4
2
13774
0
0
9
134217728
4000
50
1
0
1
0
0
1

0
1
4
2
13787
0
0
9
268435456
2000
50
1
0
1
0
0
1

0
1
1
1
13791
0
1
11
67108864
1000
1000
95
0
1
0
1
0
0
1
0
1
4
2
13809
0
0
9
67108864
4000
250
1
0
1
0
0
1

0
1
8
8
13826
0
0
9
67108864
2000
500
1
0
1
0
0
1

0
1
8
8
13844
0
0
9
67108864
1000
50
1
0
1
0
0
1

0
1
4
4
13851
0
0
9
268435456
1000
250
1
0
1
0
0
1

0
1
1
1
13854
0
0
9
67108864
2000
100
1
0
1
0
0
1

0
1
2
1
13871
0
0
9
268435456
3000
500
1
0
1
0
0
1

0
1
8
2
13901
0
0
9
67108864
3000
50
1
0
1
0
0
1

0
1
1
1
13912
0
1
12
134217728
1000
1000
79
1
1
0
1
0
0
1
0
0
1
2
1
13924
0
0
9
134217728
3000
250
1
0
1
0
0
1

0
1
1
1
13932
0
1
12
268435456
3000
500
96
1
1
0
1
0
0
1
0
0
1
4
1
13944
0
0
9
268435456
2000
50
1
0
1
0
0
1

0
1
8
4
13962
0
0
9
268435456
2000
250
1
0
1
0
0
1

0
1
2
1
13992
0
0
9
67108864
4000
1000
1
0
1
0
0
1

0
1
4
1
14016
0
0
9
67108864
4000
500
1
0
1
0
0
1

0
1
4
2
14046
0
0
9
268435456
3000
100
1
0
1
0
0
1

0
1
4
2
14052
0
0
9
67108864
4000
500
1
0
1
0
0
1

0
1
1
1
14071
0
0
9
134217728
4000
50
1
0
1
0
0
1

0
1
2
1
14085
0
0
9
67108864
4000
100
1
0
1
0
0
1

0
1
1
1
14088
0
0
9
134217728
3000
1000
1
0
1
0
0
1

0
1
8
1
14097
0
0
9
67108864
1000
50
1
0
1
0
0
1

0
1
4
4
14115
0
0
9
134217728
1000
100
1
0
1
0
0
1

0
1
8
1
14117
0
0
9
268435456
2000
500
1
0
1
0
0
1

0
1
1
1
14133
0
0
9
134217728
1000
250
1
0
1
0
0
1

0
1
2
2
14162
0
0
9
268435456
3000
500
1
0
1
0
0
1

0
1
1
1
14169
0
0
9
268435456
1000
250
1
0
1
0
0
1

0
1
4
2
14192
0
0
9
268435456
2000
50
1
0
1
0
0
1

0
1
4
4
14222
0
0
9
134217728
1000
1000
1
0
1
0
0
1

0
1
4
1
14241
0
0
9
268435456
3000
500
1
0
1
0
0
1

0
1
2
1
14261
0
0
9
268435456
3000
50
1
0
1
0
0
1

0
1
8
4
14267
0
0
9
67108864
3000
50
1
0
1
0
0
1

0
1
4
2
14297
0
0
9
268435456
2000
50
1
0
1
0
0
1

0
1
2
1
14327
0
0
9
268435456
3000
500
1
0
1
0
0
1

0
1
4
2
14339
0
0
9
67108864
4000
50
1
0
1
0
0
1

0
1
2
1
14342
0
0
9
134217728
1000
50
1
0
1
0
0
1

0
1
4
1
14364
0
0
9
268435456
3000
50
1
0
1
0
0
1

0
1
2
1
14394
0
0
9
134217728
2000
1000
1
0
1
0
0
1

0
1
8
8
14407
0
0
9
134217728
1000
1000
1
0
1
0
0
1

0
1
2
1
14413
0
0
9
134217728
1000
50
1
0
1
0
0
1

0
1
8
8
14426
0
0
9
67108864
4000
1000
1
0
1
0
0
1

0
1
8
2
14443
0
0
9
134217728
1000
1000
1
0
1
0
0
1

0
1
2
2
14461
0
0
9
268435456
2000
250
1
0
1
0
0
1

0
1
2
2
14476
0
0
9
134217728
3000
100
1
0
1
0
0
1

0
1
8
8
14490
0
0
9
67108864
2000
1000
1
0
1
0
0
1

0
1
2
1
14501
0
0
9
134217728
2000
250
1
0
1
0
0
1

0
1
2
1
14526
0
0
9
268435456
3000
100
1
0
1
0
0
1

0
1
4
2
14548
0
0
9
134217728
1000
250
1
0
1
0
0
1

0
1
2
1
14555
0
0
9
67108864
1000
1000
1
0
1
0
0
1

0
1
4
1
14583
0
0
9
268435456
1000
250
1
0
1
0
0
1

0
1
4
4
14607
0
0
9
268435456
3000
500
1
0
1
0
0
1

0
1
1
1
14625
0
0
9
268435456
3000
50
1
0
1
0
0
1

0
1
1
1
14629
0
0
9
134217728
2000
250
1
0
1
0
0
1

0
1
8
2
14647
0
0
9
134217728
4000
250
1
0
1
0
0
1

0
1
1
1
14665
0
0
9
67108864
3000
50
1
0
1
0
0
1

0
1
1
1
14680
0
0
9
67108864
1000
250
1
0
1
0
0
1

0
1
4
2
14692
0
0
9
67108864
2000
100
1
0
1
0
0
1

0
1
1
1
14718
0
0
9
67108864
3000
250
1
0
1
0
0
1

0
1
2
1
14722
0
0
9
67108864
4000
50
1
0
1
0
0
1

0
1
1
1
14729
0
0
9
67108864
4000
250
1
0
1
0
0
1

0
1
2
1
14752
0
0
9
134217728
1000
100
1
0
1
0
0
1

0
1
8
4
14763
0
0
9
134217728
2000
100
1
0
1
0
0
1

0
1
1
1
14764
0
0
9
67108864
1000
500
1
0
1
0
0
1

0
1
2
1
14786
0
0
9
134217728
1000
250
1
0
1
0
0
1

0
1
1
1
14812
0
0
9
268435456
3000
500
1
0
1
0
0
1

0
1
2
1
14838
0
0
9
134217728
2000
500
1
0
1
0
0
1

0
1
2
1
14850
0
0
9
134217728
1000
100
1
0
1
0
0
1

0
1
4
4
14852
0
0
9
268435456
3000
500
1
0
1
0
0
1

0
1
1
1
14872
0
0
9
67108864
2000
500
1
0
1
0
0
1

0
1
2
2
14883
0
0
9
67108864
3000
50
1
0
1
0
0
1

0
1
2
1
14893
0
0
9
67108864
3000
50
1
0
1
0
0
1

0
1
1
1
14905
0
0
9
268435456
2000
50
1
0
1
0
0
1

0
1
8
4
14919
0
0
9
268435456
3000
50
1
0
1
0
0
1

0
1
1
1
14924
0
0
9
268435456
3000
250
1
0
1
0
0
1

0
1
8
2
14933
0
0
9
134217728
3000
1000
1
0
1
0
0
1

0
1
8
8
14955
0
0
9
67108864
1000
1000
1
0
1
0
0
1

0
1
8
2
14982
0
0
9
67108864
3000
100
1
0
1
0
0
1

0
1
1
1
14992
0
0
9
67108864
4000
50
1
0
1
0
0
1

0
1
4
2
15002
0
0
9
134217728
2000
500
1
0
1
0
0
1

0
1
2
1
15028
0
0
9
268435456
3000
50
1
0
1
0
0
1

0
1
4
2
15035
0
0
9
134217728
1000
500
1
0
1
0
0
1

0
1
2
1
15043
0
0
9
268435456
1000
500
1
0
1
0
0
1

0
1
2
1
15051
0
0
9
67108864
4000
500
1
0
1
0
0
1

0
1
8
1
15079
0
0
9
134217728
1000
50
1
0
1
0
0
1

0
1
2
1
15106
0
0
9
67108864
4000
250
1
0
1
0
0
1

0
1
1
1
15129
0
0
9
67108864
1000
250
1
0
1
0
0
1

0
1
1
1
15143
0
0
9
268435456
3000
500
1
0
1
0
0
1

0
1
1
1
15147
0
0
9
268435456
1000
50
1
0
1
0
0
1

0
1
4
2
15151
0
0
9
268435456
3000
500
1
0
1
0
0
1

0
1
2
1
15160
0
0
9
67108864
1000
50
1
0
1
0
0
1

0
1
2
2
15162
0
0
9
134217728
2000
1000
1
0
1
0
0
1

0
1
4
2
15180
0
0
9
268435456
3000
500
1
0
1
0
0
1

0
1
2
1
15207
0
0
9
67108864
1000
50
1
0
1
0
0
1

0
1
1
1
15218
0
0
9
268435456
2000
50
1
0
1
0
0
1

0
1
1
1
15225
0
0
9
67108864
2000
50
1
0
1
0
0
1

0
1
1
1
15238
0
0
9
134217728
3000
250
1
0
1
0
0
1

0
1
2
2
15249
0
0
9
134217728
2000
100
1
0
1
0
0
1

0
1
2
1
15279
0
0
9
67108864
2000
250
1
0
1
0
0
1

0
1
8
1
15303
0
0
9
268435456
2000
500
1
0
1
0
0
1

0
1
1
1
15316
0
0
9
268435456
3000
250
1
0
1
0
0
1

0
1
4
1
15324
0
0
9
134217728
3000
50
1
0
1
0
0
1

0
1
1
1
15338
0
0
9
134217728
3000
100
1
0
1
0
0
1

0
1
8
4
15359
0
0
9
134217728
1000
1000
1
0
1
0
0
1

0
1
8
1
15374
0
0
9
67108864
1000
250
1
0
1
0
0
1

0
1
8
8
15396
0
0
9
134217728
3000
100
1
0
1
0
0
1

0
1
8
4
15418
0
0
9
134217728
2000
500
1
0
1
0
0
1

0
1
8
8
15431
0
0
9
67108864
3000
1000
1
0
1
0
0
1

0
1
8
1
15441
0
0
9
67108864
4000
1000
1
0
1
0
0
1

0
1
1
1
15471
0
0
9
67108864
4000
1000
1
0
1
0
0
1

0
1
2
2
15475
0
0
9
134217728
1000
250
1
0
1
0
0
1

0
1
1
1
15494
0
0
9
67108864
1000
250
1
0
1
0
0
1

0
1
8
4
15517
0
0
9
268435456
3000
500
1
0
1
0
0
1

0
1
8
2
15546
0
0
9
67108864
2000
250
1
0
1
0
0
1

0
1
1
1
15565
0
0
9
134217728
1000
500
1
0
1
0
0
1

0
1
8
8
15572
0
0
9
268435456
3000
100
1
0
1
0
0
1

0
1
1
1
15585
0
0
9
67108864
2000
250
1
0
1
0
0
1

0
1
4
2
15604
0
0
9
67108864
4000
250
1
0
1
0
0
1

0
1
8
1
15620
0
0
9
268435456
3000
100
1
0
1
0
0
1

0
1
1
1
15640
0
0
9
268435456
3000
100
1
0
1
0
0
1

0
1
2
2
15669
0
0
9
134217728
4000
500
1
0
1
0
0
1

0
1
8
2
15670
0
0
9
134217728
4000
500
1
0
1
0
0
1

0
1
4
2
15700
0
0
9
268435456
2000
500
1
0
1
0
0
1

0
1
8
8
15717
0
0
9
268435456
1000
500
1
0
1
0
0
1

0
1
8
2
15738
0
0
9
268435456
3000
100
1
0
1
0
0
1

0
1
4
4
15750
0
0
9
268435456
1000
500
1
0
1
0
0
1

0
1
2
1
15757
0
0
9
67108864
2000
250
1
0
1
0
0
1

0
1
2
1
15777
0
0
9
268435456
3000
100
1
0
1
0
0
1

0
1
4
2
15782
0
0
9
268435456
3000
50
1
0
1
0
0
1

0
1
8
4
15798
0
0
9
67108864
4000
50
1
0
1
0
0
1

0
1
8
4
15817
0
0
9
134217728
2000
250
1
0
1
0
0
1

0
1
1
1
15827
0
0
9
268435456
1000
500
1
0
1
0
0
1

0
1
4
2
15837
0
0
9
134217728
1000
500
1
0
1
0
0
1

0
1
2
1
15848
0
0
9
134217728
3000
500
1
0
1
0
0
1

0
1
4
4
15855
0
0
9
268435456
3000
500
1
0
1
0
0
1

0
1
2
2
15861
0
0
9
134217728
4000
500
1
0
1
0
0
1

0
1
4
2
15887
0
0
9
268435456
3000
500
1
0
1
0
0
1

0
1
1
1
15911
0
0
9
134217728
2000
50
1
0
1
0
0
1

0
1
4
2
15921
0
0
9
134217728
4000
100
1
0
1
0
0
1

0
1
2
1
15951
0
0
9
268435456
2000
100
1
0
1
0
0
1

0
1
2
1
15953
0
0
9
268435456
1000
50
1
0
1
0
0
1

0
1
2
1
15963
0
0
9
134217728
2000
100
1
0
1
0
0
1

0
1
2
1
15979
0
0
9
268435456
2000
50
1
0
1
0
0
1

0
1
1
1
16008
0
0
9
67108864
4000
50
1
0
1
0
0
1

0
1
8
8
16034
0
0
9
268435456
2000
100
1
0
1
0
0
1

0
1
1
1
16061
0
0
9
134217728
2000
500
1
0
1
0
0
1

0
1
1
1
16066
0
0
9
67108864
4000
1000
1
0
1
0
0
1

0
1
4
1
16094
0
0
9
268435456
3000
250
1
0
1
0
0
1

0
1
2
1
16118
0
0
9
67108864
3000
100
1
0
1
0
0
1

0
1
8
2
16131
0
0
9
67108864
3000
500
1
0
1
0
0
1

0
1
2
1
16143
0
0
9
67108864
1000
250
1
0
1
0
0
1

0
1
4
2
16148
0
0
9
268435456
2000
100
1
0
1
0
0
1

0
1
2
1
16154
0
0
9
268435456
2000
50
1
0
1
0
0
1

0
1
2
1
16163
0
0
9
67108864
3000
250
1
0
1
0
0
1

0
1
4
1
16183
0
0
9
134217728
2000
50
1
0
1
0
0
1

0
1
8
1
16208
0
0
9
268435456
3000
50
1
0
1
0
0
1

0
1
4
4
16214
0
0
9
134217728
2000
500
1
0
1
0
0
1

0
1
2
1
16238
0
0
9
268435456
3000
500
1
0
1
0
0
1

0
1
1
1
16264
0
0
9
67108864
1000
50
1
0
1
0
0
1

0
1
1
1
16284
0
0
9
134217728
2000
1000
1
0
1
0
0
1

0
1
4
4
16314
0
0
9
268435456
1000
50
1
0
1
0
0
1

0
1
1
1
16317
0
0
9
67108864
1000
100
1
0
1
0
0
1

0
1
8
4
16337
0
0
9
67108864
2000
50
1
0
1
0
0
1

0
1
2
2
16346
0
0
9
134217728
4000
50
1
0
1
0
0
1

0
1
8
4
16351
0
0
9
268435456
3000
500
1
0
1
0
0
1

0
1
2
2
16360
0
0
9
268435456
3000
100
1
0
1
0
0
1

0
1
8
2
16368
0
0
9
67108864
1000
500
1
0
1
0
0
1

0
1
4
2
16395
0
0
9
268435456
3000
50
1
0
1
0
0
1

0
1
4
2
16406
0
0
9
268435456
1000
250
1
0
1
0
0
1

0
1
2
1
16423
0
0
9
134217728
3000
100
1
0
1
0
0
1

0
1
8
8
16437
0
0
9
134217728
4000
50
1
0
1
0
0
1

0
1
8
4
16461
0
0
9
67108864
2000
50
1
0
1
0
0
1

0
1
8
4
16477
0
0
9
67108864
3000
1000
1
0
1
0
0
1

0
1
1
1
16489
0
0
9
67108864
3000
50
1
0
1
0
0
1

0
1
4
4
16506
0
0
9
67108864
1000
250
1
0
1
0
0
1

0
1
2
1
16526
0
0
9
134217728
4000
100
1
0
1
0
0
1

0
1
2
2
16540
0
0
9
67108864
2000
1000
1
0
1
0
0
1

0
1
4
2
16544
0
0
9
134217728
1000
50
1
0
1
0
0
1

0
1
4
4
16563
0
0
9
134217728
1000
500
1
0
1
0
0
1

0
1
8
1
16570
0
0
9
134217728
3000
500
1
0
1
0
0
1

0
1
1
1
16590
0
0
9
268435456
3000
100
1
0
1
0
0
1

0
1
8
2
16594
0
0
9
268435456
3000
50
1
0
1
0
0
1

0
1
2
1
16609
0
0
9
268435456
2000
500
1
0
1
0
0
1

0
1
2
2
16612
0
0
9
67108864
4000
100
1
0
1
0
0
1

0
1
1
1
16630
0
0
9
67108864
3000
250
1
0
1
0
0
1

0
1
1
1
16642
0
0
9
268435456
1000
100
1
0
1
0
0
1

0
1
1
1
16658
0
0
9
268435456
3000
250
1
0
1
0
0
1

0
1
4
2
16679
0
0
9
268435456
1000
100
1
0
1
0
0
1

0
1
1
1
16681
0
0
9
134217728
2000
100
1
0
1
0
0
1

0
1
2
2
16683
0
0
9
134217728
4000
250
1
0
1
0
0
1

0
1
1
1
16694
0
0
9
67108864
4000
250
1
0
1
0
0
1

0
1
4
2
16707
0
0
9
134217728
1000
250
1
0
1
0
0
1

0
1
8
1
16729
0
0
9
268435456
3000
100
1
0
1
0
0
1

0
1
1
1
16730
0
0
9
268435456
3000
100
1
0
1
0
0
1

0
1
4
2
16756
0
0
9
268435456
3000
250
1
0
1
0
0
1

0
1
8
4
16773
0
0
9
134217728
1000
50
1
0
1
0
0
1

0
1
4
2
16794
0
0
9
67108864
1000
1000
1
0
1
0
0
1

0
1
1
1
16817
0
0
9
134217728
1000
1000
1
0
1
0
0
1

0
1
4
1
16845
0
0
9
134217728
3000
1000
1
0
1
0
0
1

0
1
1
1
16849
0
0
9
134217728
2000
50
1
0
1
0
0
1

0
1
4
2
16854
0
0
9
134217728
4000
100
1
0
1
0
0
1

0
1
1
1
16862
0
0
9
134217728
1000
100
1
0
1
0
0
1

0
1
4
2
16891
0
0
9
67108864
3000
500
1
0
1
0
0
1

0
1
4
2
16895
0
0
9
134217728
4000
250
1
0
1
0
0
1

0
1
4
2
16925
0
0
9
67108864
3000
250
1
0
1
0
0
1

0
1
2
2
16944
0
0
9
268435456
2000
100
1
0
1
0
0
1

0
1
1
1
16962
0
0
9
67108864
1000
500
1
0
1
0
0
1

0
1
1
1
16990
0
0
9
67108864
2000
1000
1
0
1
0
0
1

0
1
4
2
17017
0
0
9
67108864
3000
50
1
0
1
0
0
1

0
1
1
1
17022
0
0
9
67108864
3000
50
1
0
1
0
0
1

0
1
2
1
17044
0
0
9
134217728
2000
50
1
0
1
0
0
1

0
1
8
1
17057
0
0
9
268435456
2000
500
1
0
1
0
0
1

0
1
8
2
17082
0
0
9
268435456
1000
250
1
0
1
0
0
1

0
1
8
2
17097
0
0
9
134217728
4000
50
1
0
1
0
0
1

0
1
1
1
17126
0
0
9
134217728
4000
250
1
0
1
0
0
1

0
1
8
4
17149
0
0
9
67108864
4000
50
1
0
1
0
0
1

0
1
1
1
17150
0
0
9
134217728
4000
1000
1
0
1
0
0
1

0
1
4
2
17170
0
0
9
134217728
3000
100
1
0
1
0
0
1

0
1
8
4
17200
0
0
9
268435456
3000
500
1
0
1
0
0
1

0
1
2
1
17211
0
0
9
67108864
3000
50
1
0
1
0
0
1

0
1
2
2
17224
0
0
9
134217728
3000
1000
1
0
1
0
0
1

0
1
8
8
17227
0
0
9
268435456
2000
500
1
0
1
0
0
1

0
1
1
1
17240
0
0
9
134217728
3000
1000
1
0
1
0
0
1

0
1
4
2
17258
0
0
9
67108864
4000
100
1
0
1
0
0
1

0
1
4
2
17268
0
0
9
67108864
4000
500
1
0
1
0
0
1

0
1
8
8
17296
0
0
9
67108864
2000
50
1
0
1
0
0
1

0
1
2
2
17316
0
0
9
134217728
3000
250
1
0
1
0
0
1

0
1
1
1
17321
0
0
9
134217728
1000
100
1
0
1
0
0
1

0
1
2
2
17331
0
0
9
268435456
3000
500
1
0
1
0
0
1

0
1
1
1
17359
0
0
9
134217728
2000
250
1
0
1
0
0
1

0
1
1
1
17380
0
0
9
134217728
3000
1000
1
0
1
0
0
1

0
1
8
1
17408
0
0
9
134217728
3000
100
1
0
1
0
0
1

0
1
8
4
17438
0
0
9
134217728
3000
250
1
0
1
0
0
1

0
1
2
1
17461
0
0
9
268435456
1000
100
1
0
1
0
0
1

0
1
2
1
17465
0
0
9
67108864
4000
1000
1
0
1
0
0
1

0
1
4
4
17468
0
0
9
134217728
4000
50
1
0
1
0
0
1

0
1
8
2
17483
0
0
9
134217728
3000
50
1
0
1
0
0
1

0
1
4
1
17504
0
0
9
268435456
3000
500
1
0
1
0
0
1

0
1
4
1
17507
0
0
9
134217728
3000
1000
1
0
1
0
0
1

0
1
8
8
17515
0
0
9
268435456
1000
50
1
0
1
0
0
1

0
1
8
4
17527
0
0
9
268435456
2000
500
1
0
1
0
0
1

0
1
4
4
17541
0
0
9
268435456
3000
100
1
0
1
0
0
1

0
1
2
1
17570
0
0
9
134217728
1000
250
1
0
1
0
0
1

0
1
1
1
17576
0
0
9
268435456
3000
500
1
0
1
0
0
1

0
1
4
2
17589
0
0
9
134217728
1000
250
1
0
1
0
0
1

0
1
4
2
17617
0
0
9
67108864
1000
500
1
0
1
0
0
1

0
1
1
1
17646
0
0
9
134217728
1000
500
1
0
1
0
0
1

0
1
4
4
17657
0
0
9
268435456
3000
500
1
0
1
0
0
1

0
1
1
1
17679
0
0
9
67108864
3000
100
1
0
1
0
0
1

0
1
8
4
17699
0
0
9
134217728
2000
50
1
0
1
0
0
1

0
1
1
1
17710
0
0
9
268435456
3000
50
1
0
1
0
0
1

0
1
8
1
17714
0
0
9
268435456
2000
100
1
0
1
0
0
1

0
1
1
1
17737
0
0
9
268435456
1000
100
1
0
1
0
0
1

0
1
8
1
17738
0
0
9
67108864
4000
500
1
0
1
0
0
1

0
1
8
2
17761
0
0
9
134217728
4000
250
1
0
1
0
0
1

0
1
1
1
17775
0
0
9
268435456
3000
250
1
0
1
0
0
1

0
1
4
4
17781
0
0
9
67108864
1000
100
1
0
1
0
0
1

0
1
8
1
17798
0
0
9
134217728
4000
50
1
0
1
0
0
1

0
1
4
1
17810
0
0
9
134217728
3000
1000
1
0
1
0
0
1

0
1
8
8
17816
0
0
9
134217728
1000
1000
1
0
1
0
0
1

0
1
2
1
17838
0
0
9
134217728
1000
50
1
0
1
0
0
1

0
1
8
4
17842
0
0
9
67108864
3000
500
1
0
1
0
0
1

0
1
2
1
17870
0
0
9
268435456
3000
50
1
0
1
0
0
1

0
1
2
1
17876
0
0
9
268435456
2000
250
1
0
1
0
0
1

0
1
2
2
17902
0
0
9
67108864
2000
1000
1
0
1
0
0
1

0
1
1
1
17931
0
0
9
67108864
4000
100
1
0
1
0
0
1

0
1
1
1
17952
0
0
9
268435456
2000
100
1
0
1
0
0
1

0
1
4
2
17955
0
0
9
67108864
2000
500
1
0
1
0
0
1

0
1
1
1
17978
0
0
9
67108864
4000
100
1
0
1
0
0
1

0
1
4
4
18001
0
0
9
67108864
2000
500
1
0
1
0
0
1

0
1
1
1
18004
0
0
9
134217728
4000
250
1
0
1
0
0
1

0
1
2
1
18017
0
0
9
134217728
4000
1000
1
0
1
0
0
1

0
1
1
1
18028
0
0
9
134217728
1000
1000
1
0
1
0
0
1

0
1
2
1
18049
0
0
9
134217728
4000
500
1
0
1
0
0
1

0
1
2
1
18062
0
0
9
67108864
4000
50
1
0
1
0
0
1

0
1
2
1
18073
0
0
9
67108864
1000
100
1
0
1
0
0
1

0
1
2
2
18084
0
0
9
134217728
2000
500
1
0
1
0
0
1

0
1
1
1
18085
0
0
9
134217728
2000
250
1
0
1
0
0
1

0
1
1
1
18098
0
0
9
134217728
2000
500
1
0
1
0
0
1

0
1
4
1
18109
0
0
9
67108864
1000
1000
1
0
1
0
0
1

0
1
8
4
18121
0
0
9
67108864
2000
1000
1
0
1
0
0
1

0
1
1
1
18123
0
0
9
268435456
2000
50
1
0
1
0
0
1

0
1
2
2
18134
0
0
9
134217728
4000
1000
1
0
1
0
0
1

0
1
1
1
18137
0
0
9
268435456
2000
500
1
0
1
0
0
1

0
1
2
1
18164
0
0
9
268435456
3000
50
1
0
1
0
0
1

0
1
4
1
18166
0
0
9
67108864
2000
250
1
0
1
0
0
1

0
1
8
1
18182
0
0
9
67108864
1000
250
1
0
1
0
0
1

0
1
4
2
18200
0
0
9
67108864
2000
1000
1
0
1
0
0
1

0
1
4
2
18211
0
0
9
268435456
1000
250
1
0
1
0
0
1

0
1
8
8
18221
0
0
9
268435456
3000
250
1
0
1
0
0
1

0
1
4
2
18224
0
0
9
67108864
3000
250
1
0
1
0
0
1

0
1
8
1
18236
0
0
9
268435456
1000
100
1
0
1
0
0
1

0
1
1
1
18242
0
0
9
67108864
4000
250
1
0
1
0
0
1

0
1
4
4
18245
0
0
9
67108864
1000
250
1
0
1
0
0
1

0
1
4
1
18262
0
0
9
134217728
3000
500
1
0
1
0
0
1

0
1
2
1
18283
0
0
9
134217728
1000
100
1
0
1
0
0
1

0
1
1
1
18298
0
0
9
134217728
4000
100
1
0
1
0
0
1

0
1
2
1
18323
0
0
9
67108864
4000
500
1
0
1
0
0
1

0
1
8
1
18327
0
0
9
134217728
3000
100
1
0
1
0
0
1

0
1
8
2
18341
0
0
9
134217728
4000
500
1
0
1
0
0
1

0
1
8
1
18350
0
0
9
268435456
1000
100
1
0
1
0
0
1

0
1
4
2
18352
0
0
9
268435456
2000
500
1
0
1
0
0
1

0
1
4
1
18376
0
0
9
67108864
2000
50
1
0
1
0
0
1

0
1
1
1
18379
0
0
9
134217728
2000
1000
1
0
1
0
0
1

0
1
8
4
18408
0
0
9
67108864
1000
1000
1
0
1
0
0
1

0
1
4
4
18420
0
0
9
134217728
3000
50
1
0
1
0
0
1

0
1
4
2
18434
0
0
9
268435456
2000
50
1
0
1
0
0
1

0
1
1
1
18449
0
0
9
67108864
4000
100
1
0
1
0
0
1

0
1
4
4
18474
0
0
9
134217728
2000
500
1
0
1
0
0
1

0
1
1
1
18497
0
0
9
268435456
3000
500
1
0
1
0
0
1

0
1
8
1
18523
0
0
9
67108864
3000
100
1
0
1
0
0
1

0
1
1
1
18539
0
0
9
67108864
3000
500
1
0
1
0
0
1

0
1
2
1
18562
0
0
9
67108864
1000
250
1
0
1
0
0
1

0
1
2
1
18592
0
0
9
67108864
1000
500
1
0
1
0
0
1

0
1
2
1
18595
0
0
9
268435456
3000
250
1
0
1
0
0
1

0
1
8
2
18620
0
0
9
67108864
2000
500
1
0
1
0
0
1

0
1
4
4
18629
0
0
9
268435456
1000
500
1
0
1
0
0
1

0
1
2
2
18631
0
0
9
268435456
1000
100
1
0
1
0
0
1

0
1
8
1
18635
0
0
9
134217728
3000
250
1
0
1
0
0
1

0
1
1
1
18654
0
0
9
134217728
4000
500
1
0
1
0
0
1

0
1
8
8
18674
0
0
9
134217728
3000
100
1
0
1
0
0
1

0
1
1
1
18702
0
0
9
268435456
1000
50
1
0
1
0
0
1

0
1
2
1
18720
0
0
9
67108864
2000
500
1
0
1
0
0
1

0
1
1
1
18727
0
0
9
67108864
4000
250
1
0
1
0
0
1

0
1
1
1
18756
0
0
9
134217728
3000
100
1
0
1
0
0
1

0
1
2
2
18780
0
0
9
67108864
4000
50
1
0
1
0
0
1

0
1
1
1
18808
0
0
9
268435456
3000
500
1
0
1
0
0
1

0
1
2
1
18829
0
0
9
268435456
3000
250
1
0
1
0
0
1

0
1
1
1
18840
0
0
9
268435456
3000
50
1
0
1
0
0
1

0
1
8
2
18855
0
0
9
268435456
2000
500
1
0
1
0
0
1

0
1
2
1
18859
0
0
9
67108864
4000
500
1
0
1
0
0
1

0
1
1
1
18870
0
0
9
134217728
4000
100
1
0
1
0
0
1

0
1
1
1
18896
0
0
9
268435456
3000
50
1
0
1
0
0
1

0
1
8
8
18898
0
0
9
268435456
1000
100
1
0
1
0
0
1

0
1
2
1
18925
0
0
9
67108864
4000
100
1
0
1
0
0
1

0
1
4
2
18949
0
0
9
134217728
2000
500
1
0
1
0
0
1

0
1
4
2
18950
0
0
9
67108864
3000
1000
1
0
1
0
0
1

0
1
4
2
18957
0
0
9
268435456
3000
100
1
0
1
0
0
1

0
1
4
4
18959
0
0
9
67108864
2000
500
1
0
1
0
0
1

0
1
1
1
18987
0
0
9
67108864
4000
100
1
0
1
0
0
1

0
1
2
1
19012
0
0
9
67108864
1000
50
1
0
1
0
0
1

0
1
2
1
19024
0
0
9
268435456
3000
250
1
0
1
0
0
1

0
1
2
1
19034
0
0
9
268435456
3000
50
1
0
1
0
0
1

0
1
8
8
19053
0
0
9
134217728
3000
100
1
0
1
0
0
1

0
1
2
1
19062
0
0
9
134217728
3000
500
1
0
1
0
0
1

0
1
4
2
19067
0
0
9
134217728
2000
250
1
0
1
0
0
1

0
1
4
1
19076
0
0
9
134217728
2000
250
1
0
1
0
0
1

0
1
8
8
19080
0
0
9
67108864
3000
100
1
0
1
0
0
1

0
1
8
8
19081
0
0
9
67108864
4000
1000
1
0
1
0
0
1

0
1
1
1
19110
0
0
9
268435456
3000
500
1
0
1
0
0
1

0
1
8
4
19138
0
0
9
67108864
4000
250
1
0
1
0
0
1

0
1
2
2
19166
0
0
9
268435456
1000
100
1
0
1
0
0
1

0
1
2
2
19172
0
0
9
268435456
1000
500
1
0
1
0
0
1

0
1
2
2
19187
0
0
9
67108864
3000
500
1
0
1
0
0
1

0
1
8
2
19214
0
0
9
268435456
1000
500
1
0
1
0
0
1

0
1
4
1
19223
0
0
9
134217728
4000
1000
1
0
1
0
0
1

0
1
4
2
19234
0
0
9
134217728
3000
250
1
0
1
0
0
1

0
1
4
1
19242
0
0
9
268435456
3000
50
1
0
1
0
0
1

0
1
4
2
19266
0
0
9
134217728
4000
250
1
0
1
0
0
1

0
1
4
2
19278
0
0
9
67108864
3000
500
1
0
1
0
0
1

0
1
8
8
19301
0
0
9
134217728
1000
50
1
0
1
0
0
1

0
1
2
2
19315
0
0
9
134217728
2000
250
1
0
1
0
0
1

0
1
2
1
19317
0
0
9
268435456
1000
50
1
0
1
0
0
1

0
1
8
2
19339
0
0
9
67108864
2000
50
1
0
1
0
0
1

0
1
4
1
19344
0
0
9
268435456
3000
500
1
0
1
0
0
1

0
1
2
1
19367
0
0
9
67108864
3000
500
1
0
1
0
0
1

0
1
1
1
19374
0
0
9
134217728
3000
50
1
0
1
0
0
1

0
1
2
1
19403
0
0
9
268435456
3000
50
1
0
1
0
0
1

0
1
4
2
19420
0
0
9
268435456
3000
250
1
0
1
0
0
1

0
1
1
1
19435
0
0
9
67108864
3000
100
1
0
1
0
0
1

0
1
2
1
19441
0
0
9
67108864
2000
100
1
0
1
0
0
1

0
1
2
1
19453
0
0
9
268435456
3000
500
1
0
1
0
0
1

0
1
1
1
19463
0
0
9
67108864
4000
100
1
0
1
0
0
1

0
1
2
1
19466
0
0
9
268435456
1000
100
1
0
1
0
0
1

0
1
8
1
19486
0
0
9
268435456
2000
50
1
0
1
0
0
1

0
1
1
1
19503
0
0
9
67108864
2000
250
1
0
1
0
0
1

0
1
1
1
19504
0
0
9
134217728
4000
1000
1
0
1
0
0
1

0
1
1
1
19521
0
0
9
67108864
3000
250
1
0
1
0
0
1

0
1
8
4
19533
0
0
9
268435456
1000
250
1
0
1
0
0
1

0
1
8
1
19545
0
0
9
268435456
3000
500
1
0
1
0
0
1

0
1
8
8
19566
0
0
9
67108864
1000
100
1
0
1
0
0
1

0
1
1
1
19575
0
0
9
67108864
1000
100
1
0
1
0
0
1

0
1
8
1
19582
0
0
9
134217728
1000
500
1
0
1
0
0
1

0
1
2
1
19599
0
0
9
268435456
3000
50
1
0
1
0
0
1

0
1
4
1
19624
0
0
9
134217728
4000
1000
1
0
1
0
0
1

0
1
8
2
19636
0
0
9
67108864
3000
250
1
0
1
0
0
1

0
1
4
1
19661
0
0
9
67108864
3000
50
1
0
1
0
0
1

0
1
8
4
19690
0
0
9
268435456
1000
500
1
0
1
0
0
1

0
1
4
2
19711
0
0
9
67108864
2000
250
1
0
1
0
0
1

0
1
4
1
19719
0
0
9
268435456
3000
100
1
0
1
0
0
1

0
1
8
4
19727
0
0
9
67108864
3000
50
1
0
1
0
0
1

0
1
2
1
19746
0
0
9
67108864
2000
250
1
0
1
0
0
1

0
1
2
1
19767
0
0
9
67108864
4000
250
1
0
1
0
0
1

0
1
2
1
19781
0
0
9
134217728
4000
1000
1
0
1
0
0
1

0
1
4
2
19802
0
0
9
268435456
1000
250
1
0
1
0
0
1

0
1
8
4
19826
0
0
9
134217728
1000
500
1
0
1
0
0
1

0
1
2
1
19850
0
0
9
268435456
3000
100
1
0
1
0
0
1

0
1
4
2
19863
0
0
9
67108864
3000
100
1
0
1
0
0
1

0
1
8
2
19881
0
0
9
268435456
1000
50
1
0
1
0
0
1

0
1
4
1
19894
0
0
9
134217728
3000
500
1
0
1
0
0
1

0
1
8
4
19896
0
0
9
134217728
3000
1000
1
0
1
0
0
1

0
1
8
8
19904
0
0
9
67108864
1000
1000
1
0
1
0
0
1

0
1
2
1
19921
0
0
9
134217728
1000
250
1
0
1
0
0
1

0
1
1
1
19926
0
0
9
134217728
2000
1000
1
0
1
0
0
1

0
1
4
1
19955
0
0
9
268435456
1000
50
1
0
1
0
0
1

0
1
8
4
19962
0
0
9
67108864
4000
250
1
0
1
0
0
1

0
1
4
4
19972
0
0
9
268435456
1000
100
1
0
1
0
0
1

0
1
2
1
19976
0
0
9
268435456
3000
500
1
0
1
0
0
1

0
1
8
8
19983
0
0
9
268435456
2000
50
1
0
1
0
0
1

0
1
8
8
19990
0
0
9
268435456
1000
500
1
0
1
0
0
1

0
1
1
1
20003
0
0
9
268435456
3000
250
1
0
1
0
0
1

0
1
4
2
20026
0
0
9
268435456
3000
100
1
0
1
0
0
1

0
1
4
1
20029
0
0
9
67108864
2000
500
1
0
1
0
0
1

0
1
2
1
20035
0
0
9
67108864
3000
100
1
0
1
0
0
1

0
1
2
2
20047
0
0
9
268435456
2000
250
1
0
1
0
0
1

0
1
4
2
20055
0
0
9
268435456
3000
500
1
0
1
0
0
1

0
1
2
1
20057
0
0
9
268435456
3000
500
1
0
1
0
0
1

0
1
4
2
20086
0
0
9
268435456
1000
50
1
0
1
0
0
1

0
1
2
1
20089
0
0
9
268435456
1000
250
1
0
1
0
0
1

0
1
4
2
20116
0
0
9
67108864
3000
50
1
0
1
0
0
1

0
1
2
1
20143
0
0
9
268435456
1000
250
1
0
1
0
0
1

0
1
8
8
20151
0
0
9
134217728
1000
100
1
0
1
0
0
1

0
1
1
1
20167
0
0
9
268435456
3000
500
1
0
1
0
0
1

0
1
2
1
20171
0
0
9
67108864
2000
250
1
0
1
0
0
1

0
1
4
4
20186
0
0
9
268435456
3000
500
1
0
1
0
0
1

0
1
2
2
20204
0
0
9
268435456
2000
500
1
0
1
0
0
1

0
1
4
1
20233
0
0
9
268435456
2000
100
1
0
1
0
0
1

0
1
4
1
20259
0
0
9
134217728
4000
500
1
0
1
0
0
1

0
1
4
4
20271
0
0
9
67108864
4000
250
1
0
1
0
0
1

0
1
8
8
20291
0
0
9
134217728
1000
50
1
0
1
0
0
1

0
1
4
1
20293
0
0
9
134217728
4000
250
1
0
1
0
0
1

0
1
2
1
20313
0
0
9
268435456
1000
250
1
0
1
0
0
1

0
1
2
1
20315
0
0
9
67108864
1000
100
1
0
1
0
0
1

0
1
1
1
20338
0
0
9
67108864
4000
500
1
0
1
0
0
1

0
1
4
4
20354
0
0
9
67108864
2000
100
1
0
1
0
0
1

0
1
1
1
20364
0
0
9
268435456
2000
50
1
0
1
0
0
1

0
1
8
1
20376
0
0
9
67108864
1000
250
1
0
1
0
0
1

0
1
2
2
20378
0
0
9
67108864
3000
100
1
0
1
0
0
1

0
1
8
4
20402
0
0
9
67108864
2000
100
1
0
1
0
0
1

0
1
4
2
20417
0
0
9
67108864
3000
50
1
0
1
0
0
1

0
1
1
1
20431
0
0
9
67108864
2000
250
1
0
1
0
0
1

0
1
8
2
20449
0
0
9
134217728
2000
500
1
0
1
0
0
1

0
1
1
1
20450
0
0
9
67108864
3000
500
1
0
1
0
0
1

0
1
2
1
20464
0
0
9
268435456
1000
50
1
0
1
0
0
1

0
1
1
1
20494
0
0
9
268435456
3000
50
1
0
1
0
0
1

0
1
2
1
20518
0
0
9
134217728
1000
1000
1
0
1
0
0
1

0
1
8
4
20525
0
0
9
67108864
4000
250
1
0
1
0
0
1

0
1
4
4
20553
0
0
9
268435456
3000
100
1
0
1
0
0
1

0
1
4
1
20562
0
0
9
134217728
1000
250
1
0
1
0
0
1

0
1
4
2
20563
0
0
9
268435456
3000
250
1
0
1
0
0
1

0
1
8
2
20586
0
0
9
67108864
4000
1000
1
0
1
0
0
1

0
1
4
2
20606
0
0
9
67108864
4000
1000
1
0
1
0
0
1

0
1
1
1
20626
0
0
9
67108864
1000
1000
1
0
1
0
0
1

0
1
2
2
20648
0
0
9
268435456
3000
500
1
0
1
0
0
1

0
1
4
2
20652
0
0
9
268435456
3000
500
1
0
1
0
0
1

0
1
2
1
20658
0
0
9
134217728
3000
50
1
0
1
0
0
1

0
1
1
1
20667
0
0
9
67108864
4000
500
1
0
1
0
0
1

0
1
2
1
20675
0
0
9
268435456
3000
50
1
0
1
0
0
1

0
1
4
2
20699
0
0
9
268435456
3000
500
1
0
1
0
0
1

0
1
1
1
20701
0
0
9
67108864
1000
1000
1
0
1
0
0
1

0
1
2
2
20707
0
0
9
268435456
3000
500
1
0
1
0
0
1

0
1
4
2
20718
0
0
9
134217728
3000
100
1
0
1
0
0
1

0
1
8
4
20745
0
0
9
67108864
4000
500
1
0
1
0
0
1

0
1
4
4
20767
0
0
9
268435456
1000
50
1
0
1
0
0
1

0
1
8
4
20786
0
0
9
67108864
1000
500
1
0
1
0
0
1

0
1
8
1
20794
0
0
9
67108864
3000
100
1
0
1
0
0
1

0
1
4
1
20806
0
0
9
134217728
2000
100
1
0
1
0
0
1

0
1
8
1
20816
0
0
9
134217728
1000
1000
1
0
1
0
0
1

0
1
1
1
20826
0
0
9
134217728
1000
250
1
0
1
0
0
1

0
1
4
2
20832
0
0
9
268435456
1000
500
1
0
1
0
0
1

0
1
2
1
20849
0
0
9
268435456
1000
100
1
0
1
0
0
1

0
1
2
2
20863
0
0
9
134217728
1000
500
1
0
1
0
0
1

0
1
2
1
20873
0
0
9
67108864
2000
250
1
0
1
0
0
1

0
1
4
2
20876
0
0
9
268435456
2000
250
1
0
1
0
0
1

0
1
4
2
20893
0
0
9
67108864
2000
100
1
0
1
0
0
1

0
1
2
1
20918
0
0
9
134217728
2000
1000
1
0
1
0
0
1

0
1
1
1
20939
0
0
9
67108864
4000
250
1
0
1
0
0
1

0
1
1
1
20961
0
0
9
268435456
2000
250
1
0
1
0
0
1

0
1
2
2
20978
0
0
9
134217728
4000
1000
1
0
1
0
0
1

0
1
8
2
20996
0
0
9
268435456
3000
100
1
0
1
0
0
1

0
1
1
1
20999
0
0
9
268435456
3000
500
1
0
1
0
0
1

0
1
2
2
21000
0
0
9
67108864
1000
100
1
0
1
0
0
1

0
1
4
2
21015
0
0
9
268435456
1000
50
1
0
1
0
0
1

0
1
1
1
21027
0
0
9
67108864
2000
250
1
0
1
0
0
1

0
1
4
1
21043
0
0
9
134217728
3000
1000
1
0
1
0
0
1

0
1
2
1
21047
0
0
9
67108864
1000
50
1
0
1
0
0
1

0
1
4
1
21052
0
0
9
134217728
1000
50
1
0
1
0
0
1

0
1
4
2
21061
0
0
9
67108864
2000
100
1
0
1
0
0
1

0
1
8
4
21062
0
0
9
134217728
4000
500
1
0
1
0
0
1

0
1
8
1
21085
0
0
9
134217728
3000
250
1
0
1
0
0
1

0
1
8
2
21104
0
0
9
67108864
2000
50
1
0
1
0
0
1

0
1
2
1
21108
0
0
9
67108864
4000
250
1
0
1
0
0
1

0
1
4
2
21132
0
0
9
134217728
3000
1000
1
0
1
0
0
1

0
1
8
1
21159
0
0
9
67108864
1000
500
1
0
1
0
0
1

0
1
2
1
21186
0
0
9
268435456
3000
250
1
0
1
0
0
1

0
1
4
4
21202
0
0
9
67108864
4000
500
1
0
1
0
0
1

0
1
4
4
21211
0
0
9
67108864
1000
100
1
0
1
0
0
1

0
1
4
2
21236
0
0
9
268435456
2000
500
1
0
1
0
0
1

0
1
8
4
21241
0
0
9
134217728
3000
50
1
0
1
0
0
1

0
1
8
4
21260
0
0
9
67108864
1000
1000
1
0
1
0
0
1

0
1
1
1
21268
0
0
9
67108864
4000
250
1
0
1
0
0
1

0
1
1
1
21275
0
0
9
67108864
3000
50
1
0
1
0
0
1

0
1
1
1
21301
0
0
9
134217728
2000
500
1
0
1
0
0
1

0
1
8
2
21302
0
0
9
134217728
4000
100
1
0
1
0
0
1

0
1
4
2
21306
0
0
9
134217728
1000
500
1
0
1
0
0
1

0
1
4
2
21318
0
0
9
134217728
3000
100
1
0
1
0
0
1

0
1
1
1
21345
0
0
9
268435456
3000
500
1
0
1
0
0
1

0
1
4
1
21357
0
0
9
268435456
3000
100
1
0
1
0
0
1

0
1
1
1
21387
0
0
9
268435456
3000
250
1
0
1
0
0
1

0
1
4
1
21417
0
0
9
268435456
1000
500
1
0
1
0
0
1

0
1
8
8
21440
0
0
9
268435456
1000
50
1
0
1
0
0
1

0
1
2
1
21443
0
0
9
268435456
3000
250
1
0
1
0
0
1

0
1
4
2
21451
0
0
9
134217728
3000
250
1
0
1
0
0
1

0
1
2
1
21462
0
0
9
67108864
4000
500
1
0
1
0
0
1

0
1
1
1
21480
0
0
9
67108864
4000
250
1
0
1
0
0
1

0
1
4
4
21497
0
0
9
67108864
1000
500
1
0
1
0
0
1

0
1
2
1
21504
0
0
9
268435456
2000
500
1
0
1
0
0
1

0
1
2
1
21531
0
0
9
134217728
4000
1000
1
0
1
0
0
1

0
1
2
1
21549
0
0
9
268435456
2000
250
1
0
1
0
0
1

0
1
1
1
21572
0
0
9
67108864
1000
100
1
0
1
0
0
1

0
1
1
1
21573
0
0
9
134217728
2000
250
1
0
1
0
0
1

0
1
8
8
21601
0
0
9
134217728
1000
50
1
0
1
0
0
1

0
1
1
1
21612
0
0
9
268435456
3000
500
1
0
1
0
0
1

0
1
2
1
21630
0
0
9
268435456
3000
500
1
0
1
0
0
1

0
1
4
2
21660
0
0
9
134217728
4000
500
1
0
1
0
0
1

0
1
2
1
21663
0
0
9
268435456
3000
250
1
0
1
0
0
1

0
1
1
1
21693
0
0
9
67108864
1000
100
1
0
1
0
0
1

0
1
8
8
21719
0
0
9
67108864
1000
250
1
0
1
0
0
1

0
1
1
1
21747
0
0
9
134217728
2000
250
1
0
1
0
0
1

0
1
8
1
21770
0
0
9
268435456
1000
250
1
0
1
0
0
1

0
1
4
1
21792
0
0
9
67108864
4000
50
1
0
1
0
0
1

0
1
4
1
21806
0
0
9
268435456
2000
500
1
0
1
0
0
1

0
1
2
2
21821
0
0
9
268435456
2000
500
1
0
1
0
0
1

0
1
2
2
21838
0
0
9
67108864
3000
250
1
0
1
0
0
1

0
1
1
1
21857
0
0
9
268435456
3000
250
1
0
1
0
0
1

0
1
1
1
21881
0
0
9
268435456
2000
500
1
0
1
0
0
1

0
1
8
1
21902
0
0
9
134217728
2000
100
1
0
1
0
0
1

0
1
2
1
21931
0
0
9
134217728
3000
250
1
0
1
0
0
1

0
1
4
2
21956
0
0
9
134217728
4000
250
1
0
1
0
0
1

0
1
1
1
21959
0
0
9
67108864
4000
500
1
0
1
0
0
1

0
1
1
1
21979
0
0
9
268435456
3000
100
1
0
1
0
0
1

0
1
8
4
21984
0
0
9
67108864
1000
500
1
0
1
0
0
1

0
1
1
1
21994
0
0
9
134217728
1000
250
1
0
1
0
0
1

0
1
2
1
22018
0
0
9
134217728
1000
50
1
0
1
0
0
1

0
1
1
1
22027
0
0
9
67108864
4000
1000
1
0
1
0
0
1

0
1
8
4
22033
0
0
9
67108864
3000
1000
1
0
1
0
0
1

0
1
4
2
22057
0
0
9
67108864
1000
1000
1
0
1
0
0
1

0
1
2
2
22066
0
0
9
134217728
1000
250
1
0
1
0
0
1

0
1
8
1
22091
0
0
9
268435456
1000
500
1
0
1
0
0
1

0
1
4
1
22096
0
0
9
268435456
2000
250
1
0
1
0
0
1

0
1
8
4
22099
0
0
9
134217728
2000
1000
1
0
1
0
0
1

0
1
4
2
22105
0
0
9
268435456
3000
100
1
0
1
0
0
1

0
1
1
1
22112
0
0
9
67108864
1000
500
1
0
1
0
0
1

0
1
1
1
22123
0
0
9
268435456
3000
500
1
0
1
0
0
1

0
1
2
1
22126
0
0
9
67108864
1000
50
1
0
1
0
0
1

0
1
1
1
22140
0
0
9
268435456
2000
250
1
0
1
0
0
1

0
1
4
2
22168
0
0
9
67108864
4000
100
1
0
1
0
0
1

0
1
2
2
22191
0
0
9
268435456
3000
50
1
0
1
0
0
1

0
1
2
2
22192
0
0
9
67108864
3000
500
1
0
1
0
0
1

0
1
1
1
22202
0
0
9
268435456
1000
50
1
0
1
0
0
1

0
1
8
1
22228
0
0
9
268435456
1000
100
1
0
1
0
0
1

0
1
8
1
22245
0
0
9
67108864
3000
500
1
0
1
0
0
1

0
1
1
1
22247
0
0
9
134217728
3000
100
1
0
1
0
0
1

0
1
8
2
22273
0
0
9
134217728
3000
1000
1
0
1
0
0
1

0
1
1
1
22299
0
0
9
268435456
3000
100
1
0
1
0
0
1

0
1
8
1
22324
0
0
9
67108864
4000
500
1
0
1
0
0
1

0
1
2
2
22351
0
0
9
67108864
1000
500
1
0
1
0
0
1

0
1
1
1
22368
0
0
9
134217728
1000
500
1
0
1
0
0
1

0
1
8
1
22390
0
0
9
134217728
1000
100
1
0
1
0
0
1

0
1
4
1
22414
0
0
9
268435456
3000
500
1
0
1
0
0
1

0
1
2
2
22442
0
0
9
268435456
3000
500
1
0
1
0
0
1

0
1
2
1
22451
0
0
9
67108864
4000
250
1
0
1
0
0
1

0
1
1
1
22458
0
0
9
67108864
4000
50
1
0
1
0
0
1

0
1
1
1
22479
0
0
9
134217728
4000
500
1
0
1
0
0
1

0
1
8
4
22507
0
0
9
67108864
3000
500
1
0
1
0
0
1

0
1
8
8
22527
0
0
9
134217728
1000
50
1
0
1
0
0
1

0
1
1
1
22540
0
0
9
268435456
3000
250
1
0
1
0
0
1

0
1
1
1
22558
0
0
9
268435456
3000
500
1
0
1
0
0
1

0
1
2
1
22567
0
0
9
134217728
2000
250
1
0
1
0
0
1

0
1
8
1
22576
0
0
9
134217728
1000
500
1
0
1
0
0
1

0
1
1
1
22587
0
0
9
268435456
1000
100
1
0
1
0
0
1

0
1
2
1
22613
0
0
9
268435456
3000
500
1
0
1
0
0
1

0
1
1
1
22622
0
0
9
134217728
3000
50
1
0
1
0
0
1

0
1
8
1
22639
0
0
9
134217728
4000
500
1
0
1
0
0
1

0
1
2
1
22647
0
0
9
67108864
2000
50
1
0
1
0
0
1

0
1
1
1
22651
0
0
9
268435456
3000
500
1
0
1
0
0
1

0
1
4
2
22659
0
0
9
67108864
4000
500
1
0
1
0
0
1

0
1
2
2
22667
0
0
9
134217728
4000
250
1
0
1
0
0
1

0
1
4
1
22669
0
0
9
134217728
3000
500
1
0
1
0
0
1

0
1
4
1
22671
0
0
9
268435456
3000
500
1
0
1
0
0
1

0
1
4
2
22690
0
0
9
268435456
3000
250
1
0
1
0
0
1

0
1
1
1
22710
0
0
9
67108864
4000
50
1
0
1
0
0
1

0
1
4
2
22714
0
0
9
268435456
3000
50
1
0
1
0
0
1

0
1
1
1
22735
0
0
9
67108864
2000
1000
1
0
1
0
0
1

0
1
1
1
22747
0
0
9
67108864
1000
500
1
0
1
0
0
1

0
1
8
8
22775
0
0
9
134217728
1000
250
1
0
1
0
0
1

0
1
4
2
22786
0
0
9
268435456
3000
250
1
0
1
0
0
1

0
1
4
2
22811
0
0
9
67108864
1000
100
1
0
1
0
0
1

0
1
1
1
22835
0
0
9
67108864
2000
250
1
0
1
0
0
1

0
1
1
1
22864
0
0
9
67108864
3000
100
1
0
1
0
0
1

0
1
4
4
22881
0
0
9
134217728
4000
50
1
0
1
0
0
1

0
1
1
1
22885
0
0
9
134217728
2000
500
1
0
1
0
0
1

0
1
1
1
22900
0
0
9
67108864
2000
100
1
0
1
0
0
1

0
1
8
2
22903
0
0
9
67108864
3000
1000
1
0
1
0
0
1

0
1
2
1
22913
0
0
9
268435456
2000
500
1
0
1
0
0
1

0
1
4
2
22916
0
0
9
268435456
3000
250
1
0
1
0
0
1

0
1
8
4
22945
0
0
9
67108864
2000
500
1
0
1
0
0
1

0
1
2
1
22947
0
0
9
67108864
2000
500
1
0
1
0
0
1

0
1
4
1
22956
0
0
9
67108864
1000
100
1
0
1
0
0
1

0
1
1
1
22982
0
0
9
134217728
4000
100
1
0
1
0
0
1

0
1
1
1
23001
0
0
9
268435456
1000
50
1
0
1
0
0
1

0
1
8
4
23004
0
0
9
134217728
1000
250
1
0
1
0
0
1

0
1
1
1
23007
0
0
9
268435456
1000
500
1
0
1
0
0
1

0
1
4
2
23029
0
0
9
268435456
2000
50
1
0
1
0
0
1

