1500

0
1
1
1
28
0
2
10
67108864
3000
1000
10
1
0
1
0
0
1

1
1
4
4
57
0
1
12
268435456
3000
100
19
1
1
0
1
0
0
1
0
3
1
1
1
85
0
0
9
67108864
1000
50
1
0
1
0
0
1

0
1
1
1
107
0
1
12
134217728
4000
1000
42
1
1
0
1
0
0
1
0
3
1
1
1
126
0
0
9
67108864
2000
50
1
0
1
0
0
1

0
1
1
1
156
0
0
9
134217728
2000
100
1
0
1
0
0
1

3
1
8
1
172
0
2
10
67108864
3000
50
1
1
0
1
0
0
1

1
1
2
1
188
0
1
11
134217728
4000
100
79
0
1
0
1
0
0
1
3
1
1
1
203
0
1
12
268435456
1000
250
3
1
1
0
1
0
0
1
0
0
1
4
2
232
0
2
10
67108864
3000
500
100
1
0
1
0
0
1

3
1
8
4
239
0
2
10
67108864
1000
100
1
1
0
1
0
0
1

3
1
2
1
253
0
2
10
134217728
3000
500
1000
1
0
1
0
0
1

3
1
8
2
282
0
2
10
268435456
1000
250
100
1
0
1
0
0
1

3
1
8
4
297
0
1
12
67108864
3000
500
4
1
1
0
1
0
0
1
0
0
1
1
1
316
0
1
11
67108864
4000
1000
85
0
1
0
1
0
0
1
1
1
1
1
324
0
2
10
67108864
1000
1000
100
1
0
1
0
0
1

1
1
2
1
328
0
0
9
67108864
4000
250
1
0
1
0
0
1

3
1
4
2
350
0
1
11
268435456
3000
500
73
0
1
0
1
0
0
1
3
1
4
1
358
0
2
10
268435456
3000
100
1000
1
0
1
0
0
1

3
1
1
1
384
0
1
12
268435456
2000
500
81
1
1
0
1
0
0
1
0
0
1
2
1
395
0
0
9
67108864
4000
1000
1
0
1
0
0
1

3
1
4
1
413
0
0
9
268435456
2000
250
1
0
1
0
0
1

0
1
1
1
436
0
0
9
67108864
3000
1000
1
0
1
0
0
1

0
1
2
2
441
0
1
12
134217728
3000
100
48
1
1
0
1
0
0
1
0
1
1
8
2
461
0
1
12
67108864
1000
500
93
1
1
0
1
0
0
1
0
0
1
1
1
478
0
1
11
134217728
4000
50
13
0
1
0
1
0
0
1
3
1
4
2
488
0
1
11
67108864
4000
250
23
0
1
0
1
0
0
1
0
1
4
1
498
0
1
11
268435456
1000
500
75
0
1
0
1
0
0
1
1
1
2
1
515
0
2
10
268435456
2000
500
1000
1
0
1
0
0
1

3
1
2
1
541
0
2
10
268435456
2000
500
1000
1
0
1
0
0
1

3
1
2
1
570
0
2
10
134217728
3000
100
5
1
0
1
0
0
1

3
1
8
2
572
0
1
12
134217728
4000
500
89
1
1
0
1
0
0
1
0
3
1
8
4
590
0
1
12
268435456
1000
500
49
1
1
0
1
0
0
1
0
0
1
2
1
619
0
2
10
134217728
4000
100
100
1
0
1
0
0
1

1
1
4
2
635
0
1
11
268435456
1000
250
39
0
1
0
1
0
0
1
0
1
4
1
653
0
1
12
134217728
4000
100
47
1
1
0
1
0
0
1
0
0
1
4
4
681
0
0
9
134217728
1000
50
1
0
1
0
0
1

0
1
8
8
686
0
2
10
134217728
2000
250
5
1
0
1
0
0
1

3
1
8
4
703
0
2
10
268435456
2000
50
100
1
0
1
0
0
1

0
1
4
4
717
0
2
10
268435456
1000
500
1000
1
0
1
0
0
1

0
1
2
1
739
0
2
10
67108864
1000
250
5
1
0
1
0
0
1

3
1
2
1
748
0
0
9
268435456
3000
500
1
0
1
0
0
1

0
1
2
2
756
0
0
9
268435456
1000
500
1
0
1
0
0
1

3
1
2
1
760
0
2
10
134217728
1000
50
10
1
0
1
0
0
1

0
1
4
2
773
0
0
9
134217728
2000
500
1
0
1
0
0
1

0
1
8
2
798
0
2
10
67108864
1000
500
100
1
0
1
0
0
1

3
1
1
1
819
0
1
12
67108864
2000
1000
86
1
1
0
1
0
0
1
0
0
1
1
1
833
0
0
9
134217728
4000
50
1
0
1
0
0
1

3
1
1
1
846
0
2
10
268435456
1000
500
1
1
0
1
0
0
1

1
1
1
1
849
0
0
9
268435456
2000
500
1
0
1
0
0
1

1
1
1
1
862
0
2
10
134217728
4000
250
5
1
0
1
0
0
1

0
1
4
1
865
0
1
11
134217728
4000
250
22
0
1
0
1
0
0
1
0
1
1
1
891
0
0
9
67108864
3000
50
1
0
1
0
0
1

0
1
8
2
911
0
1
11
268435456
2000
500
27
0
1
0
1
0
0
1
1
1
2
2
936
0
1
12
134217728
3000
50
52
1
1
0
1
0
0
1
0
1
1
4
2
952
0
1
11
67108864
2000
500
2
0
1
0
1
0
0
1
3
1
4
2
962
0
2
10
268435456
3000
500
10
1
0
1
0
0
1

1
1
8
1
966
0
2
10
268435456
1000
50
1000
1
0
1
0
0
1

0
1
4
2
974
0
2
10
268435456
2000
250
1000
1
0
1
0
0
1

0
1
2
1
993
0
1
11
67108864
1000
100
99
0
1
0
1
0
0
1
1
1
4
2
999
0
0
9
268435456
2000
250
1
0
1
0
0
1

1
1
4
4
1023
0
1
11
67108864
4000
500
34
0
1
0
1
0
0
1
3
1
4
2
1042
0
0
9
268435456
3000
500
1
0
1
0
0
1

1
1
4
2
1067
0
2
10
67108864
1000
500
5
1
0
1
0
0
1

0
1
1
1
1068
0
2
10
134217728
3000
250
1
1
0
1
0
0
1

3
1
2
2
1093
0
2
10
134217728
4000
100
100
1
0
1
0
0
1

3
1
8
2
1111
0
0
9
67108864
2000
50
1
0
1
0
0
1

1
1
4
1
1113
0
1
11
134217728
1000
100
60
0
1
0
1
0
0
1
3
1
2
2
1127
0
1
12
134217728
2000
50
66
1
1
0
1
0
0
1
0
0
1
2
2
1131
0
1
11
67108864
1000
500
76
0
1
0
1
0
0
1
0
1
1
1
1152
0
2
10
134217728
3000
1000
10
1
0
1
0
0
1

3
1
2
1
1175
0
1
12
134217728
4000
1000
20
1
1
0
1
0
0
1
0
1
1
1
1
1177
0
1
12
67108864
3000
50
6
1
1
0
1
0
0
1
0
0
1
4
2
1204
0
1
11
67108864
2000
50
23
0
1
0
1
0
0
1
0
1
4
4
1210
0
0
9
134217728
4000
50
1
0
1
0
0
1

1
1
2
1
1219
0
2
10
268435456
1000
250
5
1
0
1
0
0
1

1
1
1
1
1222
0
1
12
134217728
3000
500
49
1
1
0
1
0
0
1
0
0
1
1
1
1252
0
1
11
134217728
4000
1000
99
0
1
0
1
0
0
1
1
1
4
2
1267
0
1
11
268435456
2000
50
72
0
1
0
1
0
0
1
0
1
4
2
1294
0
2
10
268435456
2000
500
5
1
0
1
0
0
1

3
1
2
1
1324
0
1
12
134217728
1000
100
15
1
1
0
1
0
0
1
0
0
1
1
1
1352
0
2
10
268435456
2000
50
100
1
0
1
0
0
1

3
1
8
2
1382
0
0
9
268435456
3000
250
1
0
1
0
0
1

1
1
2
2
1408
0
2
10
268435456
1000
500
1
1
0
1
0
0
1

1
1
1
1
1430
0
2
10
134217728
1000
500
1000
1
0
1
0
0
1

1
1
8
8
1436
0
0
9
67108864
1000
1000
1
0
1
0
0
1

0
1
4
4
1462
0
2
10
134217728
3000
100
1
1
0
1
0
0
1

3
1
2
1
1475
0
1
11
67108864
2000
1000
21
0
1
0
1
0
0
1
1
1
2
2
1500
0
0
9
268435456
1000
250
1
0
1
0
0
1

3
1
8
4
1509
0
1
11
268435456
2000
500
20
0
1
0
1
0
0
1
1
1
8
4
1538
0
2
10
268435456
1000
500
10
1
0
1
0
0
1

1
1
8
1
1547
0
2
10
134217728
3000
250
100
1
0
1
0
0
1

3
1
4
4
1565
0
1
11
134217728
1000
50
91
0
1
0
1
0
0
1
0
1
2
1
1589
0
2
10
134217728
2000
250
5
1
0
1
0
0
1

1
1
1
1
1606
0
1
12
268435456
1000
100
76
1
1
0
1
0
0
1
0
0
1
4
4
1636
0
1
12
67108864
3000
250
97
1
1
0
1
0
0
1
0
3
1
4
1
1663
0
0
9
67108864
3000
1000
1
0
1
0
0
1

1
1
2
1
1676
0
0
9
268435456
3000
500
1
0
1
0
0
1

1
1
8
8
1680
0
0
9
67108864
2000
100
1
0
1
0
0
1

1
1
8
1
1691
0
2
10
134217728
4000
500
5
1
0
1
0
0
1

0
1
1
1
1703
0
2
10
268435456
3000
50
1000
1
0
1
0
0
1

3
1
2
1
1725
0
1
11
67108864
2000
50
28
0
1
0
1
0
0
1
0
1
1
1
1754
0
0
9
268435456
3000
500
1
0
1
0
0
1

0
1
1
1
1765
0
1
11
134217728
3000
100
74
0
1
0
1
0
0
1
0
1
4
1
1773
0
2
10
67108864
4000
50
10
1
0
1
0
0
1

3
1
2
1
1789
0
2
10
268435456
2000
50
100
1
0
1
0
0
1

0
1
8
4
1807
0
2
10
268435456
1000
500
10
1
0
1
0
0
1

3
1
4
4
1822
0
0
9
67108864
4000
1000
1
0
1
0
0
1

1
1
2
1
1833
0
2
10
67108864
1000
50
100
1
0
1
0
0
1

1
1
8
4
1848
0
1
12
268435456
3000
500
0
1
1
0
1
0
0
1
0
1
1
2
2
1852
0
2
10
134217728
4000
250
5
1
0
1
0
0
1

0
1
8
2
1867
0
1
12
67108864
2000
50
72
1
1
0
1
0
0
1
0
0
1
1
1
1873
0
0
9
268435456
2000
250
1
0
1
0
0
1

3
1
4
2
1890
0
1
11
67108864
1000
1000
27
0
1
0
1
0
0
1
1
1
2
2
1915
0
1
12
67108864
3000
1000
0
1
1
0
1
0
0
1
0
0
1
4
1
1924
0
2
10
134217728
4000
250
1000
1
0
1
0
0
1

0
1
1
1
1931
0
1
12
134217728
3000
50
51
1
1
0
1
0
0
1
0
1
1
4
2
1961
0
0
9
134217728
3000
250
1
0
1
0
0
1

3
1
1
1
1988
0
1
12
67108864
1000
500
39
1
1
0
1
0
0
1
0
1
1
4
1
2017
0
2
10
67108864
1000
500
1
1
0
1
0
0
1

3
1
4
2
2024
0
0
9
67108864
1000
500
1
0
1
0
0
1

3
1
8
2
2044
0
1
11
268435456
2000
250
5
0
1
0
1
0
0
1
0
1
4
4
2072
0
0
9
134217728
3000
50
1
0
1
0
0
1

0
1
2
1
2095
0
0
9
268435456
3000
100
1
0
1
0
0
1

0
1
2
2
2096
0
2
10
268435456
3000
250
1
1
0
1
0
0
1

1
1
2
1
2106
0
1
11
268435456
3000
50
44
0
1
0
1
0
0
1
1
1
4
2
2121
0
0
9
268435456
3000
500
1
0
1
0
0
1

1
1
8
1
2145
0
1
12
134217728
2000
500
44
1
1
0
1
0
0
1
0
1
1
8
2
2165
0
2
10
67108864
4000
250
5
1
0
1
0
0
1

1
1
2
1
2191
0
1
11
268435456
3000
500
17
0
1
0
1
0
0
1
0
1
1
1
2198
0
1
12
134217728
3000
250
84
1
1
0
1
0
0
1
0
0
1
2
1
2207
0
2
10
67108864
4000
1000
100
1
0
1
0
0
1

1
1
8
1
2215
0
2
10
67108864
1000
500
5
1
0
1
0
0
1

1
1
4
2
2228
0
2
10
134217728
1000
50
5
1
0
1
0
0
1

1
1
2
1
2230
0
0
9
67108864
1000
100
1
0
1
0
0
1

0
1
1
1
2242
0
2
10
134217728
4000
500
1
1
0
1
0
0
1

0
1
8
8
2269
0
0
9
134217728
3000
50
1
0
1
0
0
1

0
1
8
2
2294
0
0
9
67108864
2000
250
1
0
1
0
0
1

3
1
1
1
2318
0
2
10
268435456
2000
500
1000
1
0
1
0
0
1

1
1
1
1
2319
0
1
12
268435456
3000
500
18
1
1
0
1
0
0
1
0
3
1
2
1
2325
0
0
9
268435456
2000
500
1
0
1
0
0
1

0
1
4
1
2341
0
1
11
67108864
2000
100
19
0
1
0
1
0
0
1
0
1
1
1
2361
0
0
9
268435456
2000
100
1
0
1
0
0
1

0
1
8
8
2389
0
0
9
67108864
3000
50
1
0
1
0
0
1

0
1
2
2
2407
0
2
10
268435456
3000
50
1
1
0
1
0
0
1

3
1
8
4
2433
0
0
9
134217728
3000
50
1
0
1
0
0
1

0
1
2
2
2434
0
2
10
134217728
1000
500
10
1
0
1
0
0
1

3
1
2
1
2451
0
0
9
67108864
4000
100
1
0
1
0
0
1

0
1
8
2
2463
0
2
10
67108864
3000
50
5
1
0
1
0
0
1

3
1
2
2
2468
0
2
10
134217728
2000
1000
1000
1
0
1
0
0
1

1
1
4
4
2473
0
0
9
134217728
1000
1000
1
0
1
0
0
1

1
1
1
1
2499
0
0
9
268435456
2000
100
1
0
1
0
0
1

0
1
4
2
2527
0
1
12
268435456
3000
50
63
1
1
0
1
0
0
1
0
1
1
8
4
2538
0
1
11
268435456
3000
500
53
0
1
0
1
0
0
1
3
1
4
2
2540
0
0
9
268435456
3000
100
1
0
1
0
0
1

0
1
4
1
2556
0
0
9
134217728
2000
250
1
0
1
0
0
1

1
1
4
2
2566
0
1
11
67108864
1000
250
69
0
1
0
1
0
0
1
1
1
4
4
2567
0
1
11
67108864
4000
500
25
0
1
0
1
0
0
1
0
1
8
2
2574
0
2
10
134217728
2000
250
1
1
0
1
0
0
1

3
1
4
2
2599
0
1
11
268435456
2000
500
8
0
1
0
1
0
0
1
0
1
8
1
2620
0
2
10
134217728
1000
100
10
1
0
1
0
0
1

1
1
8
1
2636
0
2
10
67108864
4000
100
100
1
0
1
0
0
1

0
1
8
1
2647
0
1
12
67108864
2000
500
16
1
1
0
1
0
0
1
0
3
1
2
1
2657
0
1
11
134217728
1000
50
81
0
1
0
1
0
0
1
3
1
2
2
2676
0
1
12
268435456
2000
250
21
1
1
0
1
0
0
1
0
0
1
4
2
2689
0
1
12
67108864
2000
250
99
1
1
0
1
0
0
1
0
0
1
4
4
2708
0
1
12
134217728
2000
1000
92
1
1
0
1
0
0
1
0
3
1
2
1
2730
0
2
10
268435456
1000
500
5
1
0
1
0
0
1

3
1
4
4
2754
0
1
12
268435456
1000
50
97
1
1
0
1
0
0
1
0
1
1
8
1
2759
0
1
12
67108864
3000
1000
63
1
1
0
1
0
0
1
0
0
1
4
2
2770
0
1
11
268435456
1000
500
77
0
1
0
1
0
0
1
0
1
4
4
2790
0
2
10
268435456
1000
500
1
1
0
1
0
0
1

3
1
1
1
2797
0
0
9
67108864
3000
250
1
0
1
0
0
1

0
1
1
1
2823
0
1
11
67108864
1000
50
35
0
1
0
1
0
0
1
0
1
4
1
2824
0
1
11
134217728
1000
50
67
0
1
0
1
0
0
1
1
1
8
2
2841
0
2
10
134217728
3000
250
1
1
0
1
0
0
1

3
1
2
1
2856
0
1
12
67108864
1000
50
44
1
1
0
1
0
0
1
0
0
1
2
1
2862
0
1
11
67108864
1000
500
96
0
1
0
1
0
0
1
1
1
2
2
2870
0
2
10
134217728
3000
1000
100
1
0
1
0
0
1

3
1
4
1
2882
0
0
9
268435456
3000
500
1
0
1
0
0
1

0
1
1
1
2897
0
0
9
268435456
3000
250
1
0
1
0
0
1

0
1
8
2
2918
0
0
9
67108864
4000
100
1
0
1
0
0
1

0
1
8
4
2930
0
1
12
134217728
2000
100
44
1
1
0
1
0
0
1
0
3
1
2
1
2935
0
1
12
134217728
1000
100
15
1
1
0
1
0
0
1
0
0
1
4
2
2949
0
2
10
134217728
1000
500
10
1
0
1
0
0
1

0
1
4
2
2970
0
0
9
67108864
1000
250
1
0
1
0
0
1

0
1
8
2
2987
0
2
10
67108864
4000
100
1
1
0
1
0
0
1

1
1
8
1
3005
0
0
9
268435456
3000
500
1
0
1
0
0
1

3
1
2
1
3024
0
1
11
268435456
3000
500
77
0
1
0
1
0
0
1
1
1
2
1
3041
0
2
10
67108864
4000
250
1000
1
0
1
0
0
1

1
1
4
1
3052
0
0
9
268435456
3000
100
1
0
1
0
0
1

1
1
8
1
3075
0
1
12
67108864
3000
100
39
1
1
0
1
0
0
1
0
1
1
1
1
3103
0
2
10
268435456
3000
100
100
1
0
1
0
0
1

1
1
4
1
3108
0
0
9
134217728
3000
500
1
0
1
0
0
1

0
1
4
4
3134
0
1
12
67108864
3000
100
45
1
1
0
1
0
0
1
0
0
1
2
1
3148
0
2
10
134217728
3000
1000
1
1
0
1
0
0
1

1
1
2
1
3158
0
0
9
134217728
1000
100
1
0
1
0
0
1

3
1
1
1
3159
0
0
9
134217728
1000
250
1
0
1
0
0
1

1
1
1
1
3180
0
2
10
67108864
2000
250
1
1
0
1
0
0
1

1
1
8
4
3193
0
1
11
67108864
4000
250
19
0
1
0
1
0
0
1
3
1
4
4
3202
0
2
10
67108864
3000
250
1000
1
0
1
0
0
1

0
1
2
1
3208
0
1
12
268435456
3000
100
25
1
1
0
1
0
0
1
0
0
1
2
2
3238
0
1
11
268435456
3000
50
9
0
1
0
1
0
0
1
1
1
2
1
3255
0
0
9
268435456
3000
500
1
0
1
0
0
1

3
1
2
1
3276
0
1
11
67108864
4000
500
2
0
1
0
1
0
0
1
3
1
1
1
3288
0
2
10
268435456
3000
500
10
1
0
1
0
0
1

3
1
4
2
3307
0
2
10
268435456
1000
500
1000
1
0
1
0
0
1

1
1
1
1
3337
0
1
12
67108864
1000
50
49
1
1
0
1
0
0
1
0
0
1
1
1
3349
0
1
12
67108864
4000
50
14
1
1
0
1
0
0
1
0
1
1
8
1
3356
0
2
10
134217728
4000
50
1
1
0
1
0
0
1

0
1
2
1
3375
0
2
10
134217728
1000
1000
5
1
0
1
0
0
1

3
1
8
4
3389
0
2
10
67108864
2000
100
5
1
0
1
0
0
1

1
1
4
2
3395
0
2
10
67108864
3000
250
1
1
0
1
0
0
1

1
1
8
4
3411
0
2
10
67108864
2000
50
1
1
0
1
0
0
1

0
1
1
1
3441
0
2
10
134217728
3000
50
5
1
0
1
0
0
1

1
1
2
1
3463
0
1
12
67108864
3000
50
86
1
1
0
1
0
0
1
0
0
1
2
1
3470
0
2
10
268435456
1000
500
10
1
0
1
0
0
1

3
1
2
1
3482
0
0
9
134217728
4000
250
1
0
1
0
0
1

1
1
4
2
3491
0
2
10
67108864
4000
50
100
1
0
1
0
0
1

0
1
1
1
3500
0
0
9
268435456
3000
50
1
0
1
0
0
1

0
1
1
1
3510
0
0
9
67108864
4000
1000
1
0
1
0
0
1

1
1
8
2
3513
0
1
11
268435456
3000
100
6
0
1
0
1
0
0
1
3
1
4
1
3523
0
1
11
268435456
3000
500
21
0
1
0
1
0
0
1
3
1
4
2
3529
0
1
12
134217728
3000
1000
92
1
1
0
1
0
0
1
0
3
1
2
1
3531
0
2
10
67108864
4000
1000
1000
1
0
1
0
0
1

1
1
2
1
3555
0
1
12
67108864
1000
100
84
1
1
0
1
0
0
1
0
0
1
4
1
3558
0
2
10
67108864
3000
1000
5
1
0
1
0
0
1

0
1
2
1
3562
0
0
9
268435456
3000
250
1
0
1
0
0
1

0
1
2
2
3564
0
0
9
134217728
2000
1000
1
0
1
0
0
1

3
1
8
8
3574
0
2
10
67108864
3000
100
1000
1
0
1
0
0
1

1
1
8
2
3592
0
1
11
268435456
1000
500
43
0
1
0
1
0
0
1
3
1
1
1
3606
0
2
10
67108864
2000
500
1
1
0
1
0
0
1

1
1
8
8
3630
0
2
10
268435456
1000
50
5
1
0
1
0
0
1

0
1
8
4
3656
0
1
11
134217728
2000
1000
80
0
1
0
1
0
0
1
3
1
4
1
3677
0
1
12
268435456
3000
500
42
1
1
0
1
0
0
1
0
1
1
4
2
3679
0
1
11
268435456
3000
250
5
0
1
0
1
0
0
1
3
1
2
1
3707
0
1
11
67108864
3000
250
57
0
1
0
1
0
0
1
1
1
2
1
3713
0
0
9
67108864
4000
100
1
0
1
0
0
1

3
1
8
1
3722
0
2
10
67108864
4000
500
1
1
0
1
0
0
1

1
1
1
1
3723
0
2
10
67108864
1000
100
10
1
0
1
0
0
1

0
1
1
1
3725
0
2
10
134217728
4000
1000
5
1
0
1
0
0
1

0
1
1
1
3727
0
1
12
67108864
4000
250
11
1
1
0
1
0
0
1
0
1
1
1
1
3734
0
2
10
134217728
3000
1000
100
1
0
1
0
0
1

1
1
2
1
3747
0
0
9
134217728
2000
250
1
0
1
0
0
1

1
1
8
1
3755
0
1
11
134217728
2000
500
20
0
1
0
1
0
0
1
0
1
2
1
3767
0
0
9
134217728
1000
1000
1
0
1
0
0
1

0
1
2
1
3784
0
0
9
268435456
2000
250
1
0
1
0
0
1

3
1
8
1
3805
0
0
9
134217728
4000
1000
1
0
1
0
0
1

0
1
1
1
3825
0
2
10
134217728
1000
1000
5
1
0
1
0
0
1

0
1
4
2
3832
0
1
11
268435456
1000
500
54
0
1
0
1
0
0
1
0
1
1
1
3840
0
0
9
67108864
4000
500
1
0
1
0
0
1

3
1
8
8
3859
0
0
9
67108864
4000
500
1
0
1
0
0
1

3
1
2
1
3865
0
2
10
67108864
3000
1000
1
1
0
1
0
0
1

1
1
8
1
3888
0
2
10
268435456
1000
500
1
1
0
1
0
0
1

3
1
8
8
3898
0
1
11
67108864
2000
1000
11
0
1
0
1
0
0
1
0
1
4
2
3915
0
2
10
134217728
4000
50
5
1
0
1
0
0
1

0
1
8
4
3942
0
2
10
268435456
3000
500
100
1
0
1
0
0
1

1
1
4
4
3956
0
0
9
134217728
1000
500
1
0
1
0
0
1

1
1
8
2
3965
0
1
12
268435456
2000
50
57
1
1
0
1
0
0
1
0
0
1
2
1
3973
0
0
9
268435456
1000
100
1
0
1
0
0
1

0
1
4
1
3977
0
2
10
268435456
3000
500
5
1
0
1
0
0
1

1
1
1
1
3980
0
0
9
67108864
3000
50
1
0
1
0
0
1

3
1
8
2
3991
0
0
9
268435456
2000
250
1
0
1
0
0
1

3
1
2
1
4008
0
1
12
268435456
3000
50
60
1
1
0
1
0
0
1
0
0
1
4
1
4020
0
2
10
67108864
4000
50
10
1
0
1
0
0
1

1
1
2
2
4046
0
0
9
67108864
3000
50
1
0
1
0
0
1

1
1
8
4
4074
0
0
9
268435456
2000
250
1
0
1
0
0
1

0
1
2
2
4100
0
2
10
268435456
2000
100
5
1
0
1
0
0
1

0
1
1
1
4114
0
0
9
268435456
2000
500
1
0
1
0
0
1

0
1
1
1
4140
0
1
12
268435456
2000
250
78
1
1
0
1
0
0
1
0
1
1
2
1
4154
0
2
10
268435456
3000
500
1000
1
0
1
0
0
1

3
1
8
1
4161
0
1
11
67108864
2000
50
33
0
1
0
1
0
0
1
0
1
2
1
4179
0
2
10
268435456
2000
50
10
1
0
1
0
0
1

0
1
2
1
4189
0
0
9
134217728
2000
1000
1
0
1
0
0
1

0
1
4
2
4216
0
2
10
134217728
1000
50
10
1
0
1
0
0
1

3
1
1
1
4217
0
0
9
67108864
1000
50
1
0
1
0
0
1

1
1
1
1
4222
0
0
9
67108864
2000
1000
1
0
1
0
0
1

0
1
4
2
4226
0
2
10
268435456
2000
250
1000
1
0
1
0
0
1

1
1
2
1
4247
0
0
9
134217728
4000
500
1
0
1
0
0
1

0
1
2
1
4275
0
1
12
134217728
1000
100
28
1
1
0
1
0
0
1
0
0
1
8
2
4279
0
1
11
67108864
1000
1000
89
0
1
0
1
0
0
1
1
1
8
4
4306
0
0
9
67108864
3000
1000
1
0
1
0
0
1

1
1
1
1
4328
0
0
9
134217728
1000
250
1
0
1
0
0
1

3
1
1
1
4333
0
1
12
67108864
4000
50
55
1
1
0
1
0
0
1
0
3
1
1
1
4348
0
2
10
67108864
1000
1000
1
1
0
1
0
0
1

1
1
1
1
4349
0
1
11
134217728
1000
100
40
0
1
0
1
0
0
1
1
1
8
4
4352
0
0
9
268435456
3000
250
1
0
1
0
0
1

3
1
4
1
4367
0
1
11
134217728
1000
1000
87
0
1
0
1
0
0
1
3
1
8
1
4394
0
2
10
134217728
1000
500
10
1
0
1
0
0
1

0
1
8
4
4407
0
1
11
134217728
4000
1000
53
0
1
0
1
0
0
1
3
1
8
1
4419
0
1
11
134217728
4000
500
82
0
1
0
1
0
0
1
3
1
1
1
4444
0
0
9
134217728
4000
500
1
0
1
0
0
1

0
1
2
1
4451
0
2
10
67108864
2000
250
5
1
0
1
0
0
1

1
1
1
1
4478
0
0
9
268435456
2000
100
1
0
1
0
0
1

0
1
4
2
4481
0
0
9
67108864
2000
500
1
0
1
0
0
1

1
1
8
4
4494
0
1
11
134217728
2000
50
84
0
1
0
1
0
0
1
0
1
2
1
4499
0
0
9
67108864
3000
100
1
0
1
0
0
1

0
1
1
1
4505
0
1
11
67108864
1000
50
98
0
1
0
1
0
0
1
3
1
2
1
4525
0
2
10
67108864
2000
250
5
1
0
1
0
0
1

1
1
8
1
4529
0
1
12
67108864
2000
500
64
1
1
0
1
0
0
1
0
3
1
1
1
4536
0
1
11
268435456
2000
100
45
0
1
0
1
0
0
1
0
1
1
1
4558
0
0
9
67108864
2000
1000
1
0
1
0
0
1

3
1
2
2
4585
0
2
10
268435456
3000
250
100
1
0
1
0
0
1

1
1
8
4
4615
0
2
10
134217728
1000
500
1000
1
0
1
0
0
1

0
1
8
4
4618
0
1
11
134217728
1000
100
43
0
1
0
1
0
0
1
1
1
8
8
4635
0
0
9
134217728
2000
50
1
0
1
0
0
1

1
1
8
2
4659
0
0
9
134217728
4000
500
1
0
1
0
0
1

3
1
1
1
4669
0
1
11
134217728
4000
500
53
0
1
0
1
0
0
1
0
1
2
1
4670
0
2
10
134217728
4000
500
1000
1
0
1
0
0
1

1
1
4
4
4674
0
0
9
134217728
4000
1000
1
0
1
0
0
1

0
1
2
1
4686
0
1
11
268435456
3000
250
42
0
1
0
1
0
0
1
3
1
1
1
4705
0
1
12
134217728
4000
50
5
1
1
0
1
0
0
1
0
0
1
1
1
4712
0
0
9
134217728
4000
1000
1
0
1
0
0
1

1
1
4
2
4737
0
2
10
268435456
3000
500
1
1
0
1
0
0
1

3
1
2
1
4741
0
1
12
134217728
1000
1000
63
1
1
0
1
0
0
1
0
3
1
8
2
4764
0
1
11
134217728
4000
1000
8
0
1
0
1
0
0
1
3
1
8
1
4772
0
1
11
67108864
3000
250
16
0
1
0
1
0
0
1
1
1
4
2
4800
0
1
12
67108864
2000
500
37
1
1
0
1
0
0
1
0
3
1
2
1
4801
0
1
11
134217728
4000
500
86
0
1
0
1
0
0
1
1
1
2
1
4803
0
2
10
134217728
1000
100
1000
1
0
1
0
0
1

3
1
1
1
4806
0
1
12
67108864
2000
50
53
1
1
0
1
0
0
1
0
3
1
1
1
4818
0
0
9
134217728
3000
50
1
0
1
0
0
1

3
1
2
1
4831
0
0
9
134217728
1000
1000
1
0
1
0
0
1

3
1
8
8
4851
0
0
9
67108864
1000
1000
1
0
1
0
0
1

0
1
4
2
4879
0
0
9
134217728
1000
1000
1
0
1
0
0
1

3
1
4
2
4896
0
2
10
268435456
3000
50
5
1
0
1
0
0
1

0
1
8
2
4905
0
2
10
134217728
1000
50
5
1
0
1
0
0
1

1
1
1
1
4932
0
1
12
268435456
3000
100
69
1
1
0
1
0
0
1
0
3
1
8
1
4946
0
1
12
268435456
3000
50
54
1
1
0
1
0
0
1
0
3
1
1
1
4954
0
1
12
67108864
3000
100
49
1
1
0
1
0
0
1
0
3
1
4
2
4971
0
2
10
67108864
3000
100
1
1
0
1
0
0
1

0
1
1
1
4975
0
2
10
134217728
3000
250
1000
1
0
1
0
0
1

3
1
8
2
4984
0
1
12
134217728
4000
1000
83
1
1
0
1
0
0
1
0
0
1
1
1
4994
0
1
12
134217728
4000
100
39
1
1
0
1
0
0
1
0
3
1
8
1
5019
0
0
9
67108864
4000
100
1
0
1
0
0
1

1
1
1
1
5030
0
0
9
268435456
1000
500
1
0
1
0
0
1

3
1
1
1
5058
0
2
10
67108864
3000
100
10
1
0
1
0
0
1

1
1
8
1
5081
0
1
12
67108864
2000
50
4
1
1
0
1
0
0
1
0
0
1
8
2
5098
0
0
9
67108864
1000
500
1
0
1
0
0
1

0
1
2
2
5103
0
0
9
134217728
2000
100
1
0
1
0
0
1

1
1
4
2
5132
0
2
10
134217728
2000
500
100
1
0
1
0
0
1

1
1
4
1
5141
0
1
12
134217728
1000
1000
90
1
1
0
1
0
0
1
0
0
1
8
8
5160
0
2
10
67108864
3000
500
5
1
0
1
0
0
1

0
1
2
1
5190
0
0
9
67108864
2000
250
1
0
1
0
0
1

3
1
8
2
5211
0
1
11
67108864
3000
1000
30
0
1
0
1
0
0
1
3
1
1
1
5214
0
0
9
268435456
2000
500
1
0
1
0
0
1

3
1
2
2
5232
0
2
10
134217728
4000
50
100
1
0
1
0
0
1

1
1
2
1
5248
0
0
9
67108864
2000
1000
1
0
1
0
0
1

1
1
8
4
5274
0
1
11
134217728
4000
1000
83
0
1
0
1
0
0
1
0
1
1
1
5275
0
1
12
268435456
3000
500
49
1
1
0
1
0
0
1
0
0
1
2
2
5289
0
1
11
268435456
1000
250
86
0
1
0
1
0
0
1
3
1
2
1
5309
0
2
10
134217728
3000
100
5
1
0
1
0
0
1

3
1
8
2
5314
0
1
11
67108864
1000
1000
23
0
1
0
1
0
0
1
1
1
1
1
5320
0
2
10
67108864
4000
1000
1000
1
0
1
0
0
1

3
1
1
1
5348
0
2
10
67108864
3000
250
100
1
0
1
0
0
1

1
1
8
2
5356
0
1
11
67108864
1000
500
70
0
1
0
1
0
0
1
0
1
2
1
5378
0
2
10
268435456
2000
500
1000
1
0
1
0
0
1

1
1
1
1
5391
0
1
12
67108864
1000
250
28
1
1
0
1
0
0
1
0
3
1
2
1
5414
0
0
9
268435456
3000
500
1
0
1
0
0
1

0
1
2
1
5440
0
2
10
134217728
2000
1000
1000
1
0
1
0
0
1

0
1
2
1
5446
0
2
10
67108864
3000
250
1000
1
0
1
0
0
1

3
1
8
8
5455
0
1
12
268435456
2000
250
13
1
1
0
1
0
0
1
0
1
1
4
4
5475
0
2
10
268435456
2000
100
1
1
0
1
0
0
1

1
1
4
1
5486
0
2
10
67108864
2000
1000
5
1
0
1
0
0
1

0
1
8
2
5498
0
1
11
134217728
1000
500
18
0
1
0
1
0
0
1
3
1
4
2
5516
0
0
9
134217728
3000
500
1
0
1
0
0
1

1
1
1
1
5522
0
2
10
134217728
3000
250
1000
1
0
1
0
0
1

3
1
1
1
5542
0
2
10
67108864
3000
500
1000
1
0
1
0
0
1

0
1
4
2
5548
0
2
10
67108864
1000
50
1000
1
0
1
0
0
1

0
1
1
1
5573
0
0
9
134217728
2000
250
1
0
1
0
0
1

0
1
1
1
5598
0
2
10
67108864
3000
1000
1
1
0
1
0
0
1

1
1
4
4
5627
0
1
12
268435456
2000
100
90
1
1
0
1
0
0
1
0
0
1
4
2
5646
0
0
9
67108864
3000
50
1
0
1
0
0
1

1
1
1
1
5657
0
0
9
268435456
2000
250
1
0
1
0
0
1

0
1
1
1
5660
0
0
9
134217728
3000
250
1
0
1
0
0
1

1
1
1
1
5669
0
2
10
134217728
1000
100
100
1
0
1
0
0
1

0
1
2
1
5699
0
0
9
67108864
3000
50
1
0
1
0
0
1

0
1
4
2
5707
0
1
12
134217728
1000
50
76
1
1
0
1
0
0
1
0
3
1
8
2
5708
0
2
10
134217728
2000
100
5
1
0
1
0
0
1

3
1
1
1
5732
0
1
12
268435456
1000
500
89
1
1
0
1
0
0
1
0
1
1
4
2
5757
0
1
11
268435456
3000
250
62
0
1
0
1
0
0
1
1
1
1
1
5773
0
2
10
268435456
2000
50
1
1
0
1
0
0
1

1
1
4
4
5794
0
2
10
134217728
2000
500
10
1
0
1
0
0
1

0
1
8
2
5812
0
0
9
134217728
3000
1000
1
0
1
0
0
1

1
1
8
8
5833
0
2
10
134217728
3000
1000
1
1
0
1
0
0
1

1
1
4
4
5835
0
0
9
134217728
1000
250
1
0
1
0
0
1

0
1
2
1
5846
0
1
12
268435456
2000
50
48
1
1
0
1
0
0
1
0
1
1
1
1
5868
0
1
12
67108864
3000
100
36
1
1
0
1
0
0
1
0
0
1
4
2
5891
0
1
12
134217728
3000
500
52
1
1
0
1
0
0
1
0
1
1
2
2
5901
0
2
10
268435456
3000
250
1
1
0
1
0
0
1

0
1
2
2
5926
0
0
9
67108864
4000
1000
1
0
1
0
0
1

1
1
2
2
5956
0
1
12
67108864
4000
100
35
1
1
0
1
0
0
1
0
0
1
1
1
5975
0
0
9
134217728
2000
100
1
0
1
0
0
1

0
1
8
1
5981
0
0
9
268435456
3000
250
1
0
1
0
0
1

0
1
2
1
5985
0
2
10
67108864
4000
1000
1000
1
0
1
0
0
1

3
1
4
2
5986
0
2
10
268435456
3000
250
1
1
0
1
0
0
1

3
1
8
1
6003
0
0
9
67108864
3000
250
1
0
1
0
0
1

3
1
8
8
6022
0
1
12
134217728
1000
50
78
1
1
0
1
0
0
1
0
0
1
2
1
6042
0
1
12
67108864
4000
1000
99
1
1
0
1
0
0
1
0
0
1
8
4
6062
0
2
10
67108864
3000
500
10
1
0
1
0
0
1

1
1
8
8
6063
0
2
10
134217728
1000
50
10
1
0
1
0
0
1

1
1
8
1
6084
0
0
9
268435456
2000
50
1
0
1
0
0
1

0
1
4
4
6102
0
2
10
134217728
1000
250
1000
1
0
1
0
0
1

3
1
1
1
6132
0
0
9
134217728
4000
100
1
0
1
0
0
1

0
1
4
1
6133
0
1
12
134217728
4000
250
86
1
1
0
1
0
0
1
0
1
1
1
1
6143
0
1
11
268435456
2000
500
47
0
1
0
1
0
0
1
3
1
8
2
6148
0
0
9
268435456
3000
100
1
0
1
0
0
1

0
1
2
1
6168
0
1
11
268435456
3000
500
1
0
1
0
1
0
0
1
0
1
8
4
6176
0
2
10
67108864
3000
500
10
1
0
1
0
0
1

1
1
2
1
6179
0
1
12
67108864
2000
50
74
1
1
0
1
0
0
1
0
1
1
1
1
6206
0
0
9
268435456
3000
500
1
0
1
0
0
1

1
1
1
1
6229
0
2
10
134217728
4000
1000
1
1
0
1
0
0
1

1
1
8
8
6251
0
2
10
268435456
3000
50
5
1
0
1
0
0
1

1
1
4
4
6262
0
1
12
67108864
4000
50
46
1
1
0
1
0
0
1
0
3
1
4
1
6272
0
2
10
134217728
1000
50
100
1
0
1
0
0
1

3
1
1
1
6288
0
2
10
268435456
1000
50
1
1
0
1
0
0
1

0
1
2
2
6294
0
1
12
268435456
3000
500
48
1
1
0
1
0
0
1
0
1
1
1
1
6311
0
0
9
67108864
3000
250
1
0
1
0
0
1

1
1
2
1
6341
0
2
10
134217728
1000
500
100
1
0
1
0
0
1

0
1
2
1
6355
0
1
12
67108864
1000
250
6
1
1
0
1
0
0
1
0
1
1
2
1
6362
0
0
9
268435456
1000
100
1
0
1
0
0
1

3
1
4
2
6375
0
1
11
268435456
3000
50
36
0
1
0
1
0
0
1
1
1
1
1
6404
0
0
9
134217728
2000
50
1
0
1
0
0
1

3
1
1
1
6424
0
2
10
134217728
1000
250
100
1
0
1
0
0
1

3
1
1
1
6428
0
1
12
134217728
3000
50
66
1
1
0
1
0
0
1
0
3
1
8
2
6433
0
1
12
268435456
1000
500
79
1
1
0
1
0
0
1
0
0
1
1
1
6455
0
1
11
268435456
2000
500
53
0
1
0
1
0
0
1
1
1
4
2
6476
0
1
12
67108864
3000
50
73
1
1
0
1
0
0
1
0
3
1
4
4
6495
0
0
9
134217728
4000
500
1
0
1
0
0
1

1
1
8
2
6508
0
2
10
268435456
3000
250
100
1
0
1
0
0
1

0
1
2
1
6522
0
1
12
268435456
3000
500
20
1
1
0
1
0
0
1
0
1
1
2
1
6533
0
2
10
268435456
2000
50
1000
1
0
1
0
0
1

3
1
8
8
6553
0
2
10
268435456
1000
250
5
1
0
1
0
0
1

1
1
4
2
6575
0
2
10
134217728
2000
500
10
1
0
1
0
0
1

0
1
2
1
6577
0
2
10
134217728
4000
50
5
1
0
1
0
0
1

3
1
8
4
6599
0
0
9
134217728
3000
100
1
0
1
0
0
1

1
1
4
2
6619
0
2
10
134217728
4000
250
1
1
0
1
0
0
1

1
1
4
4
6643
0
1
12
268435456
2000
50
9
1
1
0
1
0
0
1
0
0
1
4
1
6655
0
0
9
268435456
3000
50
1
0
1
0
0
1

1
1
8
2
6667
0
0
9
268435456
3000
500
1
0
1
0
0
1

1
1
4
2
6674
0
2
10
268435456
3000
100
100
1
0
1
0
0
1

0
1
8
8
6693
0
2
10
67108864
2000
250
5
1
0
1
0
0
1

3
1
1
1
6704
0
0
9
67108864
3000
500
1
0
1
0
0
1

1
1
2
2
6713
0
2
10
134217728
4000
50
1
1
0
1
0
0
1

3
1
1
1
6731
0
1
11
268435456
2000
250
38
0
1
0
1
0
0
1
1
1
4
1
6758
0
2
10
67108864
3000
500
1000
1
0
1
0
0
1

0
1
1
1
6761
0
2
10
67108864
2000
1000
1000
1
0
1
0
0
1

1
1
8
4
6763
0
1
12
134217728
4000
250
41
1
1
0
1
0
0
1
0
3
1
2
1
6770
0
2
10
67108864
1000
100
10
1
0
1
0
0
1

0
1
4
4
6772
0
1
11
67108864
3000
50
81
0
1
0
1
0
0
1
3
1
8
1
6794
0
1
12
268435456
3000
100
44
1
1
0
1
0
0
1
0
3
1
2
1
6812
0
2
10
268435456
3000
50
1000
1
0
1
0
0
1

0
1
2
1
6818
0
0
9
268435456
3000
100
1
0
1
0
0
1

1
1
2
1
6843
0
2
10
134217728
4000
500
1
1
0
1
0
0
1

3
1
4
2
6865
0
2
10
268435456
2000
250
1000
1
0
1
0
0
1

0
1
8
1
6886
0
1
12
134217728
4000
250
79
1
1
0
1
0
0
1
0
3
1
8
8
6916
0
1
12
268435456
1000
500
9
1
1
0
1
0
0
1
0
1
1
2
1
6918
0
0
9
268435456
3000
250
1
0
1
0
0
1

3
1
4
4
6942
0
1
11
67108864
4000
500
77
0
1
0
1
0
0
1
3
1
1
1
6971
0
2
10
134217728
4000
500
1
1
0
1
0
0
1

3
1
2
1
6973
0
1
12
67108864
3000
50
8
1
1
0
1
0
0
1
0
1
1
2
1
7000
0
0
9
134217728
4000
500
1
0
1
0
0
1

3
1
4
2
7024
0
1
11
67108864
2000
500
91
0
1
0
1
0
0
1
0
1
8
2
7044
0
1
12
67108864
4000
500
1
1
1
0
1
0
0
1
0
3
1
1
1
7046
0
2
10
268435456
1000
50
100
1
0
1
0
0
1

0
1
4
2
7070
0
0
9
67108864
4000
100
1
0
1
0
0
1

3
1
4
2
7094
0
1
12
268435456
2000
250
20
1
1
0
1
0
0
1
0
3
1
2
2
7118
0
1
11
134217728
4000
100
71
0
1
0
1
0
0
1
3
1
1
1
7138
0
2
10
134217728
4000
250
10
1
0
1
0
0
1

3
1
8
1
7158
0
0
9
268435456
2000
50
1
0
1
0
0
1

1
1
8
4
7178
0
1
11
268435456
2000
250
34
0
1
0
1
0
0
1
0
1
1
1
7200
0
2
10
67108864
4000
100
100
1
0
1
0
0
1

1
1
2
1
7207
0
0
9
67108864
4000
250
1
0
1
0
0
1

3
1
1
1
7226
0
0
9
268435456
2000
250
1
0
1
0
0
1

0
1
1
1
7240
0
1
11
67108864
3000
100
89
0
1
0
1
0
0
1
3
1
8
2
7264
0
1
11
67108864
3000
1000
2
0
1
0
1
0
0
1
1
1
2
1
7283
0
1
12
134217728
2000
250
1
1
1
0
1
0
0
1
0
1
1
1
1
7298
0
1
11
134217728
1000
50
65
0
1
0
1
0
0
1
0
1
2
1
7318
0
0
9
134217728
4000
250
1
0
1
0
0
1

3
1
1
1
7322
0
1
11
67108864
4000
50
90
0
1
0
1
0
0
1
3
1
1
1
7346
0
1
12
67108864
1000
1000
84
1
1
0
1
0
0
1
0
3
1
2
1
7363
0
1
12
67108864
1000
500
46
1
1
0
1
0
0
1
0
0
1
8
8
7371
0
0
9
134217728
4000
500
1
0
1
0
0
1

1
1
4
1
7396
0
1
12
67108864
1000
100
94
1
1
0
1
0
0
1
0
1
1
8
2
7414
0
1
11
67108864
2000
100
9
0
1
0
1
0
0
1
3
1
2
1
7415
0
0
9
134217728
4000
500
1
0
1
0
0
1

0
1
8
2
7439
0
1
11
67108864
2000
250
85
0
1
0
1
0
0
1
3
1
8
2
7467
0
0
9
134217728
1000
100
1
0
1
0
0
1

1
1
4
2
7477
0
1
12
268435456
1000
500
95
1
1
0
1
0
0
1
0
1
1
2
1
7500
0
0
9
134217728
4000
250
1
0
1
0
0
1

0
1
1
1
7521
0
2
10
67108864
4000
100
1
1
0
1
0
0
1

1
1
2
1
7535
0
1
11
134217728
1000
1000
36
0
1
0
1
0
0
1
3
1
1
1
7547
0
2
10
67108864
2000
250
5
1
0
1
0
0
1

0
1
2
1
7561
0
2
10
268435456
2000
500
1
1
0
1
0
0
1

0
1
4
4
7565
0
1
11
268435456
3000
100
67
0
1
0
1
0
0
1
1
1
2
2
7582
0
2
10
268435456
1000
250
10
1
0
1
0
0
1

1
1
8
4
7590
0
2
10
134217728
2000
50
10
1
0
1
0
0
1

3
1
4
2
7598
0
1
12
268435456
3000
500
16
1
1
0
1
0
0
1
0
3
1
2
2
7622
0
0
9
134217728
1000
500
1
0
1
0
0
1

3
1
8
1
7628
0
2
10
268435456
2000
50
5
1
0
1
0
0
1

1
1
1
1
7658
0
2
10
134217728
4000
100
5
1
0
1
0
0
1

3
1
1
1
7684
0
1
11
268435456
3000
500
57
0
1
0
1
0
0
1
3
1
8
2
7695
0
0
9
67108864
3000
100
1
0
1
0
0
1

3
1
8
8
7720
0
2
10
134217728
4000
100
100
1
0
1
0
0
1

1
1
1
1
7742
0
1
11
268435456
1000
250
57
0
1
0
1
0
0
1
1
1
8
2
7757
0
0
9
268435456
3000
500
1
0
1
0
0
1

0
1
4
2
7779
0
2
10
134217728
4000
500
1
1
0
1
0
0
1

1
1
4
4
7786
0
2
10
268435456
3000
50
1000
1
0
1
0
0
1

0
1
2
2
7804
0
1
11
67108864
2000
100
57
0
1
0
1
0
0
1
0
1
4
2
7832
0
1
12
268435456
2000
250
97
1
1
0
1
0
0
1
0
0
1
8
2
7834
0
0
9
268435456
3000
50
1
0
1
0
0
1

0
1
1
1
7835
0
0
9
134217728
2000
1000
1
0
1
0
0
1

1
1
1
1
7849
0
0
9
134217728
4000
500
1
0
1
0
0
1

0
1
8
8
7877
0
0
9
268435456
2000
100
1
0
1
0
0
1

1
1
8
4
7898
0
0
9
268435456
3000
250
1
0
1
0
0
1

0
1
1
1
7899
0
0
9
134217728
3000
50
1
0
1
0
0
1

0
1
4
4
7901
0
2
10
134217728
3000
50
10
1
0
1
0
0
1

3
1
2
1
7918
0
1
12
67108864
3000
1000
83
1
1
0
1
0
0
1
0
1
1
1
1
7938
0
0
9
67108864
3000
500
1
0
1
0
0
1

0
1
4
4
7944
0
0
9
134217728
3000
100
1
0
1
0
0
1

0
1
1
1
7965
0
1
12
67108864
4000
1000
21
1
1
0
1
0
0
1
0
3
1
2
1
7971
0
0
9
268435456
2000
50
1
0
1
0
0
1

3
1
2
2
7976
0
1
12
134217728
3000
500
35
1
1
0
1
0
0
1
0
1
1
4
2
7993
0
2
10
67108864
4000
1000
10
1
0
1
0
0
1

1
1
2
2
8006
0
2
10
268435456
1000
500
5
1
0
1
0
0
1

0
1
8
2
8034
0
0
9
268435456
3000
100
1
0
1
0
0
1

0
1
8
4
8042
0
2
10
67108864
4000
250
100
1
0
1
0
0
1

3
1
4
1
8063
0
2
10
134217728
4000
250
10
1
0
1
0
0
1

1
1
4
1
8090
0
2
10
134217728
4000
100
1000
1
0
1
0
0
1

0
1
1
1
8091
0
2
10
67108864
1000
1000
1000
1
0
1
0
0
1

3
1
4
4
8107
0
2
10
268435456
3000
500
100
1
0
1
0
0
1

3
1
2
1
8136
0
1
11
134217728
1000
50
68
0
1
0
1
0
0
1
3
1
2
1
8146
0
0
9
268435456
2000
500
1
0
1
0
0
1

1
1
8
1
8151
0
1
11
134217728
4000
100
96
0
1
0
1
0
0
1
3
1
2
1
8178
0
0
9
134217728
3000
250
1
0
1
0
0
1

0
1
8
1
8206
0
2
10
268435456
3000
250
10
1
0
1
0
0
1

0
1
2
1
8230
0
2
10
134217728
3000
100
1000
1
0
1
0
0
1

0
1
2
2
8240
0
0
9
67108864
4000
250
1
0
1
0
0
1

3
1
8
2
8265
0
1
11
67108864
3000
500
5
0
1
0
1
0
0
1
1
1
4
2
8270
0
2
10
134217728
2000
250
10
1
0
1
0
0
1

3
1
8
4
8286
0
1
12
268435456
3000
500
4
1
1
0
1
0
0
1
0
3
1
1
1
8308
0
0
9
134217728
2000
50
1
0
1
0
0
1

1
1
8
8
8324
0
2
10
134217728
3000
100
1000
1
0
1
0
0
1

1
1
2
2
8352
0
1
12
268435456
2000
100
43
1
1
0
1
0
0
1
0
0
1
1
1
8366
0
0
9
67108864
4000
250
1
0
1
0
0
1

3
1
8
1
8385
0
2
10
268435456
2000
50
1
1
0
1
0
0
1

3
1
4
2
8399
0
1
11
67108864
1000
1000
13
0
1
0
1
0
0
1
0
1
4
2
8419
0
2
10
134217728
2000
250
5
1
0
1
0
0
1

3
1
2
1
8422
0
2
10
67108864
3000
1000
1
1
0
1
0
0
1

3
1
1
1
8437
0
1
11
268435456
3000
50
71
0
1
0
1
0
0
1
0
1
8
4
8464
0
2
10
134217728
2000
100
5
1
0
1
0
0
1

1
1
4
4
8466
0
0
9
268435456
1000
50
1
0
1
0
0
1

3
1
1
1
8486
0
0
9
134217728
4000
1000
1
0
1
0
0
1

0
1
4
4
8508
0
2
10
67108864
2000
50
1000
1
0
1
0
0
1

3
1
1
1
8513
0
0
9
268435456
2000
250
1
0
1
0
0
1

3
1
2
2
8514
0
1
11
134217728
2000
1000
94
0
1
0
1
0
0
1
0
1
1
1
8540
0
2
10
67108864
4000
50
1
1
0
1
0
0
1

3
1
1
1
8545
0
1
11
268435456
3000
250
37
0
1
0
1
0
0
1
0
1
8
4
8546
0
0
9
268435456
2000
100
1
0
1
0
0
1

3
1
4
4
8547
0
2
10
268435456
3000
250
10
1
0
1
0
0
1

3
1
2
2
8550
0
2
10
268435456
3000
100
10
1
0
1
0
0
1

3
1
4
4
8554
0
1
11
268435456
2000
250
23
0
1
0
1
0
0
1
1
1
1
1
8557
0
2
10
268435456
1000
500
100
1
0
1
0
0
1

1
1
8
4
8570
0
1
12
268435456
1000
250
8
1
1
0
1
0
0
1
0
3
1
8
2
8590
0
1
12
67108864
2000
100
29
1
1
0
1
0
0
1
0
1
1
4
2
8607
0
1
12
134217728
2000
1000
7
1
1
0
1
0
0
1
0
0
1
4
4
8631
0
2
10
134217728
1000
100
10
1
0
1
0
0
1

1
1
2
1
8632
0
2
10
67108864
4000
500
10
1
0
1
0
0
1

3
1
8
4
8645
0
2
10
67108864
1000
100
100
1
0
1
0
0
1

3
1
1
1
8657
0
0
9
268435456
3000
500
1
0
1
0
0
1

1
1
1
1
8670
0
1
11
67108864
1000
50
44
0
1
0
1
0
0
1
3
1
4
2
8691
0
0
9
134217728
3000
500
1
0
1
0
0
1

1
1
4
4
8694
0
0
9
67108864
3000
1000
1
0
1
0
0
1

1
1
8
2
8705
0
1
12
268435456
3000
500
24
1
1
0
1
0
0
1
0
0
1
1
1
8722
0
0
9
268435456
3000
250
1
0
1
0
0
1

1
1
2
2
8750
0
2
10
67108864
2000
1000
10
1
0
1
0
0
1

3
1
8
2
8759
0
2
10
268435456
3000
50
5
1
0
1
0
0
1

1
1
1
1
8773
0
2
10
268435456
3000
100
1000
1
0
1
0
0
1

0
1
4
2
8802
0
2
10
268435456
2000
500
100
1
0
1
0
0
1

0
1
2
1
8826
0
1
12
134217728
1000
100
82
1
1
0
1
0
0
1
0
0
1
4
1
8828
0
2
10
67108864
2000
1000
5
1
0
1
0
0
1

1
1
2
1
8855
0
0
9
134217728
2000
1000
1
0
1
0
0
1

0
1
8
2
8875
0
2
10
268435456
2000
100
5
1
0
1
0
0
1

1
1
8
4
8903
0
2
10
268435456
2000
250
1
1
0
1
0
0
1

3
1
2
1
8912
0
0
9
268435456
1000
100
1
0
1
0
0
1

3
1
4
1
8933
0
1
11
67108864
3000
250
67
0
1
0
1
0
0
1
3
1
2
1
8938
0
2
10
134217728
1000
1000
1000
1
0
1
0
0
1

1
1
4
1
8968
0
0
9
134217728
1000
50
1
0
1
0
0
1

0
1
2
2
8990
0
2
10
67108864
4000
250
100
1
0
1
0
0
1

1
1
1
1
9001
0
0
9
67108864
4000
1000
1
0
1
0
0
1

3
1
4
1
9022
0
1
12
268435456
1000
500
34
1
1
0
1
0
0
1
0
3
1
8
4
9023
0
0
9
67108864
4000
250
1
0
1
0
0
1

1
1
8
1
9043
0
1
11
67108864
2000
500
21
0
1
0
1
0
0
1
1
1
8
1
9047
0
1
11
67108864
1000
250
93
0
1
0
1
0
0
1
0
1
4
2
9057
0
1
12
134217728
4000
250
77
1
1
0
1
0
0
1
0
3
1
2
1
9070
0
2
10
268435456
3000
500
1000
1
0
1
0
0
1

3
1
8
4
9075
0
1
12
134217728
3000
50
71
1
1
0
1
0
0
1
0
0
1
1
1
9088
0
2
10
67108864
4000
100
10
1
0
1
0
0
1

3
1
4
2
9089
0
2
10
134217728
3000
250
1000
1
0
1
0
0
1

3
1
8
1
9110
0
2
10
268435456
3000
50
100
1
0
1
0
0
1

1
1
1
1
9116
0
0
9
268435456
2000
100
1
0
1
0
0
1

1
1
2
2
9143
0
2
10
134217728
1000
1000
10
1
0
1
0
0
1

3
1
1
1
9157
0
0
9
67108864
4000
500
1
0
1
0
0
1

0
1
4
1
9162
0
0
9
268435456
3000
50
1
0
1
0
0
1

3
1
2
1
9170
0
2
10
268435456
3000
100
1000
1
0
1
0
0
1

3
1
1
1
9182
0
2
10
134217728
1000
100
5
1
0
1
0
0
1

1
1
1
1
9186
0
2
10
268435456
2000
500
1
1
0
1
0
0
1

0
1
8
2
9205
0
1
11
268435456
3000
100
31
0
1
0
1
0
0
1
1
1
8
2
9216
0
2
10
134217728
2000
50
100
1
0
1
0
0
1

1
1
1
1
9225
0
2
10
134217728
2000
250
100
1
0
1
0
0
1

1
1
8
4
9230
0
0
9
268435456
3000
500
1
0
1
0
0
1

1
1
8
1
9247
0
1
11
134217728
4000
100
3
0
1
0
1
0
0
1
1
1
1
1
9262
0
2
10
67108864
4000
100
1000
1
0
1
0
0
1

3
1
8
2
9268
0
2
10
134217728
1000
250
10
1
0
1
0
0
1

0
1
2
2
9270
0
0
9
67108864
2000
1000
1
0
1
0
0
1

0
1
1
1
9281
0
0
9
268435456
1000
500
1
0
1
0
0
1

3
1
4
4
9303
0
0
9
67108864
3000
500
1
0
1
0
0
1

0
1
8
1
9324
0
1
12
268435456
3000
500
11
1
1
0
1
0
0
1
0
1
1
8
8
9328
0
0
9
134217728
3000
50
1
0
1
0
0
1

3
1
4
1
9357
0
1
12
134217728
1000
500
81
1
1
0
1
0
0
1
0
1
1
4
2
9378
0
2
10
67108864
2000
50
1000
1
0
1
0
0
1

1
1
2
2
9401
0
2
10
268435456
3000
250
10
1
0
1
0
0
1

1
1
8
2
9423
0
0
9
268435456
1000
250
1
0
1
0
0
1

1
1
4
1
9451
0
2
10
134217728
1000
250
1
1
0
1
0
0
1

3
1
2
1
9476
0
0
9
268435456
1000
250
1
0
1
0
0
1

0
1
1
1
9492
0
1
12
67108864
2000
250
56
1
1
0
1
0
0
1
0
3
1
1
1
9505
0
0
9
134217728
4000
100
1
0
1
0
0
1

0
1
2
1
9516
0
2
10
134217728
4000
50
10
1
0
1
0
0
1

0
1
1
1
9534
0
1
12
134217728
3000
100
95
1
1
0
1
0
0
1
0
3
1
2
1
9550
0
1
12
134217728
2000
100
85
1
1
0
1
0
0
1
0
1
1
1
1
9562
0
1
12
268435456
1000
100
79
1
1
0
1
0
0
1
0
0
1
1
1
9563
0
1
11
134217728
3000
250
31
0
1
0
1
0
0
1
3
1
4
4
9573
0
1
12
134217728
2000
50
83
1
1
0
1
0
0
1
0
1
1
2
2
9577
0
1
11
67108864
2000
100
37
0
1
0
1
0
0
1
1
1
8
4
9599
0
0
9
67108864
4000
500
1
0
1
0
0
1

1
1
2
1
9617
0
0
9
134217728
1000
1000
1
0
1
0
0
1

0
1
1
1
9645
0
0
9
134217728
1000
1000
1
0
1
0
0
1

1
1
8
1
9650
0
0
9
67108864
3000
50
1
0
1
0
0
1

0
1
2
2
9680
0
2
10
134217728
4000
50
1000
1
0
1
0
0
1

0
1
4
2
9700
0
2
10
134217728
2000
100
1000
1
0
1
0
0
1

0
1
4
1
9718
0
0
9
67108864
4000
1000
1
0
1
0
0
1

3
1
2
1
9727
0
2
10
268435456
1000
250
1
1
0
1
0
0
1

1
1
2
1
9737
0
0
9
134217728
3000
250
1
0
1
0
0
1

3
1
1
1
9764
0
1
11
67108864
2000
500
2
0
1
0
1
0
0
1
0
1
1
1
9772
0
1
12
67108864
4000
50
45
1
1
0
1
0
0
1
0
3
1
8
8
9779
0
2
10
268435456
3000
100
1000
1
0
1
0
0
1

0
1
8
8
9784
0
0
9
134217728
3000
500
1
0
1
0
0
1

1
1
8
1
9796
0
1
11
268435456
2000
500
28
0
1
0
1
0
0
1
1
1
1
1
9813
0
1
11
268435456
3000
500
19
0
1
0
1
0
0
1
1
1
8
4
9838
0
0
9
67108864
4000
100
1
0
1
0
0
1

0
1
4
1
9848
0
1
11
67108864
3000
50
35
0
1
0
1
0
0
1
1
1
2
1
9876
0
1
12
268435456
3000
50
97
1
1
0
1
0
0
1
0
3
1
2
1
9895
0
2
10
67108864
1000
250
5
1
0
1
0
0
1

1
1
1
1
9902
0
1
11
268435456
3000
100
53
0
1
0
1
0
0
1
1
1
8
4
9925
0
2
10
268435456
2000
250
1000
1
0
1
0
0
1

3
1
8
4
9938
0
1
11
67108864
4000
250
58
0
1
0
1
0
0
1
1
1
4
2
9956
0
0
9
67108864
3000
250
1
0
1
0
0
1

3
1
1
1
9964
0
2
10
67108864
4000
500
1
1
0
1
0
0
1

1
1
2
1
9988
0
1
11
134217728
1000
1000
65
0
1
0
1
0
0
1
0
1
2
1
9997
0
0
9
268435456
3000
500
1
0
1
0
0
1

0
1
1
1
10012
0
1
11
67108864
1000
500
5
0
1
0
1
0
0
1
1
1
2
1
10018
0
1
11
134217728
3000
250
94
0
1
0
1
0
0
1
3
1
4
2
10045
0
0
9
268435456
2000
500
1
0
1
0
0
1

0
1
4
1
10074
0
0
9
67108864
2000
100
1
0
1
0
0
1

0
1
1
1
10077
0
1
12
134217728
3000
1000
68
1
1
0
1
0
0
1
0
1
1
2
1
10094
0
0
9
268435456
3000
100
1
0
1
0
0
1

0
1
4
2
10099
0
1
11
67108864
2000
50
41
0
1
0
1
0
0
1
3
1
2
1
10121
0
2
10
268435456
3000
250
100
1
0
1
0
0
1

0
1
1
1
10145
0
1
12
134217728
1000
1000
60
1
1
0
1
0
0
1
0
0
1
1
1
10152
0
0
9
134217728
2000
100
1
0
1
0
0
1

1
1
4
1
10166
0
2
10
268435456
2000
50
1000
1
0
1
0
0
1

0
1
1
1
10191
0
1
11
134217728
1000
1000
32
0
1
0
1
0
0
1
1
1
8
4
10194
0
0
9
67108864
1000
250
1
0
1
0
0
1

1
1
4
4
10199
0
0
9
268435456
1000
250
1
0
1
0
0
1

3
1
2
1
10229
0
1
12
67108864
3000
250
29
1
1
0
1
0
0
1
0
3
1
1
1
10256
0
2
10
134217728
4000
50
100
1
0
1
0
0
1

0
1
2
2
10271
0
1
12
268435456
3000
500
69
1
1
0
1
0
0
1
0
3
1
2
1
10298
0
0
9
134217728
2000
1000
1
0
1
0
0
1

1
1
4
2
10321
0
1
12
134217728
1000
50
26
1
1
0
1
0
0
1
0
0
1
2
1
10340
0
1
11
134217728
4000
100
66
0
1
0
1
0
0
1
0
1
8
1
10367
0
1
12
67108864
4000
250
48
1
1
0
1
0
0
1
0
1
1
4
2
10382
0
2
10
134217728
3000
500
5
1
0
1
0
0
1

0
1
1
1
10398
0
1
12
67108864
1000
50
48
1
1
0
1
0
0
1
0
1
1
8
1
10399
0
2
10
67108864
1000
500
5
1
0
1
0
0
1

0
1
4
2
10407
0
2
10
134217728
2000
100
10
1
0
1
0
0
1

1
1
8
8
10421
0
2
10
67108864
4000
500
10
1
0
1
0
0
1

0
1
1
1
10425
0
2
10
67108864
2000
500
10
1
0
1
0
0
1

1
1
2
1
10447
0
1
11
268435456
2000
500
35
0
1
0
1
0
0
1
3
1
1
1
10475
0
1
12
268435456
2000
50
31
1
1
0
1
0
0
1
0
0
1
2
1
10492
0
1
12
67108864
3000
50
55
1
1
0
1
0
0
1
0
0
1
2
1
10501
0
1
11
268435456
3000
100
12
0
1
0
1
0
0
1
3
1
1
1
10507
0
1
11
67108864
1000
500
28
0
1
0
1
0
0
1
0
1
2
1
10536
0
2
10
134217728
1000
500
100
1
0
1
0
0
1

1
1
2
1
10562
0
1
11
67108864
2000
50
44
0
1
0
1
0
0
1
1
1
1
1
10587
0
0
9
67108864
2000
50
1
0
1
0
0
1

1
1
2
2
10589
0
0
9
134217728
2000
1000
1
0
1
0
0
1

0
1
8
4
10611
0
1
12
67108864
1000
500
33
1
1
0
1
0
0
1
0
1
1
1
1
10623
0
1
12
268435456
2000
50
85
1
1
0
1
0
0
1
0
1
1
8
8
10624
0
0
9
268435456
3000
500
1
0
1
0
0
1

0
1
4
2
10637
0
2
10
67108864
1000
500
1
1
0
1
0
0
1

3
1
8
8
10665
0
0
9
268435456
1000
250
1
0
1
0
0
1

0
1
2
1
10672
0
2
10
268435456
2000
500
5
1
0
1
0
0
1

1
1
8
4
10697
0
0
9
67108864
2000
250
1
0
1
0
0
1

3
1
1
1
10723
0
1
11
268435456
1000
50
99
0
1
0
1
0
0
1
3
1
4
1
10732
0
0
9
134217728
4000
250
1
0
1
0
0
1

1
1
8
8
10744
0
2
10
67108864
2000
250
1000
1
0
1
0
0
1

0
1
4
2
10762
0
1
11
67108864
3000
1000
54
0
1
0
1
0
0
1
3
1
2
1
10773
0
0
9
268435456
2000
250
1
0
1
0
0
1

1
1
1
1
10787
0
1
12
67108864
4000
500
91
1
1
0
1
0
0
1
0
3
1
1
1
10814
0
0
9
134217728
4000
100
1
0
1
0
0
1

3
1
4
2
10817
0
1
12
134217728
2000
100
19
1
1
0
1
0
0
1
0
1
1
2
1
10820
0
0
9
268435456
3000
500
1
0
1
0
0
1

1
1
4
2
10835
0
2
10
67108864
2000
100
1
1
0
1
0
0
1

3
1
4
4
10836
0
0
9
134217728
2000
50
1
0
1
0
0
1

1
1
2
1
10863
0
2
10
268435456
2000
50
5
1
0
1
0
0
1

0
1
8
8
10886
0
1
11
134217728
4000
50
56
0
1
0
1
0
0
1
1
1
4
2
10888
0
1
12
134217728
4000
1000
33
1
1
0
1
0
0
1
0
1
1
2
1
10890
0
1
11
67108864
3000
1000
16
0
1
0
1
0
0
1
0
1
4
2
10907
0
0
9
67108864
3000
50
1
0
1
0
0
1

1
1
4
2
10924
0
2
10
67108864
3000
250
1000
1
0
1
0
0
1

1
1
2
2
10953
0
2
10
134217728
4000
250
1000
1
0
1
0
0
1

3
1
8
4
10981
0
0
9
67108864
4000
500
1
0
1
0
0
1

0
1
4
2
10995
0
2
10
134217728
2000
1000
1
1
0
1
0
0
1

0
1
8
8
11022
0
1
11
134217728
3000
100
19
0
1
0
1
0
0
1
0
1
2
1
11042
0
1
12
134217728
4000
100
68
1
1
0
1
0
0
1
0
3
1
4
4
11064
0
2
10
67108864
1000
500
5
1
0
1
0
0
1

3
1
4
2
11068
0
2
10
134217728
2000
500
5
1
0
1
0
0
1

1
1
1
1
11085
0
2
10
268435456
1000
100
1
1
0
1
0
0
1

1
1
8
2
11101
0
1
12
134217728
4000
1000
5
1
1
0
1
0
0
1
0
0
1
1
1
11108
0
0
9
67108864
3000
250
1
0
1
0
0
1

0
1
8
8
11136
0
2
10
67108864
2000
50
10
1
0
1
0
0
1

1
1
8
1
11150
0
2
10
67108864
4000
100
1000
1
0
1
0
0
1

0
1
1
1
11178
0
2
10
134217728
3000
100
1
1
0
1
0
0
1

3
1
1
1
11188
0
0
9
268435456
2000
500
1
0
1
0
0
1

1
1
1
1
11201
0
0
9
67108864
4000
50
1
0
1
0
0
1

3
1
2
1
11226
0
2
10
67108864
1000
500
5
1
0
1
0
0
1

0
1
1
1
11230
0
1
12
67108864
3000
250
83
1
1
0
1
0
0
1
0
3
1
2
1
11253
0
2
10
268435456
3000
500
10
1
0
1
0
0
1

1
1
4
2
11263
0
0
9
134217728
1000
500
1
0
1
0
0
1

0
1
8
4
11272
0
1
12
67108864
2000
100
48
1
1
0
1
0
0
1
0
3
1
4
1
11301
0
2
10
67108864
3000
250
5
1
0
1
0
0
1

3
1
2
1
11304
0
0
9
67108864
2000
100
1
0
1
0
0
1

1
1
1
1
11315
0
0
9
134217728
3000
250
1
0
1
0
0
1

1
1
4
2
11331
0
0
9
268435456
2000
500
1
0
1
0
0
1

3
1
8
8
11348
0
0
9
268435456
1000
500
1
0
1
0
0
1

1
1
1
1
11364
0
0
9
67108864
3000
50
1
0
1
0
0
1

1
1
8
8
11384
0
1
11
268435456
3000
100
84
0
1
0
1
0
0
1
1
1
2
1
11413
0
1
11
268435456
3000
500
69
0
1
0
1
0
0
1
0
1
2
1
11421
0
1
12
67108864
2000
100
25
1
1
0
1
0
0
1
0
3
1
8
8
11425
0
2
10
134217728
1000
100
1000
1
0
1
0
0
1

0
1
2
1
11447
0
2
10
67108864
3000
50
5
1
0
1
0
0
1

0
1
1
1
11470
0
0
9
67108864
1000
1000
1
0
1
0
0
1

1
1
4
4
11495
0
0
9
67108864
4000
1000
1
0
1
0
0
1

3
1
2
1
11500
0
2
10
268435456
3000
100
5
1
0
1
0
0
1

1
1
8
1
11512
0
0
9
134217728
1000
500
1
0
1
0
0
1

3
1
8
8
11540
0
1
12
67108864
2000
500
50
1
1
0
1
0
0
1
0
1
1
2
2
11553
0
0
9
268435456
3000
50
1
0
1
0
0
1

1
1
1
1
11563
0
1
11
67108864
3000
100
8
0
1
0
1
0
0
1
0
1
2
1
11566
0
1
11
67108864
2000
100
12
0
1
0
1
0
0
1
0
1
8
4
11573
0
1
11
67108864
1000
250
97
0
1
0
1
0
0
1
0
1
4
4
11578
0
1
11
134217728
2000
50
58
0
1
0
1
0
0
1
1
1
1
1
11579
0
1
11
67108864
4000
1000
48
0
1
0
1
0
0
1
1
1
2
1
11589
0
2
10
67108864
4000
250
10
1
0
1
0
0
1

3
1
2
1
11590
0
0
9
67108864
4000
500
1
0
1
0
0
1

0
1
4
2
11611
0
1
12
268435456
2000
100
90
1
1
0
1
0
0
1
0
1
1
4
2
11639
0
0
9
134217728
2000
100
1
0
1
0
0
1

3
1
4
2
11667
0
0
9
134217728
3000
100
1
0
1
0
0
1

3
1
1
1
11671
0
1
12
134217728
2000
1000
22
1
1
0
1
0
0
1
0
0
1
8
1
11687
0
0
9
268435456
2000
500
1
0
1
0
0
1

0
1
8
8
11692
0
0
9
268435456
2000
50
1
0
1
0
0
1

1
1
8
4
11718
0
2
10
134217728
3000
1000
100
1
0
1
0
0
1

3
1
8
1
11741
0
1
11
67108864
4000
1000
22
0
1
0
1
0
0
1
1
1
1
1
11751
0
2
10
268435456
2000
500
5
1
0
1
0
0
1

1
1
4
4
11763
0
1
11
134217728
1000
1000
87
0
1
0
1
0
0
1
3
1
4
2
11780
0
2
10
268435456
1000
50
100
1
0
1
0
0
1

1
1
2
1
11783
0
0
9
268435456
3000
100
1
0
1
0
0
1

1
1
8
4
11811
0
1
11
268435456
3000
500
61
0
1
0
1
0
0
1
1
1
8
1
11817
0
2
10
134217728
1000
1000
100
1
0
1
0
0
1

1
1
4
2
11834
0
0
9
134217728
3000
50
1
0
1
0
0
1

3
1
4
4
11839
0
0
9
268435456
1000
500
1
0
1
0
0
1

1
1
4
4
11850
0
1
12
268435456
3000
500
83
1
1
0
1
0
0
1
0
1
1
1
1
11851
0
1
11
134217728
4000
100
10
0
1
0
1
0
0
1
3
1
2
1
11859
0
2
10
67108864
3000
100
10
1
0
1
0
0
1

1
1
4
2
11877
0
0
9
268435456
3000
50
1
0
1
0
0
1

0
1
1
1
11892
0
0
9
134217728
4000
500
1
0
1
0
0
1

0
1
8
2
11916
0
0
9
67108864
2000
50
1
0
1
0
0
1

0
1
1
1
11934
0
0
9
134217728
4000
50
1
0
1
0
0
1

1
1
8
1
11937
0
1
11
67108864
4000
1000
70
0
1
0
1
0
0
1
3
1
2
2
11965
0
1
11
67108864
2000
1000
60
0
1
0
1
0
0
1
3
1
1
1
11987
0
2
10
268435456
2000
50
1
1
0
1
0
0
1

3
1
1
1
11996
0
2
10
134217728
2000
1000
1000
1
0
1
0
0
1

3
1
2
2
12005
0
0
9
134217728
1000
50
1
0
1
0
0
1

3
1
1
1
12019
0
2
10
134217728
3000
500
5
1
0
1
0
0
1

3
1
1
1
12020
0
1
11
134217728
2000
250
9
0
1
0
1
0
0
1
3
1
4
2
12040
0
1
12
67108864
2000
100
59
1
1
0
1
0
0
1
0
1
1
8
1
12055
0
0
9
67108864
1000
250
1
0
1
0
0
1

0
1
8
4
12079
0
2
10
268435456
1000
100
100
1
0
1
0
0
1

0
1
1
1
12087
0
2
10
268435456
3000
500
100
1
0
1
0
0
1

3
1
1
1
12105
0
1
12
134217728
2000
250
86
1
1
0
1
0
0
1
0
3
1
8
1
12120
0
1
11
67108864
1000
250
38
0
1
0
1
0
0
1
3
1
2
1
12126
0
0
9
67108864
2000
50
1
0
1
0
0
1

1
1
1
1
12146
0
0
9
134217728
1000
50
1
0
1
0
0
1

0
1
2
1
12166
0
2
10
67108864
4000
50
1
1
0
1
0
0
1

0
1
2
2
12182
0
2
10
134217728
3000
100
1
1
0
1
0
0
1

3
1
1
1
12210
0
2
10
67108864
2000
50
1000
1
0
1
0
0
1

1
1
1
1
12236
0
0
9
134217728
3000
1000
1
0
1
0
0
1

3
1
2
1
12261
0
2
10
134217728
1000
1000
1
1
0
1
0
0
1

3
1
1
1
12270
0
1
12
134217728
2000
250
53
1
1
0
1
0
0
1
0
0
1
1
1
12299
0
2
10
67108864
1000
500
1000
1
0
1
0
0
1

0
1
8
4
12317
0
0
9
134217728
2000
1000
1
0
1
0
0
1

1
1
1
1
12347
0
2
10
268435456
3000
50
100
1
0
1
0
0
1

3
1
1
1
12358
0
1
12
268435456
3000
50
38
1
1
0
1
0
0
1
0
3
1
1
1
12387
0
1
11
268435456
3000
500
92
0
1
0
1
0
0
1
0
1
4
2
12412
0
0
9
134217728
4000
500
1
0
1
0
0
1

1
1
2
1
12423
0
2
10
268435456
1000
100
1000
1
0
1
0
0
1

3
1
2
1
12432
0
2
10
134217728
3000
50
10
1
0
1
0
0
1

0
1
8
8
12449
0
2
10
67108864
1000
1000
10
1
0
1
0
0
1

0
1
2
1
12458
0
1
12
134217728
2000
100
87
1
1
0
1
0
0
1
0
1
1
1
1
12486
0
0
9
67108864
1000
500
1
0
1
0
0
1

1
1
4
1
12492
0
0
9
134217728
2000
1000
1
0
1
0
0
1

3
1
8
2
12511
0
1
11
67108864
2000
500
60
0
1
0
1
0
0
1
1
1
1
1
12517
0
0
9
67108864
2000
500
1
0
1
0
0
1

1
1
8
8
12518
0
2
10
134217728
1000
500
100
1
0
1
0
0
1

1
1
4
2
12524
0
0
9
268435456
2000
500
1
0
1
0
0
1

3
1
4
2
12527
0
1
12
134217728
2000
1000
63
1
1
0
1
0
0
1
0
1
1
4
4
12529
0
0
9
134217728
2000
50
1
0
1
0
0
1

1
1
1
1
12551
0
2
10
268435456
1000
100
1
1
0
1
0
0
1

0
1
1
1
12555
0
0
9
67108864
1000
50
1
0
1
0
0
1

1
1
1
1
12561
0
1
12
134217728
4000
1000
98
1
1
0
1
0
0
1
0
3
1
4
1
12572
0
1
11
67108864
2000
50
23
0
1
0
1
0
0
1
1
1
4
2
12586
0
0
9
67108864
2000
100
1
0
1
0
0
1

3
1
2
2
12600
0
0
9
134217728
2000
100
1
0
1
0
0
1

1
1
8
2
12617
0
0
9
67108864
1000
100
1
0
1
0
0
1

1
1
1
1
12647
0
1
12
134217728
3000
250
65
1
1
0
1
0
0
1
0
0
1
2
2
12674
0
1
12
134217728
4000
500
99
1
1
0
1
0
0
1
0
0
1
4
2
12678
0
2
10
268435456
1000
250
1000
1
0
1
0
0
1

3
1
8
4
12684
0
2
10
268435456
3000
500
10
1
0
1
0
0
1

0
1
8
8
12711
0
0
9
67108864
1000
50
1
0
1
0
0
1

1
1
8
8
12728
0
1
12
268435456
1000
50
19
1
1
0
1
0
0
1
0
3
1
1
1
12755
0
2
10
134217728
4000
1000
100
1
0
1
0
0
1

3
1
8
2
12776
0
1
12
67108864
3000
100
13
1
1
0
1
0
0
1
0
3
1
4
4
12803
0
2
10
268435456
3000
500
100
1
0
1
0
0
1

3
1
4
4
12828
0
0
9
268435456
3000
250
1
0
1
0
0
1

3
1
1
1
12832
0
2
10
134217728
3000
1000
100
1
0
1
0
0
1

0
1
2
1
12851
0
0
9
268435456
3000
500
1
0
1
0
0
1

3
1
4
1
12860
0
1
11
268435456
1000
250
4
0
1
0
1
0
0
1
1
1
1
1
12890
0
1
12
67108864
1000
100
4
1
1
0
1
0
0
1
0
0
1
1
1
12911
0
2
10
134217728
2000
250
100
1
0
1
0
0
1

3
1
1
1
12930
0
0
9
67108864
4000
250
1
0
1
0
0
1

0
1
4
1
12957
0
0
9
134217728
4000
50
1
0
1
0
0
1

0
1
4
2
12977
0
0
9
134217728
1000
50
1
0
1
0
0
1

3
1
4
2
12991
0
2
10
67108864
1000
50
1
1
0
1
0
0
1

0
1
1
1
12999
0
0
9
134217728
4000
1000
1
0
1
0
0
1

0
1
8
1
13024
0
1
12
268435456
2000
50
95
1
1
0
1
0
0
1
0
3
1
2
1
13050
0
0
9
268435456
3000
100
1
0
1
0
0
1

3
1
2
1
13078
0
0
9
268435456
3000
50
1
0
1
0
0
1

0
1
8
8
13089
0
1
11
134217728
3000
500
76
0
1
0
1
0
0
1
3
1
8
1
13091
0
0
9
134217728
3000
100
1
0
1
0
0
1

0
1
8
8
13096
0
2
10
134217728
3000
50
5
1
0
1
0
0
1

0
1
2
1
13117
0
0
9
134217728
1000
500
1
0
1
0
0
1

0
1
8
4
13145
0
2
10
134217728
2000
500
10
1
0
1
0
0
1

3
1
1
1
13166
0
0
9
67108864
2000
50
1
0
1
0
0
1

1
1
4
4
13194
0
2
10
134217728
2000
1000
10
1
0
1
0
0
1

3
1
8
2
13198
0
1
12
134217728
1000
500
18
1
1
0
1
0
0
1
0
3
1
1
1
13199
0
0
9
67108864
3000
50
1
0
1
0
0
1

1
1
2
1
13206
0
2
10
134217728
3000
1000
1
1
0
1
0
0
1

1
1
4
2
13212
0
0
9
67108864
2000
250
1
0
1
0
0
1

1
1
2
1
13231
0
0
9
134217728
1000
50
1
0
1
0
0
1

3
1
1
1
13254
0
1
12
268435456
3000
500
90
1
1
0
1
0
0
1
0
0
1
8
2
13268
0
2
10
134217728
4000
100
10
1
0
1
0
0
1

0
1
8
1
13273
0
0
9
268435456
3000
250
1
0
1
0
0
1

0
1
2
1
13284
0
2
10
67108864
4000
50
10
1
0
1
0
0
1

0
1
4
2
13290
0
2
10
268435456
3000
500
10
1
0
1
0
0
1

0
1
2
1
13301
0
2
10
67108864
2000
250
1000
1
0
1
0
0
1

1
1
2
1
13321
0
2
10
67108864
3000
500
1
1
0
1
0
0
1

0
1
2
1
13344
0
2
10
268435456
2000
100
1000
1
0
1
0
0
1

3
1
8
8
13370
0
1
11
67108864
2000
250
78
0
1
0
1
0
0
1
3
1
8
2
13386
0
1
11
134217728
1000
500
46
0
1
0
1
0
0
1
3
1
4
2
13408
0
0
9
67108864
2000
100
1
0
1
0
0
1

0
1
8
1
13422
0
1
11
268435456
3000
500
11
0
1
0
1
0
0
1
1
1
4
2
13448
0
1
12
67108864
2000
50
28
1
1
0
1
0
0
1
0
3
1
1
1
13475
0
2
10
268435456
3000
250
10
1
0
1
0
0
1

0
1
2
2
13483
0
1
11
67108864
2000
50
5
0
1
0
1
0
0
1
3
1
4
2
13508
0
2
10
134217728
4000
500
1000
1
0
1
0
0
1

3
1
1
1
13530
0
1
12
134217728
3000
500
36
1
1
0
1
0
0
1
0
3
1
2
1
13534
0
0
9
268435456
3000
500
1
0
1
0
0
1

3
1
8
4
13560
0
0
9
268435456
3000
50
1
0
1
0
0
1

1
1
1
1
13561
0
1
11
268435456
3000
50
68
0
1
0
1
0
0
1
3
1
8
4
13571
0
2
10
268435456
3000
500
1
1
0
1
0
0
1

0
1
4
2
13598
0
1
11
67108864
3000
100
65
0
1
0
1
0
0
1
1
1
8
2
13599
0
1
12
67108864
2000
500
40
1
1
0
1
0
0
1
0
3
1
1
1
13606
0
0
9
134217728
2000
100
1
0
1
0
0
1

3
1
8
8
13626
0
2
10
67108864
3000
500
10
1
0
1
0
0
1

1
1
1
1
13630
0
2
10
268435456
1000
50
5
1
0
1
0
0
1

3
1
8
4
13635
0
1
12
67108864
4000
50
4
1
1
0
1
0
0
1
0
3
1
2
2
13664
0
0
9
67108864
2000
100
1
0
1
0
0
1

3
1
8
1
13694
0
0
9
134217728
4000
100
1
0
1
0
0
1

0
1
8
4
13720
0
2
10
67108864
4000
1000
1
1
0
1
0
0
1

1
1
2
1
13734
0
2
10
134217728
2000
500
1
1
0
1
0
0
1

3
1
4
2
13741
0
2
10
268435456
3000
500
5
1
0
1
0
0
1

0
1
4
2
13769
0
0
9
268435456
1000
500
1
0
1
0
0
1

1
1
8
1
13799
0
2
10
67108864
1000
500
10
1
0
1
0
0
1

0
1
4
1
13802
0
0
9
268435456
2000
500
1
0
1
0
0
1

1
1
4
4
13806
0
2
10
134217728
3000
1000
100
1
0
1
0
0
1

3
1
1
1
13808
0
0
9
134217728
4000
100
1
0
1
0
0
1

0
1
2
2
13821
0
0
9
67108864
3000
500
1
0
1
0
0
1

0
1
4
2
13822
0
1
12
268435456
3000
500
43
1
1
0
1
0
0
1
0
1
1
2
2
13833
0
2
10
67108864
4000
500
1000
1
0
1
0
0
1

1
1
8
8
13855
0
2
10
134217728
2000
100
5
1
0
1
0
0
1

1
1
2
1
13871
0
2
10
268435456
2000
100
1
1
0
1
0
0
1

3
1
1
1
13884
0
1
12
134217728
1000
50
61
1
1
0
1
0
0
1
0
1
1
1
1
13898
0
1
11
67108864
4000
1000
55
0
1
0
1
0
0
1
1
1
4
4
13927
0
0
9
67108864
3000
250
1
0
1
0
0
1

1
1
2
1
13928
0
1
11
134217728
1000
1000
9
0
1
0
1
0
0
1
0
1
1
1
13943
0
1
11
268435456
1000
500
72
0
1
0
1
0
0
1
0
1
4
2
13955
0
1
12
134217728
3000
500
50
1
1
0
1
0
0
1
0
1
1
4
1
13976
0
1
12
67108864
2000
100
86
1
1
0
1
0
0
1
0
0
1
8
2
13989
0
0
9
134217728
3000
1000
1
0
1
0
0
1

1
1
4
2
14017
0
2
10
134217728
4000
500
1000
1
0
1
0
0
1

1
1
1
1
14037
0
0
9
67108864
3000
500
1
0
1
0
0
1

1
1
2
1
14047
0
0
9
268435456
1000
500
1
0
1
0
0
1

1
1
2
1
14076
0
2
10
67108864
1000
500
10
1
0
1
0
0
1

1
1
8
2
14104
0
2
10
67108864
2000
500
10
1
0
1
0
0
1

0
1
1
1
14134
0
1
12
268435456
3000
500
20
1
1
0
1
0
0
1
0
1
1
1
1
14146
0
2
10
134217728
2000
50
100
1
0
1
0
0
1

1
1
1
1
14162
0
2
10
268435456
3000
50
1000
1
0
1
0
0
1

0
1
2
1
14172
0
1
11
67108864
2000
250
32
0
1
0
1
0
0
1
0
1
4
2
14200
0
0
9
268435456
3000
250
1
0
1
0
0
1

1
1
8
2
14221
0
2
10
67108864
1000
500
5
1
0
1
0
0
1

1
1
4
2
14239
0
1
12
134217728
2000
50
63
1
1
0
1
0
0
1
0
0
1
1
1
14267
0
0
9
268435456
3000
500
1
0
1
0
0
1

0
1
4
2
14268
0
2
10
134217728
4000
250
1
1
0
1
0
0
1

0
1
2
1
14281
0
0
9
134217728
2000
1000
1
0
1
0
0
1

0
1
1
1
14308
0
2
10
268435456
2000
100
1000
1
0
1
0
0
1

1
1
1
1
14323
0
0
9
268435456
2000
500
1
0
1
0
0
1

0
1
1
1
14347
0
1
12
268435456
3000
500
34
1
1
0
1
0
0
1
0
0
1
4
1
14371
0
2
10
268435456
1000
50
10
1
0
1
0
0
1

1
1
4
1
14397
0
1
11
268435456
2000
100
50
0
1
0
1
0
0
1
1
1
8
8
14424
0
1
12
268435456
1000
50
69
1
1
0
1
0
0
1
0
1
1
1
1
14429
0
1
12
134217728
3000
50
47
1
1
0
1
0
0
1
0
0
1
1
1
14449
0
2
10
134217728
4000
1000
1000
1
0
1
0
0
1

0
1
8
1
14459
0
1
12
67108864
1000
1000
58
1
1
0
1
0
0
1
0
1
1
4
1
14464
0
1
11
268435456
2000
500
13
0
1
0
1
0
0
1
1
1
2
1
14465
0
1
12
67108864
1000
250
97
1
1
0
1
0
0
1
0
0
1
1
1
14474
0
2
10
268435456
3000
250
10
1
0
1
0
0
1

0
1
4
1
14479
0
0
9
268435456
3000
500
1
0
1
0
0
1

1
1
4
4
14500
0
2
10
67108864
4000
1000
5
1
0
1
0
0
1

1
1
1
1
14501
0
1
11
67108864
2000
50
82
0
1
0
1
0
0
1
1
1
4
2
14508
0
1
12
268435456
2000
100
44
1
1
0
1
0
0
1
0
1
1
1
1
14515
0
2
10
134217728
1000
1000
1
1
0
1
0
0
1

0
1
4
4
14539
0
1
12
67108864
2000
250
76
1
1
0
1
0
0
1
0
1
1
4
1
14557
0
0
9
134217728
3000
1000
1
0
1
0
0
1

0
1
4
4
14572
0
0
9
268435456
3000
250
1
0
1
0
0
1

1
1
1
1
14573
0
0
9
67108864
3000
500
1
0
1
0
0
1

1
1
1
1
14590
0
1
11
134217728
4000
50
39
0
1
0
1
0
0
1
0
1
4
2
14595
0
0
9
268435456
3000
500
1
0
1
0
0
1

0
1
8
1
14614
0
0
9
134217728
2000
1000
1
0
1
0
0
1

0
1
8
4
14619
0
2
10
134217728
1000
500
1000
1
0
1
0
0
1

1
1
2
1
14621
0
1
11
134217728
4000
500
37
0
1
0
1
0
0
1
0
1
8
2
14647
0
0
9
268435456
2000
500
1
0
1
0
0
1

0
1
1
1
14665
0
2
10
268435456
1000
100
10
1
0
1
0
0
1

1
1
4
4
14666
0
1
11
134217728
1000
100
30
0
1
0
1
0
0
1
1
1
8
4
14693
0
1
12
134217728
1000
500
85
1
1
0
1
0
0
1
0
0
1
4
2
14707
0
1
12
67108864
2000
1000
71
1
1
0
1
0
0
1
0
0
1
1
1
14710
0
2
10
134217728
4000
1000
1000
1
0
1
0
0
1

1
1
4
2
14719
0
2
10
268435456
2000
100
1000
1
0
1
0
0
1

0
1
4
2
14749
0
1
12
268435456
3000
50
16
1
1
0
1
0
0
1
0
1
1
4
2
14751
0
1
11
134217728
1000
500
47
0
1
0
1
0
0
1
0
1
8
2
14752
0
0
9
268435456
2000
500
1
0
1
0
0
1

0
1
1
1
14760
0
1
12
268435456
1000
100
86
1
1
0
1
0
0
1
0
0
1
4
2
14770
0
1
11
67108864
4000
250
26
0
1
0
1
0
0
1
0
1
8
1
14788
0
1
11
268435456
2000
500
55
0
1
0
1
0
0
1
1
1
4
2
14795
0
0
9
67108864
3000
50
1
0
1
0
0
1

1
1
8
2
14821
0
1
11
268435456
3000
250
48
0
1
0
1
0
0
1
0
1
2
1
14838
0
0
9
67108864
4000
250
1
0
1
0
0
1

1
1
8
4
14853
0
0
9
268435456
1000
500
1
0
1
0
0
1

1
1
8
1
14860
0
0
9
268435456
2000
250
1
0
1
0
0
1

0
1
8
1
14880
0
2
10
67108864
4000
50
5
1
0
1
0
0
1

0
1
4
1
14895
0
1
12
134217728
3000
50
2
1
1
0
1
0
0
1
0
0
1
4
4
14908
0
2
10
268435456
2000
500
10
1
0
1
0
0
1

1
1
2
2
14934
0
0
9
67108864
4000
50
1
0
1
0
0
1

1
1
4
1
14963
0
2
10
67108864
1000
250
1000
1
0
1
0
0
1

0
1
2
1
14983
0
1
12
67108864
3000
500
87
1
1
0
1
0
0
1
0
1
1
8
8
15008
0
1
11
134217728
1000
1000
48
0
1
0
1
0
0
1
1
1
2
1
15035
0
0
9
134217728
2000
1000
1
0
1
0
0
1

1
1
4
2
15065
0
1
12
134217728
3000
500
58
1
1
0
1
0
0
1
0
1
1
1
1
15076
0
2
10
134217728
4000
500
5
1
0
1
0
0
1

0
1
8
8
15100
0
1
12
268435456
3000
50
36
1
1
0
1
0
0
1
0
0
1
4
4
15128
0
2
10
134217728
4000
1000
1000
1
0
1
0
0
1

1
1
1
1
15134
0
2
10
134217728
3000
50
1000
1
0
1
0
0
1

0
1
2
2
15144
0
2
10
67108864
1000
50
10
1
0
1
0
0
1

1
1
8
4
15147
0
1
11
268435456
1000
500
61
0
1
0
1
0
0
1
1
1
2
1
15168
0
1
11
67108864
2000
50
24
0
1
0
1
0
0
1
0
1
8
8
15170
0
2
10
134217728
2000
1000
10
1
0
1
0
0
1

1
1
4
2
15171
0
1
12
134217728
2000
250
0
1
1
0
1
0
0
1
0
0
1
2
1
15195
0
1
11
67108864
4000
1000
5
0
1
0
1
0
0
1
0
1
2
1
15217
0
2
10
268435456
3000
100
5
1
0
1
0
0
1

1
1
4
2
15247
0
0
9
67108864
3000
500
1
0
1
0
0
1

0
1
8
2
15259
0
1
11
134217728
3000
50
22
0
1
0
1
0
0
1
1
1
2
1
15288
0
1
12
268435456
1000
500
65
1
1
0
1
0
0
1
0
1
1
2
2
15299
0
2
10
67108864
4000
100
100
1
0
1
0
0
1

0
1
8
2
15327
0
1
12
67108864
2000
100
56
1
1
0
1
0
0
1
0
1
1
8
2
15331
0
0
9
134217728
2000
100
1
0
1
0
0
1

1
1
2
1
15358
0
1
12
134217728
3000
100
70
1
1
0
1
0
0
1
0
1
1
2
1
15370
0
1
12
67108864
1000
1000
58
1
1
0
1
0
0
1
0
0
1
8
4
15377
0
2
10
134217728
2000
100
1
1
0
1
0
0
1

0
1
4
1
15398
0
1
11
134217728
4000
50
56
0
1
0
1
0
0
1
1
1
1
1
15410
0
2
10
134217728
2000
1000
1000
1
0
1
0
0
1

1
1
2
2
15429
0
0
9
67108864
3000
100
1
0
1
0
0
1

1
1
1
1
15434
0
2
10
134217728
2000
250
10
1
0
1
0
0
1

0
1
1
1
15453
0
1
11
268435456
3000
500
81
0
1
0
1
0
0
1
1
1
1
1
15458
0
2
10
134217728
4000
1000
1000
1
0
1
0
0
1

1
1
1
1
15470
0
1
11
268435456
1000
100
25
0
1
0
1
0
0
1
1
1
8
1
15493
0
2
10
268435456
1000
500
1
1
0
1
0
0
1

0
1
4
2
15523
0
0
9
134217728
2000
100
1
0
1
0
0
1

0
1
1
1
15553
0
0
9
134217728
2000
100
1
0
1
0
0
1

0
1
2
2
15571
0
2
10
134217728
2000
250
10
1
0
1
0
0
1

1
1
4
1
15573
0
2
10
268435456
1000
250
5
1
0
1
0
0
1

1
1
2
1
15581
0
1
12
67108864
1000
50
59
1
1
0
1
0
0
1
0
1
1
1
1
15582
0
1
12
134217728
1000
1000
2
1
1
0
1
0
0
1
0
0
1
1
1
15610
0
0
9
268435456
2000
250
1
0
1
0
0
1

0
1
8
4
15633
0
2
10
268435456
2000
100
1
1
0
1
0
0
1

1
1
4
2
15657
0
0
9
67108864
2000
500
1
0
1
0
0
1

0
1
4
2
15669
0
1
11
268435456
3000
50
59
0
1
0
1
0
0
1
0
1
4
2
15679
0
2
10
268435456
1000
500
1
1
0
1
0
0
1

0
1
8
4
15699
0
1
11
67108864
1000
50
49
0
1
0
1
0
0
1
1
1
8
4
15707
0
0
9
268435456
1000
50
1
0
1
0
0
1

1
1
2
1
15731
0
1
12
67108864
2000
250
60
1
1
0
1
0
0
1
0
0
1
4
2
15741
0
1
12
134217728
3000
250
88
1
1
0
1
0
0
1
0
1
1
2
2
15762
0
2
10
134217728
1000
100
1000
1
0
1
0
0
1

1
1
4
1
15769
0
1
11
67108864
3000
250
94
0
1
0
1
0
0
1
0
1
1
1
15783
0
2
10
67108864
4000
100
10
1
0
1
0
0
1

1
1
4
2
15797
0
0
9
67108864
3000
250
1
0
1
0
0
1

1
1
1
1
15816
0
2
10
134217728
3000
100
100
1
0
1
0
0
1

0
1
2
1
15839
0
0
9
134217728
4000
100
1
0
1
0
0
1

0
1
1
1
15854
0
1
12
67108864
3000
1000
6
1
1
0
1
0
0
1
0
0
1
2
1
15878
0
1
12
268435456
1000
100
77
1
1
0
1
0
0
1
0
0
1
2
1
15902
0
1
12
268435456
2000
50
91
1
1
0
1
0
0
1
0
0
1
4
2
15904
0
2
10
134217728
2000
100
1
1
0
1
0
0
1

0
1
8
2
15905
0
2
10
268435456
3000
50
1
1
0
1
0
0
1

1
1
2
1
15916
0
1
12
67108864
3000
50
5
1
1
0
1
0
0
1
0
0
1
4
2
15931
0
2
10
67108864
3000
250
10
1
0
1
0
0
1

0
1
2
1
15956
0
2
10
268435456
2000
250
5
1
0
1
0
0
1

0
1
8
1
15974
0
2
10
67108864
3000
50
10
1
0
1
0
0
1

1
1
4
4
15984
0
1
11
67108864
1000
100
15
0
1
0
1
0
0
1
0
1
2
1
15992
0
1
12
134217728
4000
1000
57
1
1
0
1
0
0
1
0
0
1
2
1
16007
0
1
12
67108864
2000
250
28
1
1
0
1
0
0
1
0
1
1
8
4
16008
0
1
12
67108864
1000
500
79
1
1
0
1
0
0
1
0
1
1
2
1
16032
0
0
9
134217728
4000
1000
1
0
1
0
0
1

1
1
2
2
16048
0
0
9
268435456
1000
500
1
0
1
0
0
1

1
1
1
1
16050
0
0
9
134217728
3000
500
1
0
1
0
0
1

1
1
1
1
16052
0
1
11
67108864
3000
250
39
0
1
0
1
0
0
1
1
1
8
2
16078
0
2
10
268435456
1000
250
1000
1
0
1
0
0
1

1
1
4
4
16104
0
1
11
268435456
3000
100
53
0
1
0
1
0
0
1
0
1
4
1
16109
0
1
12
67108864
4000
1000
45
1
1
0
1
0
0
1
0
1
1
2
2
16111
0
0
9
134217728
1000
1000
1
0
1
0
0
1

1
1
4
2
16125
0
0
9
134217728
4000
250
1
0
1
0
0
1

0
1
2
2
16135
0
2
10
67108864
2000
50
5
1
0
1
0
0
1

0
1
1
1
16155
0
0
9
67108864
3000
100
1
0
1
0
0
1

1
1
1
1
16165
0
2
10
134217728
2000
100
10
1
0
1
0
0
1

0
1
4
4
16186
0
1
12
134217728
2000
250
0
1
1
0
1
0
0
1
0
1
1
8
8
16208
0
0
9
268435456
2000
500
1
0
1
0
0
1

1
1
4
2
16210
0
1
11
268435456
2000
500
75
0
1
0
1
0
0
1
1
1
8
8
16227
0
1
11
268435456
1000
250
75
0
1
0
1
0
0
1
0
1
4
2
16245
0
0
9
134217728
2000
100
1
0
1
0
0
1

0
1
8
4
16274
0
2
10
268435456
1000
100
1000
1
0
1
0
0
1

1
1
1
1
16289
0
2
10
268435456
1000
500
1000
1
0
1
0
0
1

0
1
8
2
16297
0
2
10
134217728
1000
1000
100
1
0
1
0
0
1

0
1
4
2
16305
0
1
11
134217728
4000
100
28
0
1
0
1
0
0
1
1
1
1
1
16325
0
1
12
134217728
2000
1000
73
1
1
0
1
0
0
1
0
1
1
2
1
16328
0
1
11
67108864
2000
500
69
0
1
0
1
0
0
1
1
1
8
8
16344
0
0
9
134217728
4000
1000
1
0
1
0
0
1

1
1
1
1
16364
0
0
9
67108864
2000
50
1
0
1
0
0
1

1
1
2
1
16378
0
1
12
268435456
1000
50
55
1
1
0
1
0
0
1
0
1
1
8
8
16400
0
1
11
134217728
1000
250
77
0
1
0
1
0
0
1
1
1
2
1
16407
0
0
9
134217728
2000
500
1
0
1
0
0
1

1
1
8
4
16427
0
0
9
134217728
2000
500
1
0
1
0
0
1

1
1
1
1
16456
0
0
9
134217728
1000
250
1
0
1
0
0
1

0
1
8
4
16464
0
2
10
67108864
2000
100
100
1
0
1
0
0
1

0
1
8
8
16488
0
0
9
67108864
1000
250
1
0
1
0
0
1

0
1
1
1
16504
0
1
11
67108864
1000
50
35
0
1
0
1
0
0
1
0
1
1
1
16505
0
2
10
67108864
2000
250
1
1
0
1
0
0
1

1
1
8
1
16535
0
2
10
67108864
1000
100
1000
1
0
1
0
0
1

1
1
4
1
16546
0
2
10
268435456
1000
500
1000
1
0
1
0
0
1

0
1
2
2
16572
0
1
11
134217728
4000
250
1
0
1
0
1
0
0
1
1
1
2
1
16598
0
2
10
67108864
1000
100
100
1
0
1
0
0
1

1
1
8
4
16615
0
2
10
134217728
3000
250
5
1
0
1
0
0
1

1
1
1
1
16628
0
0
9
67108864
1000
1000
1
0
1
0
0
1

1
1
1
1
16647
0
0
9
134217728
3000
1000
1
0
1
0
0
1

1
1
4
2
16650
0
2
10
268435456
3000
250
10
1
0
1
0
0
1

1
1
2
1
16675
0
0
9
268435456
3000
250
1
0
1
0
0
1

1
1
8
8
16692
0
2
10
134217728
2000
1000
10
1
0
1
0
0
1

1
1
2
1
16718
0
2
10
268435456
1000
500
1000
1
0
1
0
0
1

1
1
4
4
16727
0
2
10
268435456
3000
100
5
1
0
1
0
0
1

0
1
2
1
16738
0
1
12
134217728
3000
50
3
1
1
0
1
0
0
1
0
0
1
1
1
16743
0
2
10
67108864
3000
250
100
1
0
1
0
0
1

1
1
2
2
16773
0
1
12
134217728
3000
500
51
1
1
0
1
0
0
1
0
0
1
4
2
16789
0
0
9
67108864
2000
250
1
0
1
0
0
1

0
1
2
1
16809
0
1
12
134217728
1000
1000
93
1
1
0
1
0
0
1
0
0
1
1
1
16817
0
0
9
134217728
2000
50
1
0
1
0
0
1

0
1
1
1
16822
0
2
10
134217728
3000
50
1000
1
0
1
0
0
1

0
1
2
1
16849
0
1
11
268435456
3000
100
27
0
1
0
1
0
0
1
1
1
1
1
16862
0
1
12
67108864
3000
1000
32
1
1
0
1
0
0
1
0
0
1
4
2
16887
0
1
12
67108864
3000
100
66
1
1
0
1
0
0
1
0
0
1
4
1
16903
0
2
10
134217728
3000
250
1000
1
0
1
0
0
1

1
1
4
4
16910
0
1
12
67108864
1000
100
67
1
1
0
1
0
0
1
0
1
1
1
1
16937
0
0
9
67108864
3000
250
1
0
1
0
0
1

1
1
2
1
16947
0
2
10
268435456
3000
250
100
1
0
1
0
0
1

0
1
8
4
16961
0
2
10
67108864
1000
50
1000
1
0
1
0
0
1

0
1
4
2
16977
0
1
11
134217728
2000
50
98
0
1
0
1
0
0
1
0
1
4
2
17004
0
2
10
134217728
3000
250
5
1
0
1
0
0
1

0
1
2
1
17030
0
1
11
134217728
1000
1000
69
0
1
0
1
0
0
1
1
1
4
2
17039
0
2
10
134217728
1000
250
10
1
0
1
0
0
1

1
1
1
1
17062
0
1
11
67108864
4000
250
86
0
1
0
1
0
0
1
1
1
8
8
17091
0
2
10
134217728
3000
100
5
1
0
1
0
0
1

1
1
4
1
17117
0
1
11
134217728
3000
250
65
0
1
0
1
0
0
1
0
1
1
1
17140
0
1
11
67108864
1000
1000
95
0
1
0
1
0
0
1
1
1
2
1
17157
0
1
11
67108864
4000
50
58
0
1
0
1
0
0
1
0
1
2
1
17172
0
2
10
67108864
3000
500
10
1
0
1
0
0
1

1
1
1
1
17192
0
1
11
268435456
3000
100
11
0
1
0
1
0
0
1
0
1
4
4
17217
0
0
9
268435456
1000
250
1
0
1
0
0
1

0
1
1
1
17245
0
0
9
67108864
2000
100
1
0
1
0
0
1

0
1
4
2
17269
0
2
10
268435456
3000
500
5
1
0
1
0
0
1

0
1
8
2
17286
0
0
9
67108864
3000
50
1
0
1
0
0
1

1
1
8
8
17295
0
2
10
134217728
2000
100
10
1
0
1
0
0
1

0
1
8
2
17324
0
1
12
67108864
3000
500
30
1
1
0
1
0
0
1
0
1
1
4
2
17328
0
1
12
67108864
1000
1000
1
1
1
0
1
0
0
1
0
0
1
1
1
17348
0
1
12
268435456
3000
500
96
1
1
0
1
0
0
1
0
0
1
4
1
17377
0
0
9
268435456
2000
50
1
0
1
0
0
1

0
1
1
1
17389
0
2
10
268435456
2000
50
100
1
0
1
0
0
1

0
1
2
1
17418
0
0
9
67108864
4000
1000
1
0
1
0
0
1

1
1
2
1
17437
0
1
11
134217728
2000
1000
15
0
1
0
1
0
0
1
1
1
8
4
17451
0
1
12
134217728
3000
100
0
1
1
0
1
0
0
1
0
1
1
2
2
17463
0
1
11
268435456
3000
250
71
0
1
0
1
0
0
1
0
1
8
1
17475
0
1
12
268435456
3000
50
38
1
1
0
1
0
0
1
0
1
1
4
2
17483
0
2
10
134217728
4000
250
10
1
0
1
0
0
1

1
1
8
8
17494
0
1
12
67108864
4000
1000
20
1
1
0
1
0
0
1
0
0
1
1
1
17511
0
0
9
67108864
4000
500
1
0
1
0
0
1

1
1
1
1
17528
0
2
10
268435456
3000
250
1
1
0
1
0
0
1

0
1
4
2
17550
0
0
9
268435456
1000
500
1
0
1
0
0
1

0
1
4
2
17569
0
1
11
268435456
1000
100
54
0
1
0
1
0
0
1
1
1
4
4
17582
0
1
11
268435456
3000
50
66
0
1
0
1
0
0
1
1
1
8
1
17600
0
0
9
268435456
2000
500
1
0
1
0
0
1

0
1
8
8
17605
0
1
11
268435456
1000
500
82
0
1
0
1
0
0
1
1
1
4
4
17627
0
1
11
134217728
1000
50
73
0
1
0
1
0
0
1
0
1
1
1
17642
0
0
9
268435456
1000
250
1
0
1
0
0
1

0
1
4
2
17644
0
0
9
268435456
2000
50
1
0
1
0
0
1

1
1
1
1
17674
0
0
9
268435456
2000
500
1
0
1
0
0
1

0
1
4
1
17691
0
0
9
268435456
3000
500
1
0
1
0
0
1

1
1
4
2
17695
0
1
11
134217728
1000
100
43
0
1
0
1
0
0
1
0
1
2
1
17714
0
2
10
67108864
2000
100
5
1
0
1
0
0
1

0
1
2
1
17716
0
1
11
134217728
1000
100
65
0
1
0
1
0
0
1
1
1
1
1
17731
0
0
9
67108864
2000
100
1
0
1
0
0
1

0
1
2
1
17755
0
0
9
268435456
3000
500
1
0
1
0
0
1

1
1
4
2
17768
0
0
9
134217728
4000
50
1
0
1
0
0
1

0
1
4
2
17771
0
2
10
134217728
2000
1000
100
1
0
1
0
0
1

1
1
1
1
17796
0
1
12
268435456
2000
100
84
1
1
0
1
0
0
1
0
1
1
2
2
17809
0
2
10
134217728
1000
250
100
1
0
1
0
0
1

0
1
8
1
17818
0
0
9
268435456
2000
100
1
0
1
0
0
1

1
1
2
2
17833
0
2
10
134217728
2000
100
1000
1
0
1
0
0
1

1
1
2
1
17846
0
2
10
268435456
3000
250
1000
1
0
1
0
0
1

0
1
2
1
17869
0
0
9
134217728
1000
50
1
0
1
0
0
1

0
1
2
1
17873
0
1
12
268435456
2000
250
74
1
1
0
1
0
0
1
0
1
1
1
1
17875
0
0
9
268435456
1000
100
1
0
1
0
0
1

1
1
2
2
17881
0
1
12
268435456
1000
500
21
1
1
0
1
0
0
1
0
0
1
2
2
17900
0
0
9
134217728
3000
100
1
0
1
0
0
1

0
1
2
1
17923
0
2
10
67108864
4000
100
100
1
0
1
0
0
1

0
1
2
1
17945
0
1
12
268435456
2000
250
50
1
1
0
1
0
0
1
0
1
1
8
8
17958
0
2
10
134217728
2000
100
1
1
0
1
0
0
1

0
1
1
1
17980
0
1
12
268435456
2000
250
76
1
1
0
1
0
0
1
0
0
1
4
2
18006
0
2
10
268435456
1000
500
10
1
0
1
0
0
1

0
1
1
1
18010
0
0
9
134217728
2000
250
1
0
1
0
0
1

0
1
4
2
18036
0
1
11
134217728
1000
250
64
0
1
0
1
0
0
1
1
1
4
2
18052
0
2
10
134217728
3000
50
10
1
0
1
0
0
1

1
1
4
2
18057
0
1
12
268435456
1000
500
46
1
1
0
1
0
0
1
0
0
1
1
1
18077
0
1
12
67108864
3000
500
69
1
1
0
1
0
0
1
0
0
1
4
1
18106
0
1
11
67108864
1000
250
6
0
1
0
1
0
0
1
0
1
8
2
18116
0
0
9
134217728
4000
250
1
0
1
0
0
1

0
1
1
1
18122
0
0
9
67108864
3000
50
1
0
1
0
0
1

0
1
1
1
18133
0
1
11
67108864
1000
500
58
0
1
0
1
0
0
1
1
1
2
1
18156
0
2
10
67108864
4000
1000
5
1
0
1
0
0
1

1
1
8
8
18170
0
0
9
268435456
1000
50
1
0
1
0
0
1

0
1
4
2
18191
0
1
12
67108864
1000
250
60
1
1
0
1
0
0
1
0
1
1
4
2
18213
0
2
10
268435456
2000
500
1000
1
0
1
0
0
1

1
1
8
8
18231
0
1
12
134217728
1000
500
14
1
1
0
1
0
0
1
0
1
1
1
1
18259
0
2
10
134217728
2000
100
100
1
0
1
0
0
1

0
1
8
1
18277
0
1
12
268435456
2000
50
45
1
1
0
1
0
0
1
0
1
1
8
8
18284
0
0
9
268435456
3000
100
1
0
1
0
0
1

0
1
8
1
18294
0
2
10
268435456
1000
250
100
1
0
1
0
0
1

1
1
2
2
18295
0
0
9
268435456
1000
250
1
0
1
0
0
1

0
1
2
1
18316
0
2
10
268435456
1000
500
10
1
0
1
0
0
1

1
1
4
2
18343
0
1
11
268435456
1000
100
78
0
1
0
1
0
0
1
0
1
1
1
18372
0
2
10
268435456
3000
500
10
1
0
1
0
0
1

1
1
8
4
18402
0
0
9
67108864
3000
500
1
0
1
0
0
1

0
1
8
2
18421
0
2
10
67108864
1000
500
10
1
0
1
0
0
1

0
1
8
8
18428
0
2
10
134217728
4000
500
100
1
0
1
0
0
1

1
1
2
2
18454
0
0
9
67108864
4000
500
1
0
1
0
0
1

0
1
2
2
18481
0
1
12
268435456
2000
500
12
1
1
0
1
0
0
1
0
1
1
8
4
18484
0
1
12
67108864
1000
500
45
1
1
0
1
0
0
1
0
1
1
4
2
18509
0
0
9
268435456
3000
500
1
0
1
0
0
1

0
1
1
1
18525
0
1
12
134217728
2000
50
61
1
1
0
1
0
0
1
0
1
1
4
2
18545
0
0
9
134217728
3000
500
1
0
1
0
0
1

1
1
8
4
18569
0
0
9
268435456
3000
50
1
0
1
0
0
1

1
1
8
8
18581
0
1
11
67108864
3000
100
40
0
1
0
1
0
0
1
0
1
8
8
18589
0
2
10
67108864
2000
500
10
1
0
1
0
0
1

1
1
8
1
18594
0
2
10
134217728
2000
500
5
1
0
1
0
0
1

0
1
8
8
18607
0
0
9
67108864
1000
1000
1
0
1
0
0
1

0
1
1
1
18613
0
2
10
134217728
4000
250
5
1
0
1
0
0
1

1
1
2
1
18618
0
1
11
67108864
3000
250
13
0
1
0
1
0
0
1
1
1
1
1
18635
0
2
10
134217728
3000
50
1
1
0
1
0
0
1

0
1
8
8
18636
0
1
12
268435456
2000
500
2
1
1
0
1
0
0
1
0
1
1
2
1
18648
0
0
9
268435456
2000
500
1
0
1
0
0
1

1
1
4
2
18670
0
2
10
268435456
2000
500
1000
1
0
1
0
0
1

1
1
4
2
18673
0
0
9
134217728
2000
500
1
0
1
0
0
1

1
1
1
1
18698
0
2
10
134217728
1000
1000
10
1
0
1
0
0
1

0
1
2
1
18712
0
1
11
67108864
3000
100
83
0
1
0
1
0
0
1
0
1
2
1
18734
0
1
11
67108864
2000
1000
28
0
1
0
1
0
0
1
0
1
1
1
18743
0
1
12
67108864
4000
1000
4
1
1
0
1
0
0
1
0
1
1
4
4
18747
0
1
12
67108864
2000
500
89
1
1
0
1
0
0
1
0
1
1
1
1
18753
0
1
11
67108864
4000
250
56
0
1
0
1
0
0
1
0
1
8
1
18763
0
1
12
134217728
1000
1000
44
1
1
0
1
0
0
1
0
1
1
2
1
18791
0
1
12
268435456
1000
50
6
1
1
0
1
0
0
1
0
1
1
1
1
18813
0
0
9
67108864
1000
250
1
0
1
0
0
1

0
1
1
1
18824
0
1
12
268435456
2000
100
96
1
1
0
1
0
0
1
0
0
1
1
1
18834
0
1
11
268435456
2000
500
9
0
1
0
1
0
0
1
0
1
1
1
18858
0
2
10
268435456
1000
100
1
1
0
1
0
0
1

0
1
2
1
18874
0
0
9
67108864
1000
50
1
0
1
0
0
1

1
1
2
1
18894
0
0
9
134217728
3000
50
1
0
1
0
0
1

1
1
2
1
18895
0
0
9
67108864
2000
50
1
0
1
0
0
1

0
1
2
1
18911
0
2
10
268435456
3000
250
1000
1
0
1
0
0
1

0
1
1
1
18931
0
1
12
67108864
4000
500
66
1
1
0
1
0
0
1
0
0
1
1
1
18942
0
0
9
268435456
2000
50
1
0
1
0
0
1

0
1
2
1
18967
0
1
11
67108864
4000
250
26
0
1
0
1
0
0
1
0
1
2
1
18971
0
1
12
67108864
1000
250
84
1
1
0
1
0
0
1
0
0
1
2
1
18983
0
1
12
134217728
4000
1000
45
1
1
0
1
0
0
1
0
0
1
2
1
18989
0
2
10
268435456
3000
500
10
1
0
1
0
0
1

1
1
8
8
18999
0
2
10
67108864
3000
100
1000
1
0
1
0
0
1

0
1
2
1
19027
0
1
11
268435456
2000
500
56
0
1
0
1
0
0
1
1
1
8
1
19054
0
0
9
67108864
4000
50
1
0
1
0
0
1

1
1
2
2
19062
0
2
10
134217728
4000
100
5
1
0
1
0
0
1

1
1
1
1
19088
0
1
12
134217728
2000
100
77
1
1
0
1
0
0
1
0
0
1
4
1
19093
0
1
11
134217728
2000
1000
89
0
1
0
1
0
0
1
0
1
1
1
19117
0
1
12
67108864
1000
1000
62
1
1
0
1
0
0
1
0
1
1
4
1
19135
0
2
10
67108864
1000
1000
1
1
0
1
0
0
1

0
1
1
1
19155
0
0
9
134217728
2000
250
1
0
1
0
0
1

1
1
8
4
19171
0
1
11
67108864
2000
250
26
0
1
0
1
0
0
1
1
1
8
1
19192
0
2
10
134217728
1000
250
1000
1
0
1
0
0
1

1
1
8
8
19214
0
1
12
67108864
3000
100
59
1
1
0
1
0
0
1
0
0
1
2
1
19242
0
2
10
268435456
3000
100
10
1
0
1
0
0
1

0
1
8
2
19250
0
0
9
67108864
1000
500
1
0
1
0
0
1

0
1
4
2
19278
0
2
10
268435456
3000
500
100
1
0
1
0
0
1

0
1
1
1
19287
0
1
12
134217728
3000
1000
60
1
1
0
1
0
0
1
0
1
1
2
1
19313
0
1
11
67108864
1000
50
36
0
1
0
1
0
0
1
0
1
2
1
19317
0
1
11
67108864
1000
50
91
0
1
0
1
0
0
1
0
1
1
1
19339
0
2
10
268435456
3000
500
1
1
0
1
0
0
1

1
1
4
2
19349
0
1
12
134217728
1000
500
74
1
1
0
1
0
0
1
0
1
1
4
1
19370
0
0
9
67108864
4000
500
1
0
1
0
0
1

1
1
4
2
19386
0
2
10
134217728
4000
100
1000
1
0
1
0
0
1

1
1
1
1
19387
0
1
11
268435456
1000
100
81
0
1
0
1
0
0
1
1
1
4
2
19407
0
2
10
268435456
3000
50
1
1
0
1
0
0
1

1
1
2
1
19415
0
0
9
134217728
4000
250
1
0
1
0
0
1

0
1
1
1
19432
0
1
12
268435456
1000
500
95
1
1
0
1
0
0
1
0
0
1
8
2
19433
0
1
11
268435456
3000
250
98
0
1
0
1
0
0
1
0
1
1
1
19457
0
1
12
67108864
3000
500
52
1
1
0
1
0
0
1
0
0
1
8
1
19464
0
1
12
268435456
1000
50
38
1
1
0
1
0
0
1
0
0
1
2
2
19471
0
2
10
134217728
1000
100
1000
1
0
1
0
0
1

0
1
8
8
19482
0
2
10
134217728
1000
250
1
1
0
1
0
0
1

1
1
8
4
19498
0
1
12
268435456
2000
50
25
1
1
0
1
0
0
1
0
1
1
1
1
19510
0
2
10
268435456
3000
500
5
1
0
1
0
0
1

1
1
4
1
19529
0
1
12
134217728
3000
100
5
1
1
0
1
0
0
1
0
0
1
2
1
19538
0
1
11
134217728
2000
50
48
0
1
0
1
0
0
1
1
1
8
1
19546
0
1
12
268435456
1000
100
51
1
1
0
1
0
0
1
0
1
1
8
8
19570
0
2
10
134217728
1000
50
100
1
0
1
0
0
1

0
1
8
1
19589
0
1
11
134217728
3000
500
43
0
1
0
1
0
0
1
1
1
2
1
19590
0
2
10
67108864
1000
500
10
1
0
1
0
0
1

1
1
2
1
19608
0
0
9
134217728
2000
100
1
0
1
0
0
1

0
1
2
1
19616
0
2
10
67108864
1000
1000
1
1
0
1
0
0
1

1
1
1
1
19623
0
2
10
67108864
3000
100
1000
1
0
1
0
0
1

0
1
8
4
19632
0
0
9
134217728
2000
250
1
0
1
0
0
1

0
1
8
1
19654
0
1
11
134217728
1000
250
20
0
1
0
1
0
0
1
1
1
4
1
19678
0
1
11
67108864
2000
50
33
0
1
0
1
0
0
1
1
1
8
8
19700
0
2
10
67108864
1000
50
100
1
0
1
0
0
1

1
1
4
1
19710
0
0
9
134217728
2000
500
1
0
1
0
0
1

0
1
4
4
19718
0
0
9
268435456
3000
500
1
0
1
0
0
1

1
1
2
1
19723
0
1
12
134217728
3000
500
21
1
1
0
1
0
0
1
0
0
1
1
1
19751
0
0
9
67108864
3000
1000
1
0
1
0
0
1

1
1
2
1
19759
0
2
10
67108864
3000
100
1
1
0
1
0
0
1

0
1
1
1
19764
0
2
10
268435456
3000
50
1000
1
0
1
0
0
1

1
1
8
8
19768
0
1
12
67108864
4000
1000
22
1
1
0
1
0
0
1
0
1
1
4
4
19792
0
0
9
268435456
2000
500
1
0
1
0
0
1

1
1
2
1
19812
0
2
10
268435456
1000
100
5
1
0
1
0
0
1

0
1
1
1
19841
0
1
11
268435456
3000
250
83
0
1
0
1
0
0
1
0
1
2
1
19864
0
2
10
67108864
2000
500
1
1
0
1
0
0
1

0
1
1
1
19885
0
2
10
268435456
3000
100
1
1
0
1
0
0
1

0
1
2
1
19888
0
1
11
134217728
2000
500
97
0
1
0
1
0
0
1
0
1
4
1
19899
0
1
12
268435456
3000
250
58
1
1
0
1
0
0
1
0
0
1
2
1
19922
0
1
12
67108864
3000
1000
91
1
1
0
1
0
0
1
0
1
1
2
1
19946
0
0
9
134217728
3000
100
1
0
1
0
0
1

0
1
4
2
19952
0
0
9
268435456
1000
500
1
0
1
0
0
1

0
1
2
1
19976
0
0
9
268435456
3000
250
1
0
1
0
0
1

0
1
1
1
20006
0
2
10
134217728
1000
100
1
1
0
1
0
0
1

0
1
1
1
20010
0
0
9
268435456
1000
250
1
0
1
0
0
1

0
1
8
4
20024
0
1
12
134217728
3000
1000
11
1
1
0
1
0
0
1
0
1
1
1
1
20050
0
2
10
134217728
2000
250
1000
1
0
1
0
0
1

0
1
1
1
20058
0
1
12
67108864
3000
100
1
1
1
0
1
0
0
1
0
1
1
4
2
20064
0
2
10
134217728
4000
250
1
1
0
1
0
0
1

1
1
8
8
20074
0
2
10
268435456
3000
500
10
1
0
1
0
0
1

1
1
4
1
20089
0
0
9
67108864
3000
100
1
0
1
0
0
1

0
1
8
2
20104
0
2
10
67108864
2000
250
1000
1
0
1
0
0
1

1
1
4
2
20116
0
1
11
67108864
2000
500
62
0
1
0
1
0
0
1
1
1
4
2
20144
0
0
9
268435456
2000
100
1
0
1
0
0
1

0
1
8
1
20166
0
0
9
134217728
4000
100
1
0
1
0
0
1

1
1
1
1
20178
0
1
11
67108864
3000
50
15
0
1
0
1
0
0
1
1
1
8
2
20208
0
0
9
268435456
3000
100
1
0
1
0
0
1

0
1
1
1
20213
0
1
11
67108864
2000
250
91
0
1
0
1
0
0
1
0
1
1
1
20225
0
2
10
67108864
2000
500
10
1
0
1
0
0
1

0
1
4
4
20252
0
0
9
268435456
1000
50
1
0
1
0
0
1

0
1
1
1
20268
0
0
9
67108864
1000
100
1
0
1
0
0
1

0
1
1
1
20289
0
2
10
67108864
2000
50
100
1
0
1
0
0
1

0
1
4
2
20311
0
2
10
67108864
4000
50
10
1
0
1
0
0
1

0
1
4
1
20322
0
2
10
134217728
1000
100
100
1
0
1
0
0
1

1
1
4
2
20349
0
2
10
67108864
3000
500
5
1
0
1
0
0
1

0
1
2
2
20375
0
0
9
268435456
3000
100
1
0
1
0
0
1

0
1
4
2
20389
0
2
10
67108864
2000
500
1000
1
0
1
0
0
1

0
1
8
2
20404
0
2
10
134217728
3000
250
10
1
0
1
0
0
1

0
1
8
4
20421
0
0
9
67108864
3000
500
1
0
1
0
0
1

0
1
1
1
20429
0
1
11
67108864
1000
1000
14
0
1
0
1
0
0
1
0
1
8
4
20442
0
1
12
134217728
3000
1000
37
1
1
0
1
0
0
1
0
1
1
2
2
20454
0
2
10
134217728
4000
50
10
1
0
1
0
0
1

1
1
4
4
20468
0
1
12
134217728
2000
500
44
1
1
0
1
0
0
1
0
0
1
1
1
20496
0
2
10
134217728
3000
500
10
1
0
1
0
0
1

0
1
1
1
20501
0
0
9
67108864
3000
50
1
0
1
0
0
1

1
1
4
2
20508
0
0
9
268435456
3000
500
1
0
1
0
0
1

0
1
1
1
20536
0
2
10
268435456
1000
250
100
1
0
1
0
0
1

0
1
8
2
20555
0
1
12
134217728
1000
50
33
1
1
0
1
0
0
1
0
1
1
8
2
20584
0
0
9
268435456
3000
500
1
0
1
0
0
1

1
1
2
1
20610
0
2
10
134217728
3000
250
1
1
0
1
0
0
1

1
1
2
1
20625
0
1
12
67108864
2000
1000
49
1
1
0
1
0
0
1
0
0
1
8
1
20645
0
2
10
134217728
2000
500
10
1
0
1
0
0
1

0
1
4
2
20649
0
0
9
67108864
3000
1000
1
0
1
0
0
1

1
1
1
1
20652
0
2
10
67108864
1000
100
100
1
0
1
0
0
1

0
1
2
2
20665
0
0
9
67108864
3000
250
1
0
1
0
0
1

1
1
2
1
20670
0
0
9
268435456
3000
500
1
0
1
0
0
1

0
1
8
2
20671
0
0
9
268435456
3000
50
1
0
1
0
0
1

0
1
4
2
20678
0
2
10
268435456
3000
50
1000
1
0
1
0
0
1

1
1
4
2
20698
0
1
11
134217728
1000
50
25
0
1
0
1
0
0
1
1
1
4
2
20704
0
2
10
134217728
1000
500
100
1
0
1
0
0
1

0
1
2
2
20734
0
0
9
67108864
4000
100
1
0
1
0
0
1

0
1
1
1
20747
0
0
9
67108864
3000
250
1
0
1
0
0
1

1
1
2
2
20758
0
2
10
268435456
2000
500
10
1
0
1
0
0
1

1
1
1
1
20773
0
0
9
67108864
1000
1000
1
0
1
0
0
1

0
1
8
1
20786
0
2
10
67108864
2000
500
5
1
0
1
0
0
1

0
1
4
2
20812
0
0
9
268435456
1000
100
1
0
1
0
0
1

1
1
1
1
20834
0
2
10
134217728
3000
100
5
1
0
1
0
0
1

1
1
8
8
20836
0
0
9
134217728
1000
50
1
0
1
0
0
1

0
1
8
8
20862
0
0
9
67108864
2000
100
1
0
1
0
0
1

0
1
2
1
20864
0
2
10
134217728
2000
1000
10
1
0
1
0
0
1

0
1
4
2
20871
0
0
9
67108864
3000
1000
1
0
1
0
0
1

0
1
4
2
20881
0
0
9
134217728
1000
250
1
0
1
0
0
1

1
1
4
4
20885
0
0
9
268435456
1000
500
1
0
1
0
0
1

0
1
4
2
20909
0
0
9
134217728
4000
1000
1
0
1
0
0
1

1
1
8
8
20938
0
0
9
268435456
3000
50
1
0
1
0
0
1

1
1
1
1
20963
0
0
9
268435456
3000
100
1
0
1
0
0
1

1
1
8
8
20991
0
2
10
134217728
4000
500
1000
1
0
1
0
0
1

0
1
1
1
21013
0
2
10
268435456
1000
500
1000
1
0
1
0
0
1

1
1
8
2
21018
0
2
10
134217728
3000
250
100
1
0
1
0
0
1

1
1
4
2
21029
0
0
9
67108864
1000
1000
1
0
1
0
0
1

1
1
8
1
21054
0
0
9
134217728
1000
50
1
0
1
0
0
1

0
1
4
4
21084
0
0
9
268435456
3000
100
1
0
1
0
0
1

0
1
4
1
21105
0
0
9
134217728
3000
1000
1
0
1
0
0
1

0
1
1
1
21130
0
2
10
268435456
3000
100
100
1
0
1
0
0
1

1
1
1
1
21153
0
0
9
67108864
2000
100
1
0
1
0
0
1

1
1
4
1
21156
0
0
9
134217728
3000
250
1
0
1
0
0
1

0
1
8
4
21158
0
0
9
134217728
1000
250
1
0
1
0
0
1

1
1
8
1
21174
0
2
10
67108864
4000
100
100
1
0
1
0
0
1

1
1
8
1
21195
0
0
9
268435456
3000
500
1
0
1
0
0
1

1
1
4
4
21206
0
2
10
134217728
3000
500
1000
1
0
1
0
0
1

1
1
4
2
21219
0
0
9
268435456
3000
250
1
0
1
0
0
1

1
1
2
2
21249
0
2
10
268435456
1000
100
5
1
0
1
0
0
1

1
1
1
1
21269
0
2
10
134217728
2000
1000
10
1
0
1
0
0
1

0
1
8
1
21292
0
2
10
134217728
1000
250
1000
1
0
1
0
0
1

0
1
1
1
21312
0
0
9
67108864
2000
1000
1
0
1
0
0
1

0
1
4
2
21331
0
0
9
67108864
3000
50
1
0
1
0
0
1

1
1
2
2
21332
0
2
10
134217728
2000
1000
1
1
0
1
0
0
1

1
1
1
1
21348
0
0
9
67108864
3000
50
1
0
1
0
0
1

1
1
2
1
21375
0
0
9
134217728
2000
50
1
0
1
0
0
1

0
1
8
1
21397
0
0
9
268435456
2000
500
1
0
1
0
0
1

0
1
8
2
21423
0
0
9
268435456
1000
250
1
0
1
0
0
1

0
1
2
1
21441
0
2
10
67108864
2000
250
100
1
0
1
0
0
1

1
1
8
8
21469
0
2
10
134217728
4000
500
1000
1
0
1
0
0
1

1
1
8
8
21491
0
0
9
268435456
2000
500
1
0
1
0
0
1

1
1
1
1
21492
0
2
10
67108864
2000
1000
100
1
0
1
0
0
1

0
1
1
1
21502
0
0
9
268435456
1000
100
1
0
1
0
0
1

0
1
2
1
21505
0
2
10
67108864
3000
100
10
1
0
1
0
0
1

1
1
8
4
21513
0
0
9
268435456
3000
500
1
0
1
0
0
1

1
1
4
2
21516
0
2
10
67108864
4000
1000
5
1
0
1
0
0
1

0
1
8
2
21521
0
2
10
67108864
3000
250
10
1
0
1
0
0
1

0
1
2
2
21548
0
0
9
134217728
3000
1000
1
0
1
0
0
1

1
1
1
1
21560
0
2
10
134217728
4000
50
1000
1
0
1
0
0
1

0
1
8
8
21563
0
0
9
268435456
2000
500
1
0
1
0
0
1

1
1
1
1
21570
0
2
10
134217728
2000
500
5
1
0
1
0
0
1

1
1
1
1
21599
0
2
10
67108864
1000
250
5
1
0
1
0
0
1

0
1
4
2
21614
0
0
9
67108864
4000
100
1
0
1
0
0
1

0
1
8
4
21640
0
2
10
268435456
2000
500
5
1
0
1
0
0
1

0
1
2
1
21665
0
2
10
67108864
3000
50
100
1
0
1
0
0
1

0
1
2
2
21672
0
2
10
268435456
1000
500
1
1
0
1
0
0
1

0
1
1
1
21679
0
2
10
268435456
3000
500
1
1
0
1
0
0
1

1
1
2
1
21691
0
2
10
268435456
1000
500
5
1
0
1
0
0
1

0
1
2
1
21697
0
0
9
67108864
3000
100
1
0
1
0
0
1

0
1
8
4
21708
0
2
10
268435456
2000
500
100
1
0
1
0
0
1

0
1
4
2
21720
0
0
9
268435456
2000
50
1
0
1
0
0
1

1
1
4
4
21722
0
2
10
67108864
1000
250
1
1
0
1
0
0
1

0
1
8
4
21737
0
2
10
134217728
2000
50
100
1
0
1
0
0
1

0
1
1
1
21743
0
2
10
134217728
3000
100
100
1
0
1
0
0
1

0
1
1
1
21761
0
2
10
134217728
1000
100
10
1
0
1
0
0
1

0
1
8
1
21767
0
0
9
134217728
3000
100
1
0
1
0
0
1

1
1
1
1
21785
0
0
9
67108864
2000
50
1
0
1
0
0
1

0
1
2
1
21810
0
2
10
67108864
1000
1000
100
1
0
1
0
0
1

0
1
8
8
21831
0
2
10
268435456
3000
50
100
1
0
1
0
0
1

0
1
1
1
21841
0
0
9
134217728
3000
100
1
0
1
0
0
1

0
1
4
4
21857
0
0
9
268435456
2000
500
1
0
1
0
0
1

1
1
4
1
21886
0
0
9
67108864
2000
100
1
0
1
0
0
1

1
1
4
2
21890
0
0
9
134217728
2000
500
1
0
1
0
0
1

1
1
1
1
21908
0
0
9
67108864
1000
50
1
0
1
0
0
1

0
1
1
1
21920
0
0
9
134217728
4000
500
1
0
1
0
0
1

1
1
4
4
21939
0
2
10
268435456
3000
100
1000
1
0
1
0
0
1

1
1
2
1
21961
0
2
10
134217728
4000
1000
100
1
0
1
0
0
1

0
1
2
1
21986
0
0
9
268435456
3000
250
1
0
1
0
0
1

1
1
1
1
21999
0
2
10
134217728
3000
50
1
1
0
1
0
0
1

1
1
4
1
22012
0
2
10
67108864
1000
500
1
1
0
1
0
0
1

1
1
4
4
22028
0
0
9
268435456
1000
500
1
0
1
0
0
1

0
1
1
1
22037
0
0
9
134217728
3000
100
1
0
1
0
0
1

1
1
4
2
22053
0
0
9
67108864
1000
100
1
0
1
0
0
1

0
1
1
1
22066
0
0
9
134217728
1000
500
1
0
1
0
0
1

0
1
4
4
22074
0
0
9
268435456
3000
500
1
0
1
0
0
1

0
1
1
1
22080
0
0
9
67108864
3000
100
1
0
1
0
0
1

1
1
8
4
22092
0
0
9
134217728
2000
50
1
0
1
0
0
1

1
1
1
1
22100
0
0
9
268435456
3000
50
1
0
1
0
0
1

1
1
1
1
22101
0
0
9
67108864
2000
50
1
0
1
0
0
1

0
1
1
1
22105
0
0
9
268435456
1000
100
1
0
1
0
0
1

0
1
8
1
22106
0
0
9
67108864
4000
500
1
0
1
0
0
1

0
1
8
2
22116
0
0
9
134217728
4000
250
1
0
1
0
0
1

0
1
1
1
22126
0
0
9
268435456
3000
250
1
0
1
0
0
1

1
1
4
4
22143
0
0
9
67108864
1000
100
1
0
1
0
0
1

1
1
2
1
22163
0
0
9
268435456
3000
50
1
0
1
0
0
1

0
1
8
1
22174
0
0
9
134217728
4000
50
1
0
1
0
0
1

0
1
4
1
22175
0
0
9
134217728
3000
1000
1
0
1
0
0
1

1
1
8
8
22205
0
0
9
134217728
1000
1000
1
0
1
0
0
1

0
1
2
1
22207
0
0
9
134217728
1000
50
1
0
1
0
0
1

1
1
1
1
22223
0
0
9
134217728
1000
500
1
0
1
0
0
1

1
1
1
1
22226
0
0
9
134217728
1000
1000
1
0
1
0
0
1

1
1
2
2
22248
0
0
9
67108864
4000
50
1
0
1
0
0
1

0
1
2
2
22261
0
0
9
67108864
2000
1000
1
0
1
0
0
1

1
1
4
4
22283
0
0
9
67108864
3000
1000
1
0
1
0
0
1

0
1
4
1
22311
0
0
9
134217728
4000
50
1
0
1
0
0
1

0
1
1
1
22333
0
0
9
268435456
2000
100
1
0
1
0
0
1

1
1
4
2
22341
0
0
9
67108864
2000
500
1
0
1
0
0
1

0
1
1
1
22351
0
0
9
67108864
4000
100
1
0
1
0
0
1

1
1
2
1
22365
0
0
9
67108864
1000
500
1
0
1
0
0
1

1
1
1
1
22385
0
0
9
67108864
4000
100
1
0
1
0
0
1

1
1
8
8
22411
0
0
9
134217728
1000
250
1
0
1
0
0
1

1
1
1
1
22429
0
0
9
134217728
1000
1000
1
0
1
0
0
1

0
1
2
1
22446
0
0
9
134217728
4000
500
1
0
1
0
0
1

1
1
4
1
22471
0
0
9
134217728
4000
500
1
0
1
0
0
1

1
1
1
1
22479
0
0
9
134217728
4000
50
1
0
1
0
0
1

1
1
2
1
22488
0
0
9
67108864
1000
100
1
0
1
0
0
1

0
1
2
2
22502
0
0
9
134217728
2000
500
1
0
1
0
0
1

1
1
1
1
22503
0
0
9
134217728
2000
250
1
0
1
0
0
1

0
1
1
1
22527
0
0
9
134217728
2000
500
1
0
1
0
0
1

0
1
4
1
22555
0
0
9
67108864
1000
1000
1
0
1
0
0
1

1
1
4
2
22563
0
0
9
67108864
4000
50
1
0
1
0
0
1

1
1
4
2
22581
0
0
9
67108864
3000
1000
1
0
1
0
0
1

0
1
1
1
22592
0
0
9
268435456
2000
50
1
0
1
0
0
1

1
1
2
2
22610
0
0
9
67108864
2000
1000
1
0
1
0
0
1

0
1
4
4
22640
0
0
9
134217728
1000
1000
1
0
1
0
0
1

1
1
8
1
22654
0
0
9
134217728
1000
50
1
0
1
0
0
1

1
1
8
1
22671
0
0
9
134217728
2000
50
1
0
1
0
0
1

0
1
4
2
22701
0
0
9
134217728
1000
500
1
0
1
0
0
1

1
1
8
1
22711
0
0
9
67108864
1000
250
1
0
1
0
0
1

0
1
4
2
22724
0
0
9
67108864
2000
1000
1
0
1
0
0
1

0
1
4
2
22750
0
0
9
268435456
1000
250
1
0
1
0
0
1

0
1
8
8
22760
0
0
9
268435456
3000
250
1
0
1
0
0
1

1
1
4
2
22772
0
0
9
67108864
3000
250
1
0
1
0
0
1

0
1
8
1
22793
0
0
9
268435456
1000
100
1
0
1
0
0
1

0
1
1
1
22801
0
0
9
67108864
4000
250
1
0
1
0
0
1

1
1
4
4
22802
0
0
9
67108864
1000
250
1
0
1
0
0
1

0
1
4
1
22823
0
0
9
134217728
3000
500
1
0
1
0
0
1

0
1
2
1
22839
0
0
9
134217728
1000
100
1
0
1
0
0
1

1
1
1
1
22844
0
0
9
134217728
4000
100
1
0
1
0
0
1

0
1
2
1
22869
0
0
9
67108864
4000
500
1
0
1
0
0
1

1
1
2
1
22883
0
0
9
268435456
3000
50
1
0
1
0
0
1

0
1
8
4
22912
0
0
9
67108864
3000
1000
1
0
1
0
0
1

1
1
8
1
22926
0
0
9
134217728
3000
250
1
0
1
0
0
1

1
1
2
1
22936
0
0
9
134217728
1000
250
1
0
1
0
0
1

0
1
4
2
22966
0
0
9
268435456
2000
500
1
0
1
0
0
1

0
1
4
1
22985
0
0
9
67108864
2000
50
1
0
1
0
0
1

0
1
1
1
23002
0
0
9
134217728
2000
1000
1
0
1
0
0
1

1
1
4
4
23030
0
0
9
134217728
3000
50
1
0
1
0
0
1

1
1
2
1
23050
0
0
9
134217728
2000
1000
1
0
1
0
0
1

1
1
4
2
23073
0
0
9
268435456
2000
50
1
0
1
0
0
1

