1500

0
1
1
1
16
0
2
10
67108864
3000
1000
10
1
0
1
0
0
1

1
1
4
4
38
0
1
12
268435456
3000
100
19
1
1
0
1
0
0
1
0
1
1
8
1
55
0
0
9
67108864
2000
500
1
0
1
0
0
1

0
1
1
1
63
0
1
12
134217728
4000
1000
42
1
1
0
1
0
0
1
0
1
1
1
1
80
0
2
10
67108864
4000
500
100
1
0
1
0
0
1

0
1
2
1
87
0
1
11
67108864
4000
50
35
0
1
0
1
0
0
1
1
1
2
1
116
0
1
11
134217728
4000
100
79
0
1
0
1
0
0
1
0
1
1
1
144
0
2
10
67108864
1000
250
100
1
0
1
0
0
1

0
1
4
2
161
0
2
10
67108864
3000
500
100
1
0
1
0
0
1

0
1
4
2
171
0
0
9
134217728
4000
100
1
0
1
0
0
1

1
1
4
2
182
0
0
9
134217728
2000
500
1
0
1
0
0
1

0
1
4
1
187
0
2
10
134217728
4000
1000
1000
1
0
1
0
0
1

0
1
4
1
214
0
2
10
67108864
4000
100
1000
1
0
1
0
0
1

1
1
1
1
234
0
1
11
268435456
3000
50
84
0
1
0
1
0
0
1
0
1
4
2
261
0
0
9
268435456
2000
500
1
0
1
0
0
1

1
1
2
2
283
0
1
11
134217728
3000
100
8
0
1
0
1
0
0
1
1
1
8
4
291
0
1
11
67108864
3000
1000
34
0
1
0
1
0
0
1
0
1
2
2
295
0
0
9
134217728
4000
250
1
0
1
0
0
1

0
1
4
4
319
0
0
9
67108864
2000
1000
1
0
1
0
0
1

0
1
2
1
330
0
0
9
67108864
4000
1000
1
0
1
0
0
1

0
1
2
1
358
0
1
12
134217728
3000
50
12
1
1
0
1
0
0
1
0
0
1
4
1
362
0
0
9
268435456
3000
500
1
0
1
0
0
1

0
1
2
2
379
0
2
10
134217728
1000
500
1
1
0
1
0
0
1

0
1
2
2
390
0
2
10
268435456
2000
250
100
1
0
1
0
0
1

0
1
4
4
411
0
0
9
134217728
3000
500
1
0
1
0
0
1

1
1
1
1
425
0
0
9
134217728
3000
500
1
0
1
0
0
1

0
1
4
1
440
0
1
11
268435456
1000
500
75
0
1
0
1
0
0
1
1
1
2
1
447
0
2
10
268435456
2000
500
1000
1
0
1
0
0
1

1
1
4
4
452
0
1
11
268435456
2000
250
2
0
1
0
1
0
0
1
0
1
1
1
482
0
1
12
67108864
1000
1000
26
1
1
0
1
0
0
1
0
0
1
2
2
507
0
0
9
268435456
3000
500
1
0
1
0
0
1

0
1
2
2
530
0
2
10
67108864
3000
500
100
1
0
1
0
0
1

1
1
8
8
538
0
1
11
67108864
2000
1000
18
0
1
0
1
0
0
1
1
1
4
2
559
0
1
11
268435456
1000
250
39
0
1
0
1
0
0
1
0
1
4
1
565
0
1
12
134217728
4000
100
47
1
1
0
1
0
0
1
0
0
1
4
4
574
0
0
9
134217728
1000
50
1
0
1
0
0
1

0
1
8
8
585
0
2
10
134217728
2000
250
5
1
0
1
0
0
1

1
1
4
1
593
0
2
10
268435456
2000
50
1000
1
0
1
0
0
1

0
1
4
2
617
0
2
10
268435456
3000
500
10
1
0
1
0
0
1

1
1
1
1
639
0
2
10
67108864
2000
1000
5
1
0
1
0
0
1

0
1
1
1
662
0
2
10
268435456
2000
250
1
1
0
1
0
0
1

0
1
8
8
667
0
2
10
134217728
2000
100
1000
1
0
1
0
0
1

1
1
1
1
673
0
2
10
67108864
2000
100
1
1
0
1
0
0
1

0
1
8
2
692
0
2
10
67108864
1000
500
100
1
0
1
0
0
1

1
1
4
2
694
0
0
9
134217728
1000
100
1
0
1
0
0
1

0
1
1
1
713
0
0
9
134217728
4000
50
1
0
1
0
0
1

1
1
1
1
721
0
2
10
268435456
3000
500
100
1
0
1
0
0
1

1
1
4
2
739
0
2
10
67108864
3000
100
10
1
0
1
0
0
1

0
1
1
1
751
0
2
10
268435456
1000
50
100
1
0
1
0
0
1

1
1
1
1
753
0
1
11
134217728
1000
50
84
0
1
0
1
0
0
1
0
1
8
1
782
0
0
9
268435456
2000
250
1
0
1
0
0
1

1
1
2
2
809
0
2
10
268435456
3000
100
10
1
0
1
0
0
1

1
1
2
2
830
0
1
12
134217728
3000
50
52
1
1
0
1
0
0
1
0
1
1
4
2
833
0
1
11
67108864
2000
500
2
0
1
0
1
0
0
1
0
1
2
1
853
0
2
10
67108864
3000
250
1000
1
0
1
0
0
1

1
1
2
1
865
0
2
10
134217728
4000
100
5
1
0
1
0
0
1

1
1
2
1
868
0
2
10
67108864
3000
1000
10
1
0
1
0
0
1

1
1
2
1
875
0
1
11
268435456
2000
250
46
0
1
0
1
0
0
1
1
1
4
2
884
0
0
9
268435456
2000
250
1
0
1
0
0
1

1
1
4
4
886
0
1
11
67108864
4000
500
34
0
1
0
1
0
0
1
1
1
2
1
900
0
2
10
268435456
3000
50
5
1
0
1
0
0
1

1
1
8
4
925
0
0
9
268435456
3000
500
1
0
1
0
0
1

0
1
1
1
954
0
2
10
134217728
3000
250
1
1
0
1
0
0
1

0
1
1
1
972
0
2
10
268435456
2000
500
1000
1
0
1
0
0
1

1
1
2
1
1002
0
2
10
134217728
2000
100
1000
1
0
1
0
0
1

0
1
2
1
1008
0
1
12
268435456
3000
500
20
1
1
0
1
0
0
1
0
1
1
8
4
1025
0
0
9
134217728
4000
50
1
0
1
0
0
1

1
1
4
4
1051
0
2
10
134217728
1000
100
10
1
0
1
0
0
1

0
1
1
1
1055
0
2
10
134217728
3000
1000
10
1
0
1
0
0
1

0
1
4
1
1064
0
2
10
268435456
2000
500
5
1
0
1
0
0
1

0
1
2
1
1080
0
2
10
268435456
1000
100
10
1
0
1
0
0
1

0
1
2
1
1091
0
1
11
134217728
3000
250
4
0
1
0
1
0
0
1
0
1
1
1
1112
0
1
12
67108864
3000
500
86
1
1
0
1
0
0
1
0
0
1
4
4
1115
0
0
9
67108864
1000
250
1
0
1
0
0
1

0
1
4
2
1132
0
1
11
67108864
2000
250
83
0
1
0
1
0
0
1
0
1
1
1
1148
0
1
11
134217728
4000
1000
99
0
1
0
1
0
0
1
1
1
4
2
1162
0
1
11
268435456
2000
50
72
0
1
0
1
0
0
1
0
1
4
2
1177
0
2
10
268435456
2000
500
5
1
0
1
0
0
1

0
1
8
2
1199
0
0
9
134217728
3000
1000
1
0
1
0
0
1

1
1
8
4
1205
0
2
10
268435456
1000
250
1000
1
0
1
0
0
1

1
1
1
1
1230
0
2
10
67108864
3000
500
100
1
0
1
0
0
1

1
1
4
2
1235
0
0
9
268435456
1000
500
1
0
1
0
0
1

0
1
8
4
1251
0
1
12
134217728
1000
250
30
1
1
0
1
0
0
1
0
0
1
1
1
1280
0
2
10
67108864
4000
250
10
1
0
1
0
0
1

1
1
8
8
1303
0
1
12
268435456
3000
50
45
1
1
0
1
0
0
1
0
1
1
2
2
1324
0
1
11
268435456
2000
100
68
0
1
0
1
0
0
1
1
1
2
2
1335
0
0
9
268435456
3000
50
1
0
1
0
0
1

0
1
1
1
1360
0
0
9
67108864
1000
500
1
0
1
0
0
1

0
1
8
8
1370
0
0
9
134217728
3000
50
1
0
1
0
0
1

0
1
4
2
1387
0
0
9
268435456
3000
500
1
0
1
0
0
1

0
1
2
1
1393
0
2
10
134217728
2000
250
5
1
0
1
0
0
1

1
1
1
1
1414
0
1
12
268435456
1000
100
76
1
1
0
1
0
0
1
0
0
1
4
4
1428
0
1
12
67108864
3000
250
97
1
1
0
1
0
0
1
0
1
1
4
2
1448
0
0
9
134217728
3000
500
1
0
1
0
0
1

1
1
4
2
1476
0
0
9
67108864
2000
250
1
0
1
0
0
1

1
1
8
1
1483
0
2
10
134217728
4000
500
5
1
0
1
0
0
1

0
1
1
1
1509
0
2
10
268435456
3000
50
1000
1
0
1
0
0
1

0
1
4
1
1525
0
0
9
67108864
4000
500
1
0
1
0
0
1

0
1
1
1
1537
0
0
9
268435456
3000
500
1
0
1
0
0
1

0
1
1
1
1539
0
1
11
134217728
3000
100
74
0
1
0
1
0
0
1
0
1
4
1
1569
0
2
10
67108864
4000
50
10
1
0
1
0
0
1

1
1
4
1
1575
0
0
9
67108864
1000
250
1
0
1
0
0
1

0
1
8
4
1576
0
1
11
134217728
3000
100
81
0
1
0
1
0
0
1
0
1
8
4
1593
0
1
12
67108864
4000
250
10
1
1
0
1
0
0
1
0
0
1
2
1
1595
0
2
10
67108864
2000
500
5
1
0
1
0
0
1

0
1
8
1
1605
0
1
12
67108864
2000
1000
33
1
1
0
1
0
0
1
0
1
1
2
1
1612
0
2
10
134217728
2000
50
1
1
0
1
0
0
1

0
1
2
2
1619
0
1
11
134217728
1000
100
72
0
1
0
1
0
0
1
0
1
4
4
1647
0
1
12
134217728
2000
100
18
1
1
0
1
0
0
1
0
0
1
4
2
1676
0
1
12
134217728
1000
500
25
1
1
0
1
0
0
1
0
0
1
8
8
1706
0
0
9
268435456
3000
250
1
0
1
0
0
1

0
1
4
4
1714
0
0
9
67108864
1000
250
1
0
1
0
0
1

0
1
2
2
1719
0
1
12
268435456
3000
100
18
1
1
0
1
0
0
1
0
0
1
8
8
1739
0
2
10
268435456
2000
50
1
1
0
1
0
0
1

1
1
4
1
1769
0
2
10
67108864
1000
500
1
1
0
1
0
0
1

0
1
2
1
1783
0
0
9
67108864
2000
50
1
0
1
0
0
1

0
1
2
2
1805
0
2
10
268435456
3000
250
10
1
0
1
0
0
1

0
1
4
1
1825
0
1
12
67108864
4000
50
22
1
1
0
1
0
0
1
0
1
1
1
1
1850
0
0
9
67108864
3000
1000
1
0
1
0
0
1

1
1
4
2
1870
0
2
10
134217728
1000
50
100
1
0
1
0
0
1

1
1
2
1
1878
0
1
11
134217728
1000
1000
54
0
1
0
1
0
0
1
0
1
1
1
1900
0
1
11
134217728
3000
500
17
0
1
0
1
0
0
1
1
1
4
2
1913
0
1
11
268435456
1000
50
84
0
1
0
1
0
0
1
1
1
2
1
1940
0
1
11
268435456
3000
500
17
0
1
0
1
0
0
1
0
1
1
1
1948
0
1
12
134217728
3000
250
84
1
1
0
1
0
0
1
0
0
1
2
1
1976
0
2
10
67108864
4000
1000
100
1
0
1
0
0
1

1
1
8
1
1982
0
2
10
67108864
1000
500
5
1
0
1
0
0
1

1
1
4
2
1995
0
2
10
134217728
1000
50
5
1
0
1
0
0
1

1
1
2
1
2011
0
0
9
67108864
1000
100
1
0
1
0
0
1

0
1
1
1
2019
0
2
10
134217728
4000
500
1
1
0
1
0
0
1

0
1
8
8
2027
0
0
9
134217728
3000
50
1
0
1
0
0
1

0
1
8
2
2031
0
0
9
67108864
2000
250
1
0
1
0
0
1

1
1
1
1
2055
0
0
9
268435456
2000
100
1
0
1
0
0
1

0
1
2
1
2073
0
0
9
268435456
1000
250
1
0
1
0
0
1

1
1
8
4
2087
0
2
10
67108864
2000
500
10
1
0
1
0
0
1

1
1
8
1
2102
0
1
11
134217728
1000
1000
20
0
1
0
1
0
0
1
1
1
1
1
2107
0
2
10
134217728
1000
100
1
1
0
1
0
0
1

0
1
2
2
2127
0
2
10
268435456
3000
50
1
1
0
1
0
0
1

0
1
4
2
2146
0
1
11
67108864
4000
50
0
0
1
0
1
0
0
1
0
1
2
1
2176
0
2
10
67108864
2000
500
10
1
0
1
0
0
1

1
1
4
1
2196
0
2
10
67108864
3000
1000
1
1
0
1
0
0
1

1
1
2
2
2223
0
2
10
67108864
4000
1000
1000
1
0
1
0
0
1

1
1
8
1
2236
0
0
9
268435456
2000
500
1
0
1
0
0
1

1
1
1
1
2246
0
0
9
268435456
2000
100
1
0
1
0
0
1

0
1
4
2
2261
0
1
12
268435456
3000
50
63
1
1
0
1
0
0
1
0
1
1
8
4
2276
0
1
11
268435456
3000
500
53
0
1
0
1
0
0
1
0
1
8
1
2281
0
1
12
134217728
3000
500
28
1
1
0
1
0
0
1
0
0
1
1
1
2290
0
2
10
134217728
3000
100
10
1
0
1
0
0
1

1
1
8
1
2305
0
0
9
67108864
4000
250
1
0
1
0
0
1

0
1
2
1
2306
0
0
9
268435456
3000
500
1
0
1
0
0
1

1
1
8
1
2308
0
2
10
134217728
4000
50
1
1
0
1
0
0
1

1
1
1
1
2329
0
1
12
67108864
1000
500
52
1
1
0
1
0
0
1
0
1
1
2
2
2343
0
1
11
134217728
4000
1000
17
0
1
0
1
0
0
1
0
1
8
4
2373
0
0
9
67108864
4000
50
1
0
1
0
0
1

0
1
1
1
2380
0
0
9
67108864
2000
250
1
0
1
0
0
1

1
1
8
2
2390
0
0
9
134217728
2000
500
1
0
1
0
0
1

1
1
2
1
2413
0
0
9
268435456
3000
500
1
0
1
0
0
1

1
1
2
2
2436
0
2
10
67108864
2000
50
10
1
0
1
0
0
1

1
1
4
2
2442
0
1
11
134217728
2000
100
14
0
1
0
1
0
0
1
1
1
4
1
2466
0
1
12
67108864
3000
100
93
1
1
0
1
0
0
1
0
0
1
2
2
2478
0
0
9
134217728
3000
500
1
0
1
0
0
1

1
1
8
1
2505
0
1
12
67108864
3000
1000
63
1
1
0
1
0
0
1
0
0
1
4
2
2518
0
1
11
268435456
1000
500
77
0
1
0
1
0
0
1
0
1
4
4
2526
0
2
10
268435456
1000
500
1
1
0
1
0
0
1

1
1
8
4
2553
0
0
9
268435456
3000
500
1
0
1
0
0
1

1
1
2
1
2557
0
0
9
134217728
3000
250
1
0
1
0
0
1

0
1
1
1
2562
0
2
10
134217728
2000
250
100
1
0
1
0
0
1

1
1
8
2
2564
0
2
10
134217728
3000
250
1
1
0
1
0
0
1

0
1
1
1
2577
0
0
9
268435456
1000
100
1
0
1
0
0
1

0
1
2
1
2604
0
1
11
67108864
1000
500
96
0
1
0
1
0
0
1
1
1
2
2
2615
0
2
10
134217728
3000
1000
100
1
0
1
0
0
1

0
1
1
1
2644
0
2
10
67108864
2000
500
5
1
0
1
0
0
1

1
1
1
1
2669
0
2
10
268435456
1000
50
100
1
0
1
0
0
1

1
1
2
2
2682
0
2
10
134217728
4000
100
1000
1
0
1
0
0
1

0
1
2
1
2709
0
0
9
67108864
4000
250
1
0
1
0
0
1

1
1
1
1
2717
0
0
9
134217728
4000
500
1
0
1
0
0
1

0
1
2
1
2745
0
2
10
67108864
4000
1000
10
1
0
1
0
0
1

0
1
1
1
2752
0
1
12
134217728
2000
50
27
1
1
0
1
0
0
1
0
1
1
2
1
2782
0
0
9
268435456
3000
250
1
0
1
0
0
1

1
1
4
2
2809
0
2
10
134217728
2000
50
100
1
0
1
0
0
1

1
1
4
4
2815
0
1
11
268435456
2000
100
98
0
1
0
1
0
0
1
1
1
2
2
2842
0
0
9
268435456
3000
500
1
0
1
0
0
1

0
1
1
1
2855
0
2
10
134217728
2000
50
1
1
0
1
0
0
1

0
1
2
1
2875
0
1
11
134217728
2000
50
11
0
1
0
1
0
0
1
0
1
4
1
2903
0
0
9
67108864
4000
1000
1
0
1
0
0
1

0
1
4
4
2907
0
1
11
268435456
1000
500
38
0
1
0
1
0
0
1
1
1
4
4
2925
0
0
9
67108864
1000
1000
1
0
1
0
0
1

0
1
8
8
2933
0
2
10
67108864
3000
1000
5
1
0
1
0
0
1

1
1
2
1
2957
0
0
9
268435456
3000
500
1
0
1
0
0
1

0
1
8
2
2982
0
1
12
67108864
2000
50
8
1
1
0
1
0
0
1
0
1
1
2
1
2989
0
2
10
134217728
3000
500
5
1
0
1
0
0
1

0
1
4
4
2995
0
0
9
134217728
2000
500
1
0
1
0
0
1

1
1
8
8
3016
0
2
10
134217728
4000
1000
1
1
0
1
0
0
1

1
1
4
4
3017
0
2
10
134217728
3000
250
5
1
0
1
0
0
1

0
1
8
4
3044
0
0
9
67108864
2000
50
1
0
1
0
0
1

1
1
2
1
3055
0
0
9
67108864
4000
500
1
0
1
0
0
1

1
1
8
8
3063
0
1
11
134217728
3000
100
23
0
1
0
1
0
0
1
0
1
1
1
3086
0
1
11
134217728
2000
100
29
0
1
0
1
0
0
1
1
1
2
1
3093
0
0
9
134217728
4000
1000
1
0
1
0
0
1

1
1
2
1
3094
0
0
9
67108864
1000
100
1
0
1
0
0
1

0
1
4
4
3120
0
2
10
268435456
3000
250
10
1
0
1
0
0
1

1
1
1
1
3121
0
2
10
67108864
3000
50
100
1
0
1
0
0
1

1
1
8
1
3134
0
1
12
134217728
4000
1000
13
1
1
0
1
0
0
1
0
0
1
8
4
3163
0
2
10
268435456
3000
50
100
1
0
1
0
0
1

1
1
4
2
3181
0
2
10
268435456
3000
500
1000
1
0
1
0
0
1

0
1
8
1
3182
0
1
12
268435456
1000
250
40
1
1
0
1
0
0
1
0
1
1
2
1
3204
0
1
12
67108864
3000
50
86
1
1
0
1
0
0
1
0
0
1
2
1
3231
0
2
10
268435456
1000
500
10
1
0
1
0
0
1

1
1
2
1
3249
0
0
9
268435456
2000
50
1
0
1
0
0
1

1
1
8
4
3259
0
1
11
268435456
3000
100
47
0
1
0
1
0
0
1
0
1
1
1
3289
0
0
9
67108864
4000
1000
1
0
1
0
0
1

1
1
8
2
3299
0
1
11
268435456
3000
100
6
0
1
0
1
0
0
1
0
1
1
1
3312
0
2
10
134217728
4000
1000
1
1
0
1
0
0
1

1
1
2
2
3334
0
1
11
67108864
2000
500
23
0
1
0
1
0
0
1
1
1
4
4
3336
0
0
9
268435456
1000
250
1
0
1
0
0
1

1
1
2
1
3353
0
1
12
67108864
1000
100
84
1
1
0
1
0
0
1
0
0
1
4
1
3377
0
2
10
67108864
3000
1000
5
1
0
1
0
0
1

0
1
2
1
3405
0
0
9
268435456
3000
250
1
0
1
0
0
1

0
1
2
2
3406
0
0
9
134217728
2000
1000
1
0
1
0
0
1

1
1
1
1
3408
0
0
9
268435456
2000
50
1
0
1
0
0
1

1
1
8
1
3426
0
1
11
67108864
3000
250
89
0
1
0
1
0
0
1
0
1
1
1
3440
0
1
12
67108864
2000
100
15
1
1
0
1
0
0
1
0
0
1
8
4
3468
0
1
11
134217728
2000
1000
80
0
1
0
1
0
0
1
0
1
8
4
3489
0
0
9
134217728
3000
50
1
0
1
0
0
1

1
1
4
2
3492
0
1
11
268435456
3000
250
5
0
1
0
1
0
0
1
1
1
4
1
3507
0
0
9
268435456
3000
500
1
0
1
0
0
1

1
1
2
1
3512
0
0
9
67108864
4000
100
1
0
1
0
0
1

1
1
1
1
3539
0
0
9
268435456
3000
50
1
0
1
0
0
1

1
1
1
1
3555
0
2
10
67108864
1000
100
10
1
0
1
0
0
1

0
1
1
1
3564
0
2
10
134217728
4000
1000
5
1
0
1
0
0
1

0
1
1
1
3575
0
1
12
67108864
4000
250
11
1
1
0
1
0
0
1
0
1
1
1
1
3581
0
2
10
134217728
3000
1000
100
1
0
1
0
0
1

1
1
2
1
3603
0
0
9
134217728
2000
250
1
0
1
0
0
1

1
1
8
1
3622
0
1
11
134217728
2000
500
20
0
1
0
1
0
0
1
0
1
2
1
3634
0
0
9
134217728
1000
1000
1
0
1
0
0
1

0
1
2
1
3641
0
0
9
268435456
2000
250
1
0
1
0
0
1

1
1
1
1
3649
0
1
11
134217728
4000
250
87
0
1
0
1
0
0
1
0
1
8
1
3674
0
2
10
134217728
1000
1000
5
1
0
1
0
0
1

0
1
4
4
3702
0
2
10
268435456
2000
100
1000
1
0
1
0
0
1

1
1
8
8
3726
0
1
12
268435456
1000
500
23
1
1
0
1
0
0
1
0
1
1
1
1
3744
0
1
12
134217728
1000
100
84
1
1
0
1
0
0
1
0
1
1
1
1
3770
0
2
10
268435456
3000
500
10
1
0
1
0
0
1

0
1
4
2
3794
0
1
12
134217728
1000
50
77
1
1
0
1
0
0
1
0
0
1
4
4
3804
0
2
10
268435456
1000
250
1
1
0
1
0
0
1

0
1
8
4
3826
0
2
10
268435456
3000
500
100
1
0
1
0
0
1

1
1
4
4
3840
0
0
9
134217728
1000
500
1
0
1
0
0
1

1
1
8
2
3849
0
1
12
268435456
2000
50
57
1
1
0
1
0
0
1
0
0
1
2
1
3874
0
0
9
268435456
1000
100
1
0
1
0
0
1

0
1
4
1
3880
0
2
10
268435456
3000
500
5
1
0
1
0
0
1

1
1
1
1
3906
0
0
9
67108864
3000
50
1
0
1
0
0
1

1
1
2
1
3909
0
2
10
268435456
1000
100
1000
1
0
1
0
0
1

1
1
2
1
3917
0
2
10
67108864
2000
250
1000
1
0
1
0
0
1

0
1
1
1
3931
0
0
9
268435456
3000
500
1
0
1
0
0
1

1
1
2
2
3951
0
0
9
67108864
3000
50
1
0
1
0
0
1

1
1
8
4
3973
0
0
9
268435456
2000
250
1
0
1
0
0
1

0
1
2
2
4003
0
2
10
268435456
2000
100
5
1
0
1
0
0
1

0
1
1
1
4026
0
0
9
268435456
2000
500
1
0
1
0
0
1

0
1
1
1
4049
0
1
12
268435456
2000
250
78
1
1
0
1
0
0
1
0
1
1
2
1
4075
0
2
10
268435456
3000
500
1000
1
0
1
0
0
1

0
1
1
1
4101
0
0
9
134217728
2000
50
1
0
1
0
0
1

0
1
8
2
4126
0
0
9
268435456
1000
500
1
0
1
0
0
1

0
1
2
1
4153
0
2
10
134217728
3000
100
10
1
0
1
0
0
1

1
1
2
1
4181
0
2
10
67108864
1000
100
1000
1
0
1
0
0
1

1
1
8
1
4203
0
2
10
134217728
4000
100
10
1
0
1
0
0
1

1
1
2
1
4204
0
2
10
134217728
4000
1000
10
1
0
1
0
0
1

0
1
1
1
4224
0
1
12
268435456
1000
500
70
1
1
0
1
0
0
1
0
1
1
2
1
4250
0
0
9
134217728
4000
500
1
0
1
0
0
1

0
1
2
1
4260
0
1
12
134217728
1000
100
28
1
1
0
1
0
0
1
0
0
1
8
2
4267
0
1
11
67108864
1000
1000
89
0
1
0
1
0
0
1
1
1
8
4
4273
0
0
9
67108864
3000
1000
1
0
1
0
0
1

1
1
1
1
4302
0
0
9
134217728
1000
250
1
0
1
0
0
1

1
1
2
1
4319
0
2
10
268435456
1000
100
100
1
0
1
0
0
1

0
1
8
8
4329
0
0
9
67108864
1000
100
1
0
1
0
0
1

1
1
1
1
4334
0
1
11
134217728
1000
100
40
0
1
0
1
0
0
1
1
1
8
4
4338
0
0
9
268435456
3000
250
1
0
1
0
0
1

0
1
8
1
4345
0
0
9
134217728
1000
250
1
0
1
0
0
1

0
1
2
1
4372
0
1
12
268435456
3000
500
69
1
1
0
1
0
0
1
0
1
1
4
2
4394
0
1
12
134217728
1000
500
40
1
1
0
1
0
0
1
0
0
1
1
1
4415
0
0
9
67108864
1000
500
1
0
1
0
0
1

0
1
8
2
4418
0
0
9
268435456
3000
100
1
0
1
0
0
1

1
1
4
4
4430
0
0
9
134217728
3000
100
1
0
1
0
0
1

0
1
8
1
4433
0
2
10
268435456
2000
500
100
1
0
1
0
0
1

1
1
4
2
4463
0
2
10
67108864
2000
1000
5
1
0
1
0
0
1

1
1
1
1
4476
0
1
12
268435456
3000
250
20
1
1
0
1
0
0
1
0
1
1
1
1
4506
0
0
9
67108864
3000
1000
1
0
1
0
0
1

0
1
4
4
4522
0
2
10
134217728
2000
500
1000
1
0
1
0
0
1

1
1
8
2
4537
0
1
12
134217728
3000
1000
38
1
1
0
1
0
0
1
0
0
1
8
8
4543
0
2
10
268435456
3000
100
5
1
0
1
0
0
1

0
1
1
1
4563
0
2
10
67108864
2000
1000
100
1
0
1
0
0
1

0
1
1
1
4582
0
0
9
268435456
3000
250
1
0
1
0
0
1

1
1
2
1
4600
0
2
10
268435456
2000
500
10
1
0
1
0
0
1

0
1
1
1
4609
0
2
10
67108864
1000
1000
1000
1
0
1
0
0
1

1
1
4
2
4617
0
2
10
134217728
2000
500
10
1
0
1
0
0
1

1
1
2
1
4632
0
0
9
268435456
3000
500
1
0
1
0
0
1

1
1
8
2
4637
0
0
9
134217728
2000
500
1
0
1
0
0
1

1
1
8
8
4649
0
0
9
134217728
3000
250
1
0
1
0
0
1

1
1
2
1
4655
0
2
10
67108864
4000
1000
1000
1
0
1
0
0
1

0
1
2
1
4666
0
1
11
268435456
3000
250
42
0
1
0
1
0
0
1
1
1
4
2
4693
0
1
11
268435456
1000
100
3
0
1
0
1
0
0
1
0
1
1
1
4713
0
0
9
268435456
1000
100
1
0
1
0
0
1

0
1
8
8
4714
0
2
10
268435456
3000
250
1000
1
0
1
0
0
1

1
1
1
1
4734
0
1
11
67108864
2000
50
69
0
1
0
1
0
0
1
1
1
2
2
4756
0
1
12
134217728
4000
1000
70
1
1
0
1
0
0
1
0
0
1
2
1
4770
0
1
12
268435456
3000
500
21
1
1
0
1
0
0
1
0
1
1
2
2
4794
0
2
10
268435456
3000
250
10
1
0
1
0
0
1

1
1
4
2
4804
0
2
10
268435456
3000
500
1000
1
0
1
0
0
1

0
1
2
1
4817
0
1
12
268435456
1000
100
7
1
1
0
1
0
0
1
0
1
1
2
2
4823
0
0
9
134217728
1000
1000
1
0
1
0
0
1

1
1
1
1
4849
0
1
12
67108864
1000
1000
35
1
1
0
1
0
0
1
0
0
1
8
2
4861
0
2
10
268435456
1000
250
1
1
0
1
0
0
1

1
1
2
1
4880
0
1
12
67108864
2000
500
64
1
1
0
1
0
0
1
0
0
1
8
8
4887
0
2
10
268435456
1000
100
1000
1
0
1
0
0
1

0
1
8
2
4915
0
2
10
134217728
1000
50
5
1
0
1
0
0
1

1
1
1
1
4934
0
1
12
268435456
3000
100
69
1
1
0
1
0
0
1
0
1
1
1
1
4963
0
2
10
67108864
4000
100
10
1
0
1
0
0
1

1
1
4
1
4965
0
0
9
67108864
2000
100
1
0
1
0
0
1

1
1
1
1
4968
0
1
12
268435456
1000
100
27
1
1
0
1
0
0
1
0
0
1
1
1
4980
0
2
10
134217728
3000
250
1000
1
0
1
0
0
1

1
1
1
1
4999
0
2
10
134217728
4000
1000
5
1
0
1
0
0
1

0
1
8
1
5005
0
2
10
134217728
4000
250
100
1
0
1
0
0
1

0
1
8
1
5016
0
1
11
268435456
1000
500
33
0
1
0
1
0
0
1
0
1
8
1
5024
0
2
10
268435456
1000
500
1000
1
0
1
0
0
1

0
1
8
8
5029
0
2
10
134217728
3000
50
5
1
0
1
0
0
1

0
1
1
1
5051
0
1
12
134217728
1000
50
25
1
1
0
1
0
0
1
0
0
1
2
2
5056
0
0
9
134217728
2000
100
1
0
1
0
0
1

1
1
4
2
5065
0
2
10
134217728
2000
500
100
1
0
1
0
0
1

1
1
4
1
5078
0
1
12
134217728
1000
1000
90
1
1
0
1
0
0
1
0
0
1
8
8
5100
0
2
10
67108864
3000
500
5
1
0
1
0
0
1

0
1
2
1
5102
0
0
9
67108864
2000
250
1
0
1
0
0
1

0
1
2
2
5125
0
0
9
67108864
2000
1000
1
0
1
0
0
1

0
1
4
2
5150
0
2
10
134217728
3000
100
100
1
0
1
0
0
1

0
1
1
1
5167
0
0
9
67108864
4000
500
1
0
1
0
0
1

1
1
2
1
5185
0
0
9
134217728
1000
50
1
0
1
0
0
1

1
1
2
1
5195
0
1
12
67108864
3000
250
27
1
1
0
1
0
0
1
0
0
1
2
1
5224
0
0
9
67108864
1000
50
1
0
1
0
0
1

0
1
1
1
5228
0
2
10
268435456
2000
500
5
1
0
1
0
0
1

1
1
4
2
5238
0
0
9
268435456
3000
500
1
0
1
0
0
1

0
1
8
2
5265
0
0
9
67108864
1000
100
1
0
1
0
0
1

0
1
8
4
5293
0
1
12
134217728
2000
500
16
1
1
0
1
0
0
1
0
0
1
8
4
5315
0
2
10
67108864
3000
1000
10
1
0
1
0
0
1

0
1
8
8
5325
0
1
12
134217728
3000
100
88
1
1
0
1
0
0
1
0
1
1
2
1
5330
0
1
12
268435456
3000
250
9
1
1
0
1
0
0
1
0
0
1
4
1
5337
0
2
10
67108864
2000
1000
5
1
0
1
0
0
1

0
1
2
1
5341
0
2
10
268435456
3000
500
1000
1
0
1
0
0
1

0
1
8
1
5362
0
0
9
67108864
3000
500
1
0
1
0
0
1

0
1
1
1
5367
0
2
10
134217728
2000
1000
100
1
0
1
0
0
1

1
1
1
1
5386
0
2
10
134217728
3000
250
10
1
0
1
0
0
1

1
1
2
1
5395
0
0
9
268435456
3000
100
1
0
1
0
0
1

1
1
4
1
5422
0
2
10
67108864
2000
1000
5
1
0
1
0
0
1

0
1
8
2
5446
0
1
11
134217728
1000
500
18
0
1
0
1
0
0
1
1
1
2
2
5475
0
1
12
67108864
4000
250
20
1
1
0
1
0
0
1
0
0
1
8
4
5479
0
2
10
67108864
3000
1000
10
1
0
1
0
0
1

0
1
1
1
5504
0
0
9
134217728
4000
500
1
0
1
0
0
1

0
1
2
1
5512
0
1
12
268435456
2000
500
55
1
1
0
1
0
0
1
0
0
1
4
4
5520
0
2
10
268435456
1000
250
1000
1
0
1
0
0
1

0
1
8
2
5548
0
0
9
134217728
3000
50
1
0
1
0
0
1

0
1
4
2
5577
0
0
9
67108864
3000
50
1
0
1
0
0
1

1
1
1
1
5593
0
0
9
268435456
2000
250
1
0
1
0
0
1

0
1
1
1
5608
0
0
9
134217728
3000
250
1
0
1
0
0
1

1
1
1
1
5614
0
2
10
134217728
1000
100
100
1
0
1
0
0
1

0
1
2
1
5624
0
0
9
67108864
3000
50
1
0
1
0
0
1

0
1
4
2
5637
0
1
12
134217728
1000
50
76
1
1
0
1
0
0
1
0
1
1
1
1
5651
0
1
11
134217728
2000
250
11
0
1
0
1
0
0
1
0
1
2
1
5652
0
1
12
67108864
3000
50
25
1
1
0
1
0
0
1
0
0
1
8
4
5655
0
0
9
268435456
3000
100
1
0
1
0
0
1

1
1
1
1
5678
0
2
10
268435456
2000
50
1
1
0
1
0
0
1

1
1
4
4
5686
0
2
10
134217728
2000
500
10
1
0
1
0
0
1

0
1
8
2
5694
0
0
9
134217728
3000
1000
1
0
1
0
0
1

1
1
8
8
5714
0
2
10
134217728
3000
1000
1
1
0
1
0
0
1

1
1
4
4
5722
0
0
9
134217728
1000
250
1
0
1
0
0
1

0
1
2
1
5725
0
1
12
268435456
2000
50
48
1
1
0
1
0
0
1
0
1
1
1
1
5753
0
1
12
67108864
3000
100
36
1
1
0
1
0
0
1
0
0
1
4
2
5772
0
1
12
134217728
3000
500
52
1
1
0
1
0
0
1
0
1
1
2
2
5799
0
2
10
268435456
3000
250
1
1
0
1
0
0
1

0
1
2
2
5811
0
0
9
67108864
4000
1000
1
0
1
0
0
1

1
1
2
2
5819
0
1
12
67108864
4000
100
35
1
1
0
1
0
0
1
0
0
1
1
1
5828
0
0
9
134217728
2000
100
1
0
1
0
0
1

0
1
8
1
5829
0
0
9
268435456
3000
250
1
0
1
0
0
1

0
1
2
1
5849
0
2
10
67108864
4000
1000
1000
1
0
1
0
0
1

0
1
8
2
5855
0
2
10
268435456
2000
500
1000
1
0
1
0
0
1

0
1
8
4
5869
0
0
9
134217728
4000
50
1
0
1
0
0
1

0
1
4
2
5879
0
2
10
134217728
4000
500
100
1
0
1
0
0
1

1
1
2
1
5896
0
2
10
134217728
3000
1000
1000
1
0
1
0
0
1

1
1
2
1
5901
0
0
9
134217728
1000
250
1
0
1
0
0
1

0
1
4
2
5925
0
1
12
134217728
4000
100
47
1
1
0
1
0
0
1
0
0
1
1
1
5943
0
0
9
67108864
3000
1000
1
0
1
0
0
1

0
1
8
4
5945
0
2
10
134217728
4000
250
100
1
0
1
0
0
1

1
1
2
1
5958
0
0
9
134217728
1000
1000
1
0
1
0
0
1

1
1
2
1
5968
0
2
10
67108864
2000
250
100
1
0
1
0
0
1

0
1
4
2
5990
0
2
10
67108864
4000
1000
100
1
0
1
0
0
1

0
1
2
1
5993
0
1
11
268435456
3000
500
1
0
1
0
1
0
0
1
0
1
8
4
6017
0
2
10
67108864
3000
500
10
1
0
1
0
0
1

1
1
2
1
6035
0
1
12
67108864
2000
50
74
1
1
0
1
0
0
1
0
1
1
1
1
6037
0
0
9
268435456
3000
500
1
0
1
0
0
1

1
1
1
1
6043
0
2
10
134217728
4000
1000
1
1
0
1
0
0
1

1
1
8
8
6044
0
2
10
268435456
3000
50
5
1
0
1
0
0
1

1
1
4
4
6051
0
1
12
67108864
4000
50
46
1
1
0
1
0
0
1
0
1
1
2
1
6062
0
1
12
268435456
3000
50
11
1
1
0
1
0
0
1
0
0
1
2
1
6092
0
2
10
268435456
3000
100
1
1
0
1
0
0
1

1
1
2
1
6116
0
1
11
134217728
1000
500
24
0
1
0
1
0
0
1
0
1
2
1
6125
0
2
10
268435456
2000
500
100
1
0
1
0
0
1

1
1
4
4
6143
0
1
12
134217728
2000
50
32
1
1
0
1
0
0
1
0
1
1
2
1
6172
0
2
10
67108864
2000
100
10
1
0
1
0
0
1

0
1
8
2
6190
0
2
10
268435456
1000
500
1000
1
0
1
0
0
1

1
1
1
1
6216
0
0
9
134217728
2000
50
1
0
1
0
0
1

1
1
2
1
6220
0
1
11
134217728
2000
250
35
0
1
0
1
0
0
1
1
1
4
4
6237
0
1
12
268435456
1000
250
35
1
1
0
1
0
0
1
0
0
1
1
1
6239
0
2
10
268435456
3000
50
5
1
0
1
0
0
1

1
1
8
8
6253
0
2
10
134217728
3000
50
1
1
0
1
0
0
1

1
1
4
2
6254
0
1
12
67108864
3000
50
73
1
1
0
1
0
0
1
0
0
1
4
4
6272
0
1
12
67108864
2000
50
65
1
1
0
1
0
0
1
0
1
1
2
1
6296
0
0
9
268435456
1000
50
1
0
1
0
0
1

1
1
2
2
6301
0
0
9
67108864
1000
250
1
0
1
0
0
1

1
1
8
8
6306
0
2
10
67108864
1000
500
10
1
0
1
0
0
1

0
1
8
2
6318
0
1
12
268435456
3000
250
1
1
1
0
1
0
0
1
0
0
1
1
1
6319
0
0
9
67108864
3000
250
1
0
1
0
0
1

1
1
4
2
6347
0
0
9
67108864
3000
100
1
0
1
0
0
1

1
1
4
4
6348
0
0
9
67108864
4000
1000
1
0
1
0
0
1

1
1
4
2
6354
0
2
10
134217728
4000
250
1
1
0
1
0
0
1

1
1
4
4
6376
0
1
12
268435456
2000
50
9
1
1
0
1
0
0
1
0
0
1
4
1
6398
0
0
9
268435456
3000
50
1
0
1
0
0
1

1
1
8
2
6404
0
0
9
268435456
3000
500
1
0
1
0
0
1

1
1
4
2
6414
0
2
10
268435456
3000
100
100
1
0
1
0
0
1

0
1
8
8
6427
0
2
10
67108864
2000
250
5
1
0
1
0
0
1

1
1
8
2
6445
0
0
9
134217728
3000
250
1
0
1
0
0
1

1
1
2
1
6474
0
2
10
67108864
3000
1000
10
1
0
1
0
0
1

0
1
2
2
6477
0
0
9
67108864
3000
1000
1
0
1
0
0
1

1
1
1
1
6483
0
1
11
268435456
3000
500
81
0
1
0
1
0
0
1
0
1
2
1
6510
0
1
11
134217728
3000
50
11
0
1
0
1
0
0
1
0
1
4
1
6535
0
2
10
134217728
3000
50
5
1
0
1
0
0
1

1
1
2
1
6557
0
2
10
67108864
1000
500
1
1
0
1
0
0
1

1
1
1
1
6582
0
2
10
134217728
4000
1000
5
1
0
1
0
0
1

0
1
1
1
6608
0
1
12
67108864
2000
1000
60
1
1
0
1
0
0
1
0
0
1
8
4
6612
0
2
10
67108864
1000
1000
1
1
0
1
0
0
1

0
1
8
2
6621
0
2
10
134217728
3000
250
10
1
0
1
0
0
1

1
1
2
1
6636
0
2
10
268435456
3000
500
100
1
0
1
0
0
1

1
1
1
1
6655
0
0
9
134217728
3000
50
1
0
1
0
0
1

1
1
2
1
6664
0
1
11
134217728
2000
1000
40
0
1
0
1
0
0
1
1
1
8
2
6666
0
0
9
67108864
3000
1000
1
0
1
0
0
1

0
1
2
1
6694
0
2
10
67108864
2000
500
10
1
0
1
0
0
1

1
1
4
2
6724
0
1
12
268435456
3000
250
88
1
1
0
1
0
0
1
0
1
1
8
1
6727
0
1
12
67108864
3000
50
22
1
1
0
1
0
0
1
0
1
1
2
2
6730
0
2
10
134217728
1000
1000
100
1
0
1
0
0
1

1
1
4
2
6738
0
1
11
134217728
4000
500
78
0
1
0
1
0
0
1
1
1
2
1
6740
0
1
12
268435456
3000
500
93
1
1
0
1
0
0
1
0
1
1
2
1
6754
0
0
9
67108864
4000
500
1
0
1
0
0
1

0
1
8
1
6775
0
0
9
134217728
2000
100
1
0
1
0
0
1

0
1
4
2
6790
0
0
9
67108864
3000
500
1
0
1
0
0
1

0
1
8
4
6818
0
1
12
268435456
3000
50
29
1
1
0
1
0
0
1
0
0
1
4
2
6824
0
1
12
268435456
3000
500
75
1
1
0
1
0
0
1
0
0
1
2
2
6842
0
0
9
134217728
3000
250
1
0
1
0
0
1

1
1
4
4
6860
0
2
10
268435456
3000
500
100
1
0
1
0
0
1

1
1
8
1
6869
0
1
11
268435456
1000
500
3
0
1
0
1
0
0
1
0
1
1
1
6896
0
0
9
134217728
1000
250
1
0
1
0
0
1

0
1
4
4
6904
0
1
11
268435456
1000
250
44
0
1
0
1
0
0
1
1
1
4
4
6918
0
2
10
67108864
3000
250
10
1
0
1
0
0
1

0
1
4
2
6934
0
2
10
67108864
2000
250
5
1
0
1
0
0
1

1
1
1
1
6946
0
2
10
134217728
2000
1000
1000
1
0
1
0
0
1

1
1
4
2
6963
0
1
11
268435456
1000
100
97
0
1
0
1
0
0
1
1
1
2
1
6988
0
0
9
134217728
4000
100
1
0
1
0
0
1

0
1
4
1
7018
0
0
9
268435456
1000
250
1
0
1
0
0
1

1
1
8
4
7025
0
0
9
67108864
2000
250
1
0
1
0
0
1

0
1
8
8
7036
0
0
9
134217728
4000
500
1
0
1
0
0
1

1
1
4
1
7058
0
1
12
67108864
1000
100
94
1
1
0
1
0
0
1
0
1
1
8
2
7075
0
1
11
67108864
2000
100
9
0
1
0
1
0
0
1
1
1
2
2
7081
0
0
9
134217728
2000
50
1
0
1
0
0
1

1
1
8
8
7101
0
1
12
67108864
3000
500
61
1
1
0
1
0
0
1
0
1
1
8
4
7118
0
0
9
67108864
3000
1000
1
0
1
0
0
1

0
1
4
2
7121
0
2
10
67108864
2000
500
1
1
0
1
0
0
1

0
1
1
1
7144
0
2
10
67108864
4000
100
1
1
0
1
0
0
1

1
1
2
1
7163
0
1
11
134217728
1000
1000
36
0
1
0
1
0
0
1
0
1
8
1
7171
0
0
9
67108864
2000
250
1
0
1
0
0
1

0
1
2
1
7180
0
2
10
268435456
2000
500
1
1
0
1
0
0
1

0
1
4
4
7196
0
1
11
268435456
3000
100
67
0
1
0
1
0
0
1
1
1
2
2
7207
0
2
10
268435456
1000
250
10
1
0
1
0
0
1

1
1
8
4
7227
0
2
10
134217728
2000
50
10
1
0
1
0
0
1

1
1
2
1
7256
0
2
10
67108864
2000
50
10
1
0
1
0
0
1

0
1
2
1
7264
0
0
9
67108864
2000
50
1
0
1
0
0
1

1
1
4
2
7269
0
0
9
67108864
1000
500
1
0
1
0
0
1

0
1
8
4
7270
0
1
12
67108864
4000
100
75
1
1
0
1
0
0
1
0
0
1
4
2
7283
0
2
10
268435456
2000
500
5
1
0
1
0
0
1

1
1
2
1
7309
0
2
10
134217728
4000
250
5
1
0
1
0
0
1

0
1
2
1
7335
0
0
9
268435456
3000
100
1
0
1
0
0
1

0
1
4
4
7365
0
2
10
67108864
1000
250
5
1
0
1
0
0
1

0
1
2
1
7369
0
0
9
268435456
3000
50
1
0
1
0
0
1

1
1
8
1
7381
0
1
12
134217728
1000
250
77
1
1
0
1
0
0
1
0
0
1
2
2
7392
0
1
11
67108864
2000
100
57
0
1
0
1
0
0
1
0
1
4
2
7415
0
1
12
268435456
2000
250
97
1
1
0
1
0
0
1
0
0
1
8
2
7440
0
0
9
268435456
3000
50
1
0
1
0
0
1

0
1
1
1
7464
0
0
9
134217728
2000
1000
1
0
1
0
0
1

1
1
1
1
7479
0
0
9
134217728
4000
500
1
0
1
0
0
1

0
1
8
8
7485
0
0
9
268435456
2000
100
1
0
1
0
0
1

1
1
8
4
7490
0
0
9
268435456
3000
250
1
0
1
0
0
1

0
1
1
1
7515
0
0
9
134217728
3000
50
1
0
1
0
0
1

0
1
4
4
7533
0
2
10
134217728
3000
50
10
1
0
1
0
0
1

0
1
8
8
7534
0
0
9
268435456
3000
50
1
0
1
0
0
1

1
1
1
1
7551
0
0
9
67108864
3000
500
1
0
1
0
0
1

0
1
4
4
7558
0
0
9
134217728
3000
100
1
0
1
0
0
1

0
1
1
1
7584
0
1
12
67108864
4000
1000
21
1
1
0
1
0
0
1
0
0
1
4
1
7607
0
2
10
134217728
3000
500
10
1
0
1
0
0
1

1
1
8
8
7625
0
2
10
134217728
2000
100
1000
1
0
1
0
0
1

1
1
4
2
7655
0
2
10
67108864
4000
1000
10
1
0
1
0
0
1

1
1
2
2
7673
0
2
10
268435456
1000
500
5
1
0
1
0
0
1

0
1
8
2
7697
0
0
9
268435456
3000
100
1
0
1
0
0
1

0
1
8
4
7721
0
2
10
67108864
4000
250
100
1
0
1
0
0
1

1
1
1
1
7741
0
2
10
268435456
3000
250
5
1
0
1
0
0
1

0
1
4
1
7746
0
2
10
67108864
1000
500
5
1
0
1
0
0
1

0
1
4
1
7751
0
0
9
268435456
3000
500
1
0
1
0
0
1

1
1
8
4
7766
0
1
11
268435456
3000
500
12
0
1
0
1
0
0
1
1
1
8
8
7785
0
0
9
268435456
1000
50
1
0
1
0
0
1

1
1
2
1
7808
0
1
12
67108864
1000
50
23
1
1
0
1
0
0
1
0
0
1
4
4
7838
0
0
9
67108864
3000
1000
1
0
1
0
0
1

1
1
4
1
7868
0
2
10
67108864
2000
1000
1000
1
0
1
0
0
1

0
1
2
1
7870
0
2
10
268435456
1000
500
1
1
0
1
0
0
1

1
1
8
1
7881
0
0
9
67108864
2000
250
1
0
1
0
0
1

1
1
1
1
7901
0
1
12
134217728
4000
50
11
1
1
0
1
0
0
1
0
1
1
2
2
7919
0
0
9
67108864
2000
100
1
0
1
0
0
1

0
1
4
4
7933
0
2
10
134217728
3000
250
100
1
0
1
0
0
1

1
1
2
2
7963
0
2
10
67108864
1000
100
1
1
0
1
0
0
1

0
1
2
1
7990
0
1
11
67108864
1000
1000
61
0
1
0
1
0
0
1
1
1
1
1
8018
0
0
9
67108864
2000
100
1
0
1
0
0
1

1
1
8
8
8038
0
1
11
268435456
2000
250
45
0
1
0
1
0
0
1
0
1
2
1
8055
0
0
9
67108864
3000
50
1
0
1
0
0
1

0
1
4
2
8076
0
2
10
134217728
2000
250
5
1
0
1
0
0
1

0
1
8
2
8085
0
0
9
67108864
3000
100
1
0
1
0
0
1

0
1
1
1
8102
0
0
9
134217728
4000
100
1
0
1
0
0
1

1
1
2
2
8125
0
2
10
268435456
3000
50
1000
1
0
1
0
0
1

0
1
8
2
8133
0
2
10
67108864
3000
1000
1000
1
0
1
0
0
1

0
1
4
4
8139
0
0
9
67108864
4000
100
1
0
1
0
0
1

1
1
8
2
8151
0
2
10
67108864
2000
1000
5
1
0
1
0
0
1

1
1
8
2
8179
0
0
9
134217728
4000
50
1
0
1
0
0
1

1
1
1
1
8199
0
0
9
67108864
3000
250
1
0
1
0
0
1

0
1
4
4
8226
0
1
11
134217728
2000
250
37
0
1
0
1
0
0
1
1
1
2
2
8253
0
0
9
134217728
1000
500
1
0
1
0
0
1

0
1
4
4
8269
0
2
10
67108864
4000
250
1
1
0
1
0
0
1

1
1
8
4
8291
0
1
11
268435456
3000
250
57
0
1
0
1
0
0
1
1
1
1
1
8294
0
0
9
268435456
2000
250
1
0
1
0
0
1

0
1
1
1
8321
0
1
12
268435456
3000
100
87
1
1
0
1
0
0
1
0
0
1
4
2
8336
0
0
9
67108864
4000
500
1
0
1
0
0
1

1
1
2
1
8351
0
0
9
134217728
4000
250
1
0
1
0
0
1

1
1
8
8
8368
0
2
10
134217728
2000
500
10
1
0
1
0
0
1

0
1
8
2
8387
0
0
9
67108864
3000
250
1
0
1
0
0
1

1
1
2
1
8399
0
1
12
268435456
2000
250
12
1
1
0
1
0
0
1
0
0
1
2
1
8404
0
1
12
268435456
3000
50
40
1
1
0
1
0
0
1
0
0
1
2
2
8406
0
2
10
134217728
3000
250
1
1
0
1
0
0
1

0
1
8
2
8420
0
2
10
134217728
1000
500
1000
1
0
1
0
0
1

1
1
4
4
8436
0
0
9
67108864
3000
1000
1
0
1
0
0
1

1
1
8
2
8442
0
1
12
268435456
3000
500
24
1
1
0
1
0
0
1
0
0
1
1
1
8466
0
0
9
268435456
3000
250
1
0
1
0
0
1

1
1
2
2
8482
0
2
10
67108864
2000
1000
10
1
0
1
0
0
1

1
1
2
1
8496
0
2
10
268435456
1000
100
5
1
0
1
0
0
1

1
1
2
1
8522
0
2
10
134217728
4000
250
1
1
0
1
0
0
1

0
1
8
8
8540
0
2
10
268435456
2000
500
1
1
0
1
0
0
1

0
1
1
1
8564
0
1
11
134217728
4000
100
35
0
1
0
1
0
0
1
0
1
4
1
8584
0
2
10
67108864
2000
1000
5
1
0
1
0
0
1

1
1
2
1
8592
0
0
9
134217728
2000
1000
1
0
1
0
0
1

0
1
8
2
8595
0
2
10
268435456
2000
100
5
1
0
1
0
0
1

1
1
8
4
8603
0
2
10
268435456
2000
250
1
1
0
1
0
0
1

1
1
8
2
8623
0
2
10
268435456
2000
250
5
1
0
1
0
0
1

0
1
4
2
8635
0
1
11
134217728
4000
250
39
0
1
0
1
0
0
1
1
1
2
1
8655
0
1
12
134217728
2000
50
44
1
1
0
1
0
0
1
0
0
1
8
8
8664
0
0
9
67108864
4000
50
1
0
1
0
0
1

1
1
8
8
8691
0
0
9
67108864
2000
250
1
0
1
0
0
1

0
1
2
2
8715
0
1
11
67108864
3000
500
59
0
1
0
1
0
0
1
0
1
4
1
8731
0
0
9
268435456
2000
500
1
0
1
0
0
1

1
1
8
1
8748
0
1
12
268435456
1000
50
68
1
1
0
1
0
0
1
0
0
1
8
4
8775
0
2
10
134217728
1000
1000
10
1
0
1
0
0
1

0
1
8
4
8803
0
1
11
134217728
1000
100
57
0
1
0
1
0
0
1
1
1
8
8
8833
0
2
10
67108864
3000
50
100
1
0
1
0
0
1

0
1
4
2
8856
0
2
10
268435456
1000
50
100
1
0
1
0
0
1

1
1
4
1
8871
0
2
10
268435456
2000
500
100
1
0
1
0
0
1

1
1
2
1
8897
0
1
12
134217728
1000
1000
83
1
1
0
1
0
0
1
0
0
1
8
4
8900
0
2
10
268435456
3000
500
10
1
0
1
0
0
1

1
1
2
1
8921
0
2
10
134217728
2000
50
100
1
0
1
0
0
1

0
1
2
1
8928
0
1
12
134217728
2000
250
60
1
1
0
1
0
0
1
0
1
1
4
1
8934
0
1
11
134217728
4000
50
60
0
1
0
1
0
0
1
0
1
4
2
8963
0
2
10
134217728
3000
500
5
1
0
1
0
0
1

1
1
2
1
8979
0
1
11
134217728
3000
250
61
0
1
0
1
0
0
1
1
1
1
1
8998
0
1
11
67108864
2000
50
88
0
1
0
1
0
0
1
0
1
8
2
9019
0
1
11
268435456
3000
100
31
0
1
0
1
0
0
1
1
1
8
2
9044
0
2
10
134217728
2000
50
100
1
0
1
0
0
1

1
1
1
1
9057
0
2
10
134217728
2000
250
100
1
0
1
0
0
1

1
1
8
4
9068
0
0
9
268435456
3000
500
1
0
1
0
0
1

1
1
8
1
9082
0
1
11
134217728
4000
100
3
0
1
0
1
0
0
1
1
1
1
1
9089
0
2
10
67108864
4000
100
1000
1
0
1
0
0
1

0
1
1
1
9109
0
0
9
268435456
2000
50
1
0
1
0
0
1

1
1
8
1
9113
0
2
10
134217728
2000
250
10
1
0
1
0
0
1

0
1
8
8
9128
0
2
10
67108864
2000
250
10
1
0
1
0
0
1

1
1
8
8
9147
0
0
9
134217728
2000
250
1
0
1
0
0
1

1
1
1
1
9170
0
1
12
67108864
4000
250
47
1
1
0
1
0
0
1
0
1
1
1
1
9187
0
1
12
67108864
3000
100
63
1
1
0
1
0
0
1
0
0
1
1
1
9193
0
2
10
134217728
3000
1000
10
1
0
1
0
0
1

1
1
4
2
9219
0
1
11
67108864
2000
500
6
0
1
0
1
0
0
1
0
1
4
2
9248
0
2
10
67108864
2000
50
10
1
0
1
0
0
1

0
1
8
4
9278
0
2
10
67108864
1000
500
1
1
0
1
0
0
1

0
1
8
4
9290
0
2
10
268435456
2000
50
5
1
0
1
0
0
1

0
1
4
1
9300
0
2
10
134217728
1000
500
5
1
0
1
0
0
1

0
1
8
1
9314
0
2
10
134217728
1000
1000
1
1
0
1
0
0
1

1
1
4
4
9344
0
1
11
67108864
4000
500
46
0
1
0
1
0
0
1
0
1
8
2
9347
0
2
10
268435456
3000
250
1000
1
0
1
0
0
1

1
1
2
2
9363
0
2
10
268435456
2000
50
100
1
0
1
0
0
1

0
1
8
8
9375
0
1
11
134217728
4000
250
54
0
1
0
1
0
0
1
0
1
8
4
9383
0
1
12
268435456
3000
50
77
1
1
0
1
0
0
1
0
1
1
1
1
9385
0
1
12
134217728
3000
500
51
1
1
0
1
0
0
1
0
1
1
8
4
9388
0
2
10
268435456
1000
100
100
1
0
1
0
0
1

1
1
2
1
9416
0
0
9
134217728
1000
1000
1
0
1
0
0
1

0
1
1
1
9437
0
0
9
134217728
1000
1000
1
0
1
0
0
1

1
1
8
1
9458
0
0
9
67108864
3000
50
1
0
1
0
0
1

0
1
2
2
9460
0
2
10
134217728
4000
50
1000
1
0
1
0
0
1

0
1
4
2
9471
0
2
10
134217728
2000
100
1000
1
0
1
0
0
1

0
1
4
1
9477
0
0
9
67108864
4000
1000
1
0
1
0
0
1

1
1
8
8
9500
0
2
10
134217728
2000
100
1
1
0
1
0
0
1

0
1
1
1
9525
0
0
9
134217728
2000
250
1
0
1
0
0
1

1
1
1
1
9530
0
2
10
268435456
3000
250
10
1
0
1
0
0
1

0
1
8
8
9552
0
0
9
134217728
1000
50
1
0
1
0
0
1

0
1
1
1
9559
0
2
10
67108864
4000
1000
5
1
0
1
0
0
1

0
1
2
2
9563
0
1
11
67108864
2000
500
77
0
1
0
1
0
0
1
0
1
2
1
9575
0
0
9
134217728
1000
500
1
0
1
0
0
1

0
1
1
1
9589
0
2
10
67108864
4000
1000
10
1
0
1
0
0
1

1
1
2
2
9619
0
1
11
268435456
1000
50
5
0
1
0
1
0
0
1
0
1
8
1
9639
0
1
12
67108864
3000
500
95
1
1
0
1
0
0
1
0
0
1
1
1
9658
0
1
12
134217728
2000
250
7
1
1
0
1
0
0
1
0
0
1
8
4
9688
0
1
12
67108864
2000
250
68
1
1
0
1
0
0
1
0
1
1
2
2
9714
0
0
9
268435456
3000
50
1
0
1
0
0
1

1
1
8
1
9721
0
1
12
67108864
3000
500
2
1
1
0
1
0
0
1
0
1
1
4
2
9743
0
0
9
67108864
3000
250
1
0
1
0
0
1

0
1
4
4
9745
0
0
9
67108864
2000
500
1
0
1
0
0
1

1
1
2
1
9761
0
1
11
134217728
1000
1000
65
0
1
0
1
0
0
1
0
1
2
1
9764
0
0
9
268435456
3000
500
1
0
1
0
0
1

0
1
1
1
9766
0
1
11
67108864
1000
500
5
0
1
0
1
0
0
1
1
1
2
1
9786
0
1
11
134217728
3000
250
94
0
1
0
1
0
0
1
0
1
2
2
9790
0
2
10
67108864
1000
1000
100
1
0
1
0
0
1

1
1
1
1
9810
0
1
11
134217728
1000
100
26
0
1
0
1
0
0
1
0
1
2
1
9820
0
0
9
67108864
1000
1000
1
0
1
0
0
1

1
1
1
1
9832
0
1
11
134217728
3000
500
40
0
1
0
1
0
0
1
1
1
4
2
9833
0
0
9
67108864
3000
1000
1
0
1
0
0
1

1
1
1
1
9847
0
0
9
268435456
3000
500
1
0
1
0
0
1

0
1
1
1
9865
0
1
12
268435456
3000
100
60
1
1
0
1
0
0
1
0
1
1
2
1
9887
0
2
10
268435456
2000
100
1
1
0
1
0
0
1

1
1
1
1
9909
0
1
11
67108864
3000
1000
24
0
1
0
1
0
0
1
0
1
2
1
9933
0
0
9
134217728
1000
250
1
0
1
0
0
1

0
1
2
1
9939
0
1
11
268435456
3000
50
20
0
1
0
1
0
0
1
1
1
1
1
9963
0
2
10
134217728
2000
250
10
1
0
1
0
0
1

1
1
8
4
9972
0
2
10
268435456
3000
500
1000
1
0
1
0
0
1

0
1
8
2
9993
0
2
10
134217728
3000
500
1000
1
0
1
0
0
1

1
1
4
2
10002
0
2
10
134217728
3000
100
1000
1
0
1
0
0
1

1
1
1
1
10015
0
1
11
134217728
3000
500
60
0
1
0
1
0
0
1
1
1
1
1
10028
0
1
12
67108864
2000
1000
16
1
1
0
1
0
0
1
0
0
1
1
1
10058
0
2
10
134217728
1000
50
1000
1
0
1
0
0
1

0
1
8
2
10070
0
0
9
268435456
1000
500
1
0
1
0
0
1

1
1
1
1
10087
0
2
10
134217728
2000
100
10
1
0
1
0
0
1

0
1
8
2
10112
0
2
10
268435456
2000
500
5
1
0
1
0
0
1

0
1
8
1
10134
0
1
12
268435456
1000
50
50
1
1
0
1
0
0
1
0
0
1
8
8
10154
0
0
9
268435456
2000
500
1
0
1
0
0
1

1
1
2
1
10165
0
2
10
268435456
2000
500
5
1
0
1
0
0
1

1
1
2
1
10172
0
1
11
268435456
2000
500
35
0
1
0
1
0
0
1
1
1
8
8
10185
0
2
10
67108864
1000
100
1
1
0
1
0
0
1

0
1
4
2
10195
0
0
9
268435456
2000
500
1
0
1
0
0
1

1
1
4
2
10214
0
1
11
134217728
3000
50
65
0
1
0
1
0
0
1
0
1
1
1
10226
0
0
9
67108864
2000
250
1
0
1
0
0
1

0
1
4
2
10240
0
2
10
268435456
1000
250
1000
1
0
1
0
0
1

1
1
2
1
10255
0
1
11
67108864
2000
50
44
0
1
0
1
0
0
1
1
1
1
1
10269
0
0
9
67108864
2000
50
1
0
1
0
0
1

1
1
2
2
10281
0
0
9
134217728
2000
1000
1
0
1
0
0
1

0
1
8
4
10292
0
1
12
67108864
1000
500
33
1
1
0
1
0
0
1
0
1
1
1
1
10313
0
1
12
268435456
2000
50
85
1
1
0
1
0
0
1
0
1
1
8
8
10341
0
0
9
268435456
3000
500
1
0
1
0
0
1

0
1
4
2
10345
0
2
10
67108864
1000
500
1
1
0
1
0
0
1

1
1
8
1
10352
0
2
10
268435456
3000
500
100
1
0
1
0
0
1

0
1
1
1
10360
0
1
11
67108864
2000
500
52
0
1
0
1
0
0
1
1
1
8
4
10370
0
2
10
268435456
3000
500
1
1
0
1
0
0
1

0
1
8
4
10382
0
2
10
67108864
4000
100
1
1
0
1
0
0
1

0
1
8
2
10398
0
1
12
134217728
2000
500
47
1
1
0
1
0
0
1
0
0
1
4
2
10423
0
1
11
67108864
3000
1000
54
0
1
0
1
0
0
1
1
1
2
2
10452
0
1
11
134217728
1000
1000
95
0
1
0
1
0
0
1
0
1
8
4
10482
0
0
9
134217728
4000
1000
1
0
1
0
0
1

0
1
8
1
10498
0
2
10
134217728
1000
1000
1000
1
0
1
0
0
1

0
1
4
4
10523
0
1
11
268435456
2000
500
65
0
1
0
1
0
0
1
0
1
8
4
10536
0
2
10
268435456
1000
250
1
1
0
1
0
0
1

0
1
4
2
10542
0
1
11
67108864
4000
1000
40
0
1
0
1
0
0
1
1
1
1
1
10546
0
1
12
134217728
3000
50
53
1
1
0
1
0
0
1
0
0
1
8
4
10557
0
2
10
67108864
4000
1000
1000
1
0
1
0
0
1

1
1
4
2
10558
0
0
9
268435456
3000
250
1
0
1
0
0
1

0
1
8
4
10574
0
2
10
134217728
1000
500
1
1
0
1
0
0
1

1
1
4
1
10598
0
2
10
268435456
2000
50
1
1
0
1
0
0
1

0
1
8
1
10619
0
1
12
67108864
3000
100
65
1
1
0
1
0
0
1
0
0
1
4
4
10621
0
0
9
268435456
1000
100
1
0
1
0
0
1

0
1
4
2
10648
0
2
10
134217728
2000
1000
1
1
0
1
0
0
1

0
1
8
8
10674
0
1
11
134217728
3000
100
19
0
1
0
1
0
0
1
0
1
2
1
10689
0
1
12
134217728
4000
100
68
1
1
0
1
0
0
1
0
1
1
4
4
10701
0
0
9
134217728
4000
100
1
0
1
0
0
1

1
1
2
1
10730
0
1
11
268435456
2000
500
93
0
1
0
1
0
0
1
1
1
2
1
10734
0
0
9
67108864
1000
500
1
0
1
0
0
1

1
1
8
2
10746
0
1
12
134217728
4000
1000
5
1
1
0
1
0
0
1
0
0
1
1
1
10770
0
0
9
67108864
3000
250
1
0
1
0
0
1

0
1
8
8
10777
0
2
10
67108864
2000
50
10
1
0
1
0
0
1

1
1
8
1
10793
0
2
10
67108864
4000
100
1000
1
0
1
0
0
1

0
1
1
1
10804
0
2
10
134217728
3000
100
1
1
0
1
0
0
1

1
1
2
1
10826
0
0
9
134217728
1000
500
1
0
1
0
0
1

0
1
2
1
10844
0
0
9
67108864
4000
250
1
0
1
0
0
1

1
1
4
1
10851
0
1
11
268435456
1000
250
81
0
1
0
1
0
0
1
1
1
2
1
10855
0
2
10
134217728
3000
500
1000
1
0
1
0
0
1

1
1
4
2
10862
0
2
10
134217728
2000
250
1000
1
0
1
0
0
1

0
1
1
1
10865
0
2
10
268435456
2000
50
5
1
0
1
0
0
1

0
1
2
1
10887
0
0
9
67108864
1000
500
1
0
1
0
0
1

0
1
4
2
10893
0
1
12
134217728
3000
1000
95
1
1
0
1
0
0
1
0
1
1
2
2
10896
0
0
9
134217728
4000
250
1
0
1
0
0
1

1
1
8
2
10911
0
2
10
268435456
3000
50
100
1
0
1
0
0
1

1
1
1
1
10925
0
2
10
134217728
4000
50
100
1
0
1
0
0
1

1
1
1
1
10930
0
0
9
67108864
3000
50
1
0
1
0
0
1

1
1
8
8
10940
0
1
11
268435456
3000
100
84
0
1
0
1
0
0
1
1
1
2
1
10947
0
1
11
268435456
3000
500
69
0
1
0
1
0
0
1
0
1
2
1
10973
0
1
12
67108864
2000
100
25
1
1
0
1
0
0
1
0
1
1
1
1
10992
0
0
9
134217728
4000
500
1
0
1
0
0
1

0
1
8
8
11017
0
0
9
268435456
3000
500
1
0
1
0
0
1

0
1
1
1
11031
0
0
9
67108864
1000
1000
1
0
1
0
0
1

1
1
4
4
11043
0
0
9
67108864
4000
1000
1
0
1
0
0
1

0
1
8
8
11046
0
2
10
134217728
2000
1000
100
1
0
1
0
0
1

0
1
1
1
11055
0
1
11
134217728
1000
100
4
0
1
0
1
0
0
1
1
1
4
2
11073
0
0
9
268435456
3000
500
1
0
1
0
0
1

0
1
2
1
11089
0
2
10
67108864
4000
500
10
1
0
1
0
0
1

1
1
1
1
11093
0
1
11
67108864
3000
100
8
0
1
0
1
0
0
1
0
1
2
1
11094
0
1
11
67108864
2000
100
12
0
1
0
1
0
0
1
0
1
8
4
11112
0
1
11
67108864
1000
250
97
0
1
0
1
0
0
1
0
1
4
4
11137
0
1
11
134217728
2000
50
58
0
1
0
1
0
0
1
1
1
1
1
11143
0
1
11
67108864
4000
1000
48
0
1
0
1
0
0
1
1
1
2
1
11146
0
2
10
67108864
4000
250
10
1
0
1
0
0
1

1
1
4
1
11161
0
0
9
67108864
3000
100
1
0
1
0
0
1

0
1
4
2
11178
0
1
12
268435456
2000
100
90
1
1
0
1
0
0
1
0
1
1
4
2
11195
0
0
9
134217728
2000
100
1
0
1
0
0
1

0
1
2
1
11212
0
1
12
67108864
3000
100
14
1
1
0
1
0
0
1
0
0
1
8
1
11226
0
0
9
268435456
2000
250
1
0
1
0
0
1

1
1
1
1
11242
0
2
10
268435456
1000
500
100
1
0
1
0
0
1

1
1
4
1
11243
0
1
12
134217728
3000
50
4
1
1
0
1
0
0
1
0
1
1
2
2
11256
0
1
12
268435456
3000
50
69
1
1
0
1
0
0
1
0
0
1
8
8
11275
0
1
11
268435456
1000
500
44
0
1
0
1
0
0
1
0
1
4
1
11279
0
1
11
67108864
2000
50
34
0
1
0
1
0
0
1
0
1
8
1
11298
0
0
9
134217728
4000
1000
1
0
1
0
0
1

1
1
4
2
11318
0
0
9
134217728
2000
50
1
0
1
0
0
1

1
1
1
1
11339
0
1
12
268435456
3000
500
74
1
1
0
1
0
0
1
0
1
1
1
1
11348
0
1
11
67108864
2000
50
67
0
1
0
1
0
0
1
1
1
4
4
11361
0
2
10
268435456
3000
500
5
1
0
1
0
0
1

1
1
4
1
11375
0
2
10
67108864
2000
250
1000
1
0
1
0
0
1

1
1
4
2
11386
0
1
12
134217728
3000
1000
89
1
1
0
1
0
0
1
0
1
1
1
1
11416
0
1
11
134217728
2000
50
60
0
1
0
1
0
0
1
1
1
2
1
11432
0
2
10
268435456
3000
250
1000
1
0
1
0
0
1

0
1
1
1
11435
0
0
9
134217728
4000
500
1
0
1
0
0
1

0
1
8
2
11449
0
0
9
67108864
2000
50
1
0
1
0
0
1

0
1
1
1
11456
0
0
9
134217728
4000
50
1
0
1
0
0
1

1
1
8
1
11483
0
1
11
67108864
4000
1000
70
0
1
0
1
0
0
1
0
1
2
1
11506
0
0
9
134217728
2000
250
1
0
1
0
0
1

0
1
1
1
11527
0
0
9
268435456
2000
500
1
0
1
0
0
1

1
1
8
2
11553
0
2
10
67108864
4000
1000
10
1
0
1
0
0
1

1
1
1
1
11560
0
1
12
134217728
4000
1000
65
1
1
0
1
0
0
1
0
0
1
1
1
11562
0
0
9
268435456
1000
500
1
0
1
0
0
1

0
1
1
1
11589
0
2
10
268435456
2000
500
1
1
0
1
0
0
1

1
1
8
8
11617
0
0
9
268435456
2000
250
1
0
1
0
0
1

0
1
2
1
11643
0
0
9
134217728
4000
500
1
0
1
0
0
1

0
1
1
1
11659
0
2
10
134217728
3000
50
100
1
0
1
0
0
1

0
1
8
2
11681
0
0
9
134217728
3000
500
1
0
1
0
0
1

0
1
8
8
11696
0
0
9
67108864
3000
100
1
0
1
0
0
1

0
1
4
4
11707
0
0
9
67108864
1000
50
1
0
1
0
0
1

0
1
1
1
11736
0
2
10
134217728
2000
100
100
1
0
1
0
0
1

0
1
1
1
11763
0
0
9
134217728
2000
50
1
0
1
0
0
1

0
1
1
1
11779
0
2
10
268435456
3000
250
10
1
0
1
0
0
1

0
1
4
2
11789
0
0
9
67108864
1000
1000
1
0
1
0
0
1

0
1
2
1
11802
0
0
9
134217728
4000
1000
1
0
1
0
0
1

0
1
2
1
11827
0
1
11
268435456
2000
500
25
0
1
0
1
0
0
1
0
1
4
4
11842
0
2
10
67108864
3000
250
5
1
0
1
0
0
1

0
1
4
1
11851
0
1
12
268435456
3000
50
78
1
1
0
1
0
0
1
0
0
1
1
1
11859
0
0
9
134217728
1000
50
1
0
1
0
0
1

0
1
1
1
11868
0
2
10
134217728
1000
1000
5
1
0
1
0
0
1

0
1
8
4
11898
0
2
10
134217728
3000
50
5
1
0
1
0
0
1

0
1
4
2
11919
0
1
12
134217728
2000
500
43
1
1
0
1
0
0
1
0
0
1
4
1
11928
0
0
9
268435456
3000
500
1
0
1
0
0
1

0
1
1
1
11952
0
2
10
268435456
1000
500
5
1
0
1
0
0
1

0
1
2
1
11975
0
2
10
134217728
1000
500
1000
1
0
1
0
0
1

0
1
8
2
11998
0
0
9
268435456
2000
500
1
0
1
0
0
1

0
1
4
1
12001
0
2
10
134217728
2000
250
100
1
0
1
0
0
1

0
1
4
2
12022
0
0
9
67108864
3000
50
1
0
1
0
0
1

0
1
2
1
12030
0
2
10
134217728
1000
1000
10
1
0
1
0
0
1

0
1
2
1
12057
0
0
9
134217728
3000
1000
1
0
1
0
0
1

0
1
2
2
12082
0
2
10
67108864
1000
500
10
1
0
1
0
0
1

0
1
8
2
12088
0
2
10
268435456
3000
500
100
1
0
1
0
0
1

0
1
2
2
12112
0
2
10
268435456
1000
50
5
1
0
1
0
0
1

0
1
2
1
12117
0
0
9
67108864
2000
100
1
0
1
0
0
1

0
1
2
1
12128
0
0
9
268435456
3000
50
1
0
1
0
0
1

0
1
8
8
12129
0
2
10
268435456
2000
50
100
1
0
1
0
0
1

0
1
1
1
12156
0
1
11
67108864
2000
500
57
0
1
0
1
0
0
1
0
1
1
1
12161
0
0
9
134217728
1000
250
1
0
1
0
0
1

0
1
2
1
12177
0
1
12
268435456
3000
50
8
1
1
0
1
0
0
1
0
0
1
1
1
12207
0
1
11
67108864
1000
1000
35
0
1
0
1
0
0
1
0
1
2
1
12236
0
0
9
67108864
1000
500
1
0
1
0
0
1

0
1
8
4
12259
0
1
11
268435456
3000
500
11
0
1
0
1
0
0
1
0
1
1
1
12289
0
1
11
134217728
1000
50
46
0
1
0
1
0
0
1
0
1
4
2
12302
0
2
10
268435456
2000
250
5
1
0
1
0
0
1

0
1
8
1
12331
0
0
9
134217728
3000
250
1
0
1
0
0
1

0
1
1
1
12355
0
0
9
268435456
3000
500
1
0
1
0
0
1

0
1
2
1
12371
0
1
11
67108864
2000
100
37
0
1
0
1
0
0
1
0
1
4
1
12386
0
0
9
134217728
4000
50
1
0
1
0
0
1

0
1
4
2
12394
0
0
9
134217728
1000
50
1
0
1
0
0
1

0
1
8
4
12401
0
0
9
67108864
4000
1000
1
0
1
0
0
1

0
1
2
1
12410
0
1
12
268435456
3000
100
35
1
1
0
1
0
0
1
0
0
1
4
1
12433
0
2
10
134217728
4000
250
5
1
0
1
0
0
1

0
1
4
2
12462
0
2
10
268435456
3000
100
100
1
0
1
0
0
1

0
1
8
4
12471
0
0
9
268435456
3000
500
1
0
1
0
0
1

0
1
2
1
12493
0
2
10
67108864
1000
250
1000
1
0
1
0
0
1

0
1
2
1
12522
0
0
9
134217728
1000
500
1
0
1
0
0
1

0
1
8
4
12544
0
2
10
134217728
2000
500
10
1
0
1
0
0
1

0
1
4
2
12555
0
0
9
268435456
2000
100
1
0
1
0
0
1

0
1
4
2
12583
0
1
12
134217728
2000
100
48
1
1
0
1
0
0
1
0
0
1
4
4
12599
0
2
10
134217728
2000
100
1
1
0
1
0
0
1

0
1
4
2
12618
0
0
9
268435456
3000
500
1
0
1
0
0
1

0
1
8
2
12632
0
0
9
134217728
1000
250
1
0
1
0
0
1

0
1
8
1
12633
0
1
12
134217728
4000
50
94
1
1
0
1
0
0
1
0
0
1
1
1
12661
0
2
10
268435456
1000
250
5
1
0
1
0
0
1

0
1
2
1
12674
0
2
10
134217728
1000
50
1
1
0
1
0
0
1

0
1
4
2
12701
0
2
10
268435456
3000
500
10
1
0
1
0
0
1

0
1
2
1
12707
0
2
10
67108864
2000
250
1000
1
0
1
0
0
1

0
1
2
1
12723
0
2
10
268435456
2000
100
1000
1
0
1
0
0
1

0
1
4
2
12730
0
1
11
134217728
2000
500
40
0
1
0
1
0
0
1
0
1
4
4
12738
0
1
11
67108864
1000
1000
63
0
1
0
1
0
0
1
0
1
2
1
12746
0
0
9
268435456
1000
50
1
0
1
0
0
1

0
1
8
1
12757
0
0
9
268435456
1000
100
1
0
1
0
0
1

0
1
2
2
12781
0
1
11
67108864
2000
50
5
0
1
0
1
0
0
1
0
1
4
1
12793
0
0
9
67108864
1000
500
1
0
1
0
0
1

0
1
1
1
12795
0
2
10
134217728
4000
500
100
1
0
1
0
0
1

0
1
4
4
12822
0
1
11
67108864
4000
250
51
0
1
0
1
0
0
1
0
1
4
1
12850
0
0
9
134217728
1000
1000
1
0
1
0
0
1

0
1
4
1
12865
0
0
9
67108864
2000
1000
1
0
1
0
0
1

0
1
4
4
12876
0
2
10
134217728
4000
250
1000
1
0
1
0
0
1

0
1
2
2
12878
0
1
11
134217728
1000
250
57
0
1
0
1
0
0
1
0
1
2
1
12896
0
1
12
67108864
1000
250
85
1
1
0
1
0
0
1
0
0
1
8
2
12897
0
0
9
67108864
2000
1000
1
0
1
0
0
1

0
1
4
4
12899
0
0
9
134217728
4000
1000
1
0
1
0
0
1

0
1
4
2
12925
0
0
9
268435456
3000
100
1
0
1
0
0
1

0
1
8
1
12928
0
1
11
268435456
3000
100
54
0
1
0
1
0
0
1
0
1
4
2
12957
0
1
12
268435456
3000
250
39
1
1
0
1
0
0
1
0
0
1
4
2
12975
0
1
11
134217728
3000
500
62
0
1
0
1
0
0
1
0
1
1
1
12984
0
0
9
67108864
1000
250
1
0
1
0
0
1

0
1
4
1
12988
0
0
9
268435456
2000
500
1
0
1
0
0
1

0
1
8
1
12999
0
1
11
134217728
4000
250
42
0
1
0
1
0
0
1
0
1
2
2
13017
0
0
9
67108864
3000
500
1
0
1
0
0
1

0
1
4
2
13022
0
1
12
268435456
3000
500
43
1
1
0
1
0
0
1
0
0
1
2
1
13031
0
0
9
134217728
3000
250
1
0
1
0
0
1

0
1
1
1
13034
0
0
9
268435456
3000
50
1
0
1
0
0
1

0
1
4
1
13042
0
1
11
268435456
2000
100
91
0
1
0
1
0
0
1
0
1
1
1
13045
0
1
12
67108864
1000
50
77
1
1
0
1
0
0
1
0
0
1
1
1
13059
0
0
9
134217728
3000
250
1
0
1
0
0
1

0
1
2
1
13070
0
0
9
268435456
1000
50
1
0
1
0
0
1

0
1
1
1
13073
0
1
11
268435456
1000
500
72
0
1
0
1
0
0
1
0
1
4
2
13083
0
1
12
134217728
3000
500
50
1
1
0
1
0
0
1
0
0
1
2
1
13086
0
0
9
134217728
1000
100
1
0
1
0
0
1

0
1
8
2
13109
0
0
9
134217728
3000
1000
1
0
1
0
0
1

0
1
1
1
13121
0
1
12
67108864
3000
50
33
1
1
0
1
0
0
1
0
0
1
8
8
13136
0
0
9
134217728
1000
50
1
0
1
0
0
1

0
1
8
8
13144
0
0
9
268435456
2000
100
1
0
1
0
0
1

0
1
4
4
13145
0
0
9
134217728
2000
250
1
0
1
0
0
1

0
1
2
1
13151
0
0
9
67108864
2000
50
1
0
1
0
0
1

0
1
1
1
13173
0
1
12
268435456
3000
500
20
1
1
0
1
0
0
1
0
0
1
2
1
13176
0
1
12
67108864
2000
100
75
1
1
0
1
0
0
1
0
0
1
4
2
13202
0
1
12
134217728
4000
500
82
1
1
0
1
0
0
1
0
0
1
4
1
13208
0
1
11
268435456
1000
250
9
0
1
0
1
0
0
1
0
1
2
2
13225
0
1
12
134217728
2000
100
69
1
1
0
1
0
0
1
0
0
1
1
1
13229
0
0
9
268435456
3000
500
1
0
1
0
0
1

0
1
2
1
13258
0
1
12
134217728
4000
250
16
1
1
0
1
0
0
1
0
0
1
8
1
13287
0
0
9
134217728
2000
250
1
0
1
0
0
1

0
1
1
1
13303
0
0
9
268435456
3000
50
1
0
1
0
0
1

0
1
1
1
13321
0
0
9
268435456
3000
500
1
0
1
0
0
1

0
1
8
4
13351
0
0
9
67108864
3000
50
1
0
1
0
0
1

0
1
8
4
13374
0
0
9
268435456
3000
250
1
0
1
0
0
1

0
1
4
1
13380
0
0
9
67108864
1000
500
1
0
1
0
0
1

0
1
8
8
13405
0
1
11
67108864
4000
1000
60
0
1
0
1
0
0
1
0
1
8
1
13415
0
1
12
67108864
4000
250
68
1
1
0
1
0
0
1
0
0
1
2
1
13427
0
0
9
67108864
4000
250
1
0
1
0
0
1

0
1
8
4
13449
0
1
11
67108864
2000
500
9
0
1
0
1
0
0
1
0
1
1
1
13450
0
0
9
268435456
3000
250
1
0
1
0
0
1

0
1
2
1
13451
0
1
12
67108864
3000
100
52
1
1
0
1
0
0
1
0
0
1
8
8
13464
0
0
9
67108864
4000
50
1
0
1
0
0
1

0
1
8
8
13465
0
1
11
268435456
2000
500
54
0
1
0
1
0
0
1
0
1
1
1
13468
0
1
11
67108864
2000
50
82
0
1
0
1
0
0
1
0
1
1
1
13478
0
1
12
268435456
3000
250
15
1
1
0
1
0
0
1
0
0
1
4
2
13490
0
1
12
268435456
3000
250
52
1
1
0
1
0
0
1
0
0
1
8
2
13505
0
1
11
67108864
3000
100
58
0
1
0
1
0
0
1
0
1
8
8
13523
0
1
11
67108864
1000
250
50
0
1
0
1
0
0
1
0
1
8
8
13524
0
1
11
268435456
1000
250
81
0
1
0
1
0
0
1
0
1
1
1
13547
0
1
11
67108864
4000
500
38
0
1
0
1
0
0
1
0
1
1
1
13571
0
1
12
268435456
3000
500
99
1
1
0
1
0
0
1
0
0
1
8
1
13576
0
1
12
67108864
3000
100
13
1
1
0
1
0
0
1
0
0
1
1
1
13601
0
1
11
134217728
1000
500
90
0
1
0
1
0
0
1
0
1
4
2
13602
0
1
12
268435456
2000
100
60
1
1
0
1
0
0
1
0
0
1
1
1
13627
0
1
12
134217728
4000
500
45
1
1
0
1
0
0
1
0
0
1
4
2
13654
0
1
12
268435456
3000
50
16
1
1
0
1
0
0
1
0
0
1
2
1
13655
0
1
11
67108864
4000
250
38
0
1
0
1
0
0
1
0
1
1
1
13665
0
1
12
268435456
1000
100
86
1
1
0
1
0
0
1
0
0
1
4
2
13680
0
1
11
67108864
4000
250
26
0
1
0
1
0
0
1
0
1
8
1
13697
0
1
11
268435456
2000
500
55
0
1
0
1
0
0
1
0
1
4
4
13698
0
1
12
67108864
4000
100
18
1
1
0
1
0
0
1
0
0
1
8
4
13706
0
1
11
268435456
2000
100
22
0
1
0
1
0
0
1
0
1
2
1
13736
0
1
12
268435456
3000
500
58
1
1
0
1
0
0
1
0
0
1
2
1
13766
0
1
11
268435456
1000
500
12
0
1
0
1
0
0
1
0
1
8
2
13779
0
1
11
134217728
1000
500
82
0
1
0
1
0
0
1
0
1
8
2
13804
0
1
11
67108864
2000
250
76
0
1
0
1
0
0
1
0
1
2
1
13827
0
1
12
67108864
3000
500
87
1
1
0
1
0
0
1
0
0
1
1
1
13848
0
1
11
134217728
4000
100
55
0
1
0
1
0
0
1
0
1
4
4
13865
0
1
12
134217728
3000
1000
69
1
1
0
1
0
0
1
0
0
1
8
8
13894
0
1
12
268435456
3000
50
36
1
1
0
1
0
0
1
0
0
1
4
2
13922
0
1
11
268435456
3000
500
23
0
1
0
1
0
0
1
0
1
4
2
13934
0
1
12
268435456
3000
500
60
1
1
0
1
0
0
1
0
0
1
8
2
13938
0
1
11
134217728
2000
100
15
0
1
0
1
0
0
1
0
1
2
1
13964
0
1
11
134217728
3000
500
21
0
1
0
1
0
0
1
0
1
1
1
13966
0
1
12
134217728
1000
50
4
1
1
0
1
0
0
1
0
0
1
2
1
13972
0
1
11
67108864
4000
1000
5
0
1
0
1
0
0
1
0
1
2
1
14001
0
1
11
134217728
2000
100
42
0
1
0
1
0
0
1
0
1
8
2
14013
0
1
11
134217728
3000
50
22
0
1
0
1
0
0
1
0
1
2
1
14019
0
1
11
134217728
3000
50
43
0
1
0
1
0
0
1
0
1
8
2
14029
0
1
12
134217728
1000
50
19
1
1
0
1
0
0
1
0
0
1
4
2
14034
0
1
12
134217728
2000
250
99
1
1
0
1
0
0
1
0
0
1
2
1
14039
0
1
12
134217728
3000
100
70
1
1
0
1
0
0
1
0
0
1
4
2
14045
0
1
11
134217728
3000
50
9
0
1
0
1
0
0
1
0
1
2
1
14051
0
1
11
268435456
1000
50
74
0
1
0
1
0
0
1
0
1
1
1
14072
0
1
12
268435456
3000
100
49
1
1
0
1
0
0
1
0
0
1
1
1
14084
0
1
11
268435456
3000
500
81
0
1
0
1
0
0
1
0
1
2
1
14098
0
1
11
268435456
2000
100
20
0
1
0
1
0
0
1
0
1
2
1
14110
0
1
12
67108864
2000
50
36
1
1
0
1
0
0
1
0
0
1
1
1
14128
0
1
11
67108864
3000
500
85
0
1
0
1
0
0
1
0
1
4
4
14142
0
1
11
134217728
2000
50
71
0
1
0
1
0
0
1
0
1
8
2
14151
0
1
11
67108864
1000
50
65
0
1
0
1
0
0
1
0
1
2
1
14175
0
1
11
134217728
4000
500
30
0
1
0
1
0
0
1
0
1
2
1
14181
0
1
12
134217728
3000
50
51
1
1
0
1
0
0
1
0
0
1
2
1
14189
0
1
11
67108864
1000
1000
31
0
1
0
1
0
0
1
0
1
4
2
14209
0
1
11
268435456
3000
50
59
0
1
0
1
0
0
1
0
1
1
1
14213
0
1
11
268435456
3000
250
45
0
1
0
1
0
0
1
0
1
2
1
14219
0
1
11
134217728
3000
500
15
0
1
0
1
0
0
1
0
1
4
2
14240
0
1
11
67108864
2000
50
9
0
1
0
1
0
0
1
0
1
4
4
14257
0
1
12
134217728
1000
500
2
1
1
0
1
0
0
1
0
0
1
1
1
14286
0
1
11
67108864
4000
1000
97
0
1
0
1
0
0
1
0
1
8
1
14304
0
1
12
134217728
3000
250
45
1
1
0
1
0
0
1
0
0
1
4
4
14314
0
1
12
67108864
2000
1000
83
1
1
0
1
0
0
1
0
0
1
1
1
14322
0
1
12
268435456
1000
50
97
1
1
0
1
0
0
1
0
0
1
1
1
14334
0
1
12
268435456
3000
500
26
1
1
0
1
0
0
1
0
0
1
4
1
14341
0
1
11
134217728
3000
50
3
0
1
0
1
0
0
1
0
1
2
1
14360
0
1
12
268435456
2000
50
91
1
1
0
1
0
0
1
0
0
1
8
8
14362
0
1
11
67108864
4000
100
23
0
1
0
1
0
0
1
0
1
4
2
14383
0
1
11
67108864
2000
500
80
0
1
0
1
0
0
1
0
1
2
1
14389
0
1
12
268435456
3000
500
6
1
1
0
1
0
0
1
0
0
1
2
2
14402
0
1
11
134217728
4000
100
22
0
1
0
1
0
0
1
0
1
8
1
14403
0
1
11
268435456
3000
500
4
0
1
0
1
0
0
1
0
1
2
1
14424
0
1
12
67108864
1000
250
82
1
1
0
1
0
0
1
0
0
1
2
2
14425
0
1
11
134217728
1000
250
24
0
1
0
1
0
0
1
0
1
1
1
14431
0
1
12
67108864
1000
250
57
1
1
0
1
0
0
1
0
0
1
8
4
14448
0
1
12
134217728
2000
100
96
1
1
0
1
0
0
1
0
0
1
4
2
14459
0
1
12
67108864
4000
1000
40
1
1
0
1
0
0
1
0
0
1
4
1
14470
0
1
12
67108864
4000
1000
45
1
1
0
1
0
0
1
0
0
1
4
2
14498
0
1
12
268435456
3000
500
56
1
1
0
1
0
0
1
0
0
1
2
1
14519
0
1
11
67108864
2000
50
15
0
1
0
1
0
0
1
0
1
1
1
14539
0
1
11
67108864
2000
500
6
0
1
0
1
0
0
1
0
1
4
4
14547
0
1
12
134217728
2000
250
0
1
1
0
1
0
0
1
0
0
1
2
1
14567
0
1
12
268435456
1000
100
5
1
1
0
1
0
0
1
0
0
1
1
1
14581
0
1
12
67108864
4000
50
85
1
1
0
1
0
0
1
0
0
1
8
4
14590
0
1
12
268435456
3000
500
70
1
1
0
1
0
0
1
0
0
1
1
1
14594
0
1
12
67108864
1000
100
77
1
1
0
1
0
0
1
0
0
1
4
2
14605
0
1
11
134217728
4000
100
28
0
1
0
1
0
0
1
0
1
2
1
14623
0
1
12
134217728
1000
250
85
1
1
0
1
0
0
1
0
0
1
8
4
14645
0
1
12
67108864
1000
250
30
1
1
0
1
0
0
1
0
0
1
1
1
14649
0
1
12
134217728
4000
50
73
1
1
0
1
0
0
1
0
0
1
4
1
14655
0
1
12
134217728
4000
500
3
1
1
0
1
0
0
1
0
0
1
4
2
14663
0
1
11
268435456
1000
500
8
0
1
0
1
0
0
1
0
1
2
1
14674
0
1
12
134217728
1000
50
10
1
1
0
1
0
0
1
0
0
1
1
1
14698
0
1
11
268435456
3000
50
63
0
1
0
1
0
0
1
0
1
1
1
14713
0
1
11
67108864
1000
50
35
0
1
0
1
0
0
1
0
1
1
1
14723
0
1
11
268435456
1000
500
71
0
1
0
1
0
0
1
0
1
8
1
14739
0
1
11
134217728
3000
50
63
0
1
0
1
0
0
1
0
1
8
8
14755
0
1
12
134217728
1000
50
25
1
1
0
1
0
0
1
0
0
1
2
2
14783
0
1
12
268435456
2000
250
84
1
1
0
1
0
0
1
0
0
1
8
4
14796
0
1
12
67108864
2000
500
60
1
1
0
1
0
0
1
0
0
1
4
2
14815
0
1
12
67108864
3000
100
33
1
1
0
1
0
0
1
0
0
1
8
1
14843
0
1
11
268435456
3000
250
61
0
1
0
1
0
0
1
0
1
4
2
14867
0
1
12
67108864
4000
50
82
1
1
0
1
0
0
1
0
0
1
2
1
14868
0
1
12
134217728
3000
50
3
1
1
0
1
0
0
1
0
0
1
8
2
14869
0
1
11
134217728
1000
50
19
0
1
0
1
0
0
1
0
1
1
1
14887
0
1
11
134217728
4000
100
12
0
1
0
1
0
0
1
0
1
8
1
14911
0
1
12
67108864
3000
500
20
1
1
0
1
0
0
1
0
0
1
2
1
14928
0
1
11
268435456
2000
50
9
0
1
0
1
0
0
1
0
1
2
1
14945
0
1
11
268435456
3000
100
27
0
1
0
1
0
0
1
0
1
4
4
14973
0
1
11
134217728
3000
1000
27
0
1
0
1
0
0
1
0
1
1
1
14986
0
1
12
268435456
2000
500
61
1
1
0
1
0
0
1
0
0
1
8
2
15004
0
1
11
268435456
2000
250
33
0
1
0
1
0
0
1
0
1
8
4
15031
0
1
12
67108864
2000
100
97
1
1
0
1
0
0
1
0
0
1
4
2
15042
0
1
11
134217728
4000
1000
93
0
1
0
1
0
0
1
0
1
4
4
15056
0
1
11
67108864
4000
100
61
0
1
0
1
0
0
1
0
1
2
1
15069
0
1
11
134217728
1000
1000
69
0
1
0
1
0
0
1
0
1
8
2
15079
0
1
12
268435456
3000
250
70
1
1
0
1
0
0
1
0
0
1
8
2
15088
0
1
11
268435456
3000
250
44
0
1
0
1
0
0
1
0
1
1
1
15099
0
1
11
268435456
1000
500
10
0
1
0
1
0
0
1
0
1
1
1
15121
0
1
11
67108864
1000
1000
95
0
1
0
1
0
0
1
0
1
4
1
15133
0
1
11
134217728
2000
500
18
0
1
0
1
0
0
1
0
1
1
1
15144
0
1
12
268435456
3000
500
28
1
1
0
1
0
0
1
0
0
1
2
1
15148
0
1
11
67108864
4000
100
94
0
1
0
1
0
0
1
0
1
4
2
15153
0
1
12
67108864
4000
500
82
1
1
0
1
0
0
1
0
0
1
1
1
15174
0
1
12
134217728
1000
1000
79
1
1
0
1
0
0
1
0
0
1
4
2
15187
0
1
11
268435456
3000
50
52
0
1
0
1
0
0
1
0
1
8
1
15196
0
1
12
134217728
3000
100
50
1
1
0
1
0
0
1
0
0
1
2
1
15200
0
1
12
67108864
3000
1000
89
1
1
0
1
0
0
1
0
0
1
4
2
15228
0
1
12
67108864
4000
500
74
1
1
0
1
0
0
1
0
0
1
4
2
15250
0
1
12
268435456
2000
50
37
1
1
0
1
0
0
1
0
0
1
8
1
15280
0
1
12
268435456
3000
50
38
1
1
0
1
0
0
1
0
0
1
4
1
15285
0
1
11
67108864
4000
250
16
0
1
0
1
0
0
1
0
1
2
1
15304
0
1
11
67108864
1000
250
4
0
1
0
1
0
0
1
0
1
1
1
15305
0
1
12
268435456
3000
250
40
1
1
0
1
0
0
1
0
0
1
1
1
15316
0
1
11
268435456
2000
100
18
0
1
0
1
0
0
1
0
1
2
1
15343
0
1
11
134217728
4000
250
40
0
1
0
1
0
0
1
0
1
8
8
15344
0
1
11
268435456
1000
500
82
0
1
0
1
0
0
1
0
1
4
2
15358
0
1
11
67108864
3000
100
90
0
1
0
1
0
0
1
0
1
1
1
15362
0
1
12
67108864
4000
250
25
1
1
0
1
0
0
1
0
0
1
4
2
15377
0
1
11
67108864
2000
500
43
0
1
0
1
0
0
1
0
1
8
1
15386
0
1
12
67108864
2000
1000
46
1
1
0
1
0
0
1
0
0
1
2
1
15396
0
1
11
67108864
3000
250
91
0
1
0
1
0
0
1
0
1
2
1
15405
0
1
11
134217728
1000
100
65
0
1
0
1
0
0
1
0
1
4
2
15433
0
1
12
67108864
1000
50
43
1
1
0
1
0
0
1
0
0
1
8
1
15452
0
1
11
268435456
3000
500
93
0
1
0
1
0
0
1
0
1
4
2
15480
0
1
12
268435456
3000
50
27
1
1
0
1
0
0
1
0
0
1
2
2
15493
0
1
12
268435456
1000
500
53
1
1
0
1
0
0
1
0
0
1
8
2
15520
0
1
11
268435456
2000
500
13
0
1
0
1
0
0
1
0
1
4
1
15546
0
1
11
268435456
3000
250
87
0
1
0
1
0
0
1
0
1
4
2
15564
0
1
11
268435456
3000
100
99
0
1
0
1
0
0
1
0
1
2
1
15589
0
1
12
134217728
3000
1000
64
1
1
0
1
0
0
1
0
0
1
1
1
15604
0
1
11
134217728
3000
250
38
0
1
0
1
0
0
1
0
1
1
1
15610
0
1
12
268435456
3000
250
96
1
1
0
1
0
0
1
0
0
1
4
1
15634
0
1
11
134217728
2000
1000
43
0
1
0
1
0
0
1
0
1
8
1
15661
0
1
12
268435456
2000
250
66
1
1
0
1
0
0
1
0
0
1
4
2
15683
0
1
11
134217728
1000
250
64
0
1
0
1
0
0
1
0
1
8
1
15710
0
1
12
67108864
1000
250
9
1
1
0
1
0
0
1
0
0
1
8
4
15736
0
1
11
268435456
1000
500
60
0
1
0
1
0
0
1
0
1
1
1
15756
0
1
11
67108864
1000
500
82
0
1
0
1
0
0
1
0
1
4
2
15783
0
1
12
134217728
1000
50
35
1
1
0
1
0
0
1
0
0
1
8
8
15796
0
1
12
134217728
3000
50
42
1
1
0
1
0
0
1
0
0
1
8
2
15815
0
1
12
67108864
3000
1000
46
1
1
0
1
0
0
1
0
0
1
1
1
15829
0
1
12
67108864
1000
500
17
1
1
0
1
0
0
1
0
0
1
2
1
15831
0
1
11
134217728
3000
50
23
0
1
0
1
0
0
1
0
1
4
2
15843
0
1
12
134217728
4000
100
26
1
1
0
1
0
0
1
0
0
1
1
1
15849
0
1
11
268435456
3000
250
39
0
1
0
1
0
0
1
0
1
4
2
15852
0
1
12
134217728
4000
250
13
1
1
0
1
0
0
1
0
0
1
8
8
15867
0
1
11
268435456
3000
500
4
0
1
0
1
0
0
1
0
1
1
1
15868
0
1
12
67108864
2000
1000
92
1
1
0
1
0
0
1
0
0
1
4
2
15891
0
1
11
268435456
1000
100
78
0
1
0
1
0
0
1
0
1
1
1
15909
0
1
12
268435456
1000
500
25
1
1
0
1
0
0
1
0
0
1
4
2
15922
0
1
12
67108864
4000
250
33
1
1
0
1
0
0
1
0
0
1
8
8
15936
0
1
11
268435456
3000
500
93
0
1
0
1
0
0
1
0
1
2
2
15949
0
1
12
268435456
2000
500
12
1
1
0
1
0
0
1
0
0
1
2
2
15967
0
1
12
268435456
2000
50
50
1
1
0
1
0
0
1
0
0
1
1
1
15996
0
1
12
134217728
2000
50
61
1
1
0
1
0
0
1
0
0
1
8
1
16003
0
1
12
268435456
3000
250
20
1
1
0
1
0
0
1
0
0
1
4
2
16009
0
1
11
134217728
1000
250
67
0
1
0
1
0
0
1
0
1
1
1
16034
0
1
12
134217728
2000
100
59
1
1
0
1
0
0
1
0
0
1
8
4
16054
0
1
12
268435456
2000
100
71
1
1
0
1
0
0
1
0
0
1
2
2
16065
0
1
12
134217728
2000
250
93
1
1
0
1
0
0
1
0
0
1
1
1
16093
0
1
12
67108864
2000
50
60
1
1
0
1
0
0
1
0
0
1
2
1
16111
0
1
11
268435456
2000
250
14
0
1
0
1
0
0
1
0
1
2
1
16113
0
1
11
268435456
3000
500
13
0
1
0
1
0
0
1
0
1
2
1
16132
0
1
11
268435456
3000
100
31
0
1
0
1
0
0
1
0
1
1
1
16161
0
1
12
134217728
3000
250
74
1
1
0
1
0
0
1
0
0
1
1
1
16178
0
1
12
67108864
4000
1000
4
1
1
0
1
0
0
1
0
0
1
2
2
16180
0
1
12
67108864
3000
100
53
1
1
0
1
0
0
1
0
0
1
1
1
16186
0
1
11
268435456
1000
500
52
0
1
0
1
0
0
1
0
1
2
1
16214
0
1
12
268435456
1000
50
6
1
1
0
1
0
0
1
0
0
1
8
1
16225
0
1
12
268435456
1000
500
68
1
1
0
1
0
0
1
0
0
1
1
1
16255
0
1
11
268435456
2000
500
9
0
1
0
1
0
0
1
0
1
8
1
16284
0
1
11
134217728
4000
50
46
0
1
0
1
0
0
1
0
1
4
4
16296
0
1
12
134217728
1000
1000
64
1
1
0
1
0
0
1
0
0
1
8
4
16306
0
1
12
67108864
4000
500
15
1
1
0
1
0
0
1
0
0
1
1
1
16336
0
1
12
67108864
4000
500
66
1
1
0
1
0
0
1
0
0
1
4
2
16353
0
1
11
67108864
1000
100
45
0
1
0
1
0
0
1
0
1
2
1
16383
0
1
12
67108864
1000
250
84
1
1
0
1
0
0
1
0
0
1
2
1
16388
0
1
12
134217728
4000
1000
45
1
1
0
1
0
0
1
0
0
1
4
2
16416
0
1
12
67108864
3000
250
26
1
1
0
1
0
0
1
0
0
1
2
1
16424
0
1
11
268435456
2000
500
56
0
1
0
1
0
0
1
0
1
2
2
16432
0
1
11
134217728
4000
100
33
0
1
0
1
0
0
1
0
1
4
4
16449
0
1
11
134217728
2000
50
84
0
1
0
1
0
0
1
0
1
2
1
16461
0
1
12
134217728
1000
1000
24
1
1
0
1
0
0
1
0
0
1
8
8
16475
0
1
12
67108864
3000
1000
33
1
1
0
1
0
0
1
0
0
1
8
4
16492
0
1
11
67108864
2000
250
26
0
1
0
1
0
0
1
0
1
2
1
16494
0
1
11
134217728
1000
50
36
0
1
0
1
0
0
1
0
1
2
1
16496
0
1
11
268435456
3000
500
26
0
1
0
1
0
0
1
0
1
1
1
16510
0
1
11
134217728
4000
500
54
0
1
0
1
0
0
1
0
1
2
1
16530
0
1
11
67108864
1000
50
36
0
1
0
1
0
0
1
0
1
2
1
16549
0
1
11
67108864
1000
50
91
0
1
0
1
0
0
1
0
1
1
1
16555
0
1
11
268435456
3000
100
25
0
1
0
1
0
0
1
0
1
8
1
16583
0
1
11
134217728
2000
100
79
0
1
0
1
0
0
1
0
1
8
4
16594
0
1
12
134217728
2000
50
78
1
1
0
1
0
0
1
0
0
1
1
1
16607
0
1
12
268435456
1000
500
95
1
1
0
1
0
0
1
0
0
1
8
2
16631
0
1
11
268435456
3000
250
98
0
1
0
1
0
0
1
0
1
1
1
16661
0
1
12
67108864
3000
500
52
1
1
0
1
0
0
1
0
0
1
8
1
16688
0
1
12
268435456
1000
50
38
1
1
0
1
0
0
1
0
0
1
2
2
16714
0
1
12
268435456
3000
100
90
1
1
0
1
0
0
1
0
0
1
8
2
16731
0
1
12
67108864
2000
1000
42
1
1
0
1
0
0
1
0
0
1
8
8
16758
0
1
12
67108864
3000
100
70
1
1
0
1
0
0
1
0
0
1
2
1
16777
0
1
11
134217728
2000
50
48
0
1
0
1
0
0
1
0
1
8
4
16784
0
1
11
134217728
3000
250
80
0
1
0
1
0
0
1
0
1
2
1
16800
0
1
11
268435456
1000
500
41
0
1
0
1
0
0
1
0
1
1
1
16823
0
1
12
134217728
3000
250
44
1
1
0
1
0
0
1
0
0
1
4
4
16847
0
1
12
134217728
4000
250
47
1
1
0
1
0
0
1
0
0
1
8
1
16872
0
1
11
134217728
1000
250
20
0
1
0
1
0
0
1
0
1
2
2
16878
0
1
12
67108864
2000
250
68
1
1
0
1
0
0
1
0
0
1
8
2
16900
0
1
11
67108864
3000
50
87
0
1
0
1
0
0
1
0
1
2
1
16905
0
1
12
268435456
1000
100
56
1
1
0
1
0
0
1
0
0
1
8
8
16910
0
1
11
268435456
1000
100
48
0
1
0
1
0
0
1
0
1
8
1
16924
0
1
11
67108864
4000
1000
79
0
1
0
1
0
0
1
0
1
1
1
16954
0
1
12
268435456
1000
100
17
1
1
0
1
0
0
1
0
0
1
1
1
16967
0
1
12
268435456
3000
250
61
1
1
0
1
0
0
1
0
0
1
4
2
16983
0
1
12
67108864
2000
500
50
1
1
0
1
0
0
1
0
0
1
2
1
16999
0
1
11
134217728
2000
500
97
0
1
0
1
0
0
1
0
1
4
1
17011
0
1
12
268435456
3000
250
58
1
1
0
1
0
0
1
0
0
1
2
1
17021
0
1
12
67108864
3000
1000
91
1
1
0
1
0
0
1
0
0
1
1
1
17040
0
1
11
67108864
4000
100
10
0
1
0
1
0
0
1
0
1
8
1
17067
0
1
12
67108864
3000
250
15
1
1
0
1
0
0
1
0
0
1
1
1
17085
0
1
12
67108864
3000
500
76
1
1
0
1
0
0
1
0
0
1
4
4
17110
0
1
11
134217728
4000
100
18
0
1
0
1
0
0
1
0
1
1
1
17122
0
1
12
67108864
2000
250
92
1
1
0
1
0
0
1
0
0
1
2
2
17147
0
1
12
268435456
3000
500
63
1
1
0
1
0
0
1
0
0
1
4
2
17148
0
1
11
67108864
4000
250
6
0
1
0
1
0
0
1
0
1
4
2
17167
0
1
11
268435456
3000
500
83
0
1
0
1
0
0
1
0
1
8
4
17182
0
1
12
67108864
3000
500
54
1
1
0
1
0
0
1
0
0
1
1
1
17198
0
1
11
134217728
3000
500
55
0
1
0
1
0
0
1
0
1
1
1
17228
0
1
11
67108864
4000
100
33
0
1
0
1
0
0
1
0
1
8
4
17250
0
1
12
134217728
1000
250
25
1
1
0
1
0
0
1
0
0
1
1
1
17278
0
1
11
67108864
2000
250
91
0
1
0
1
0
0
1
0
1
2
1
17298
0
1
12
67108864
1000
50
32
1
1
0
1
0
0
1
0
0
1
8
8
17321
0
1
11
268435456
3000
500
46
0
1
0
1
0
0
1
0
1
4
2
17326
0
1
12
268435456
1000
500
10
1
1
0
1
0
0
1
0
0
1
1
1
17350
0
1
11
134217728
2000
50
73
0
1
0
1
0
0
1
0
1
1
1
17369
0
1
11
67108864
2000
100
53
0
1
0
1
0
0
1
0
1
2
1
17371
0
1
11
67108864
1000
100
20
0
1
0
1
0
0
1
0
1
8
4
17375
0
1
11
67108864
3000
1000
34
0
1
0
1
0
0
1
0
1
4
2
17377
0
1
11
67108864
2000
100
22
0
1
0
1
0
0
1
0
1
1
1
17407
0
1
11
134217728
3000
100
43
0
1
0
1
0
0
1
0
1
4
1
17432
0
1
12
134217728
2000
500
63
1
1
0
1
0
0
1
0
0
1
1
1
17462
0
1
12
134217728
3000
100
12
1
1
0
1
0
0
1
0
0
1
8
2
17464
0
1
12
134217728
1000
50
33
1
1
0
1
0
0
1
0
0
1
4
2
17468
0
1
11
67108864
4000
1000
26
0
1
0
1
0
0
1
0
1
2
1
17495
0
1
12
67108864
2000
1000
49
1
1
0
1
0
0
1
0
0
1
1
1
17509
0
1
11
268435456
3000
250
54
0
1
0
1
0
0
1
0
1
1
1
17538
0
1
12
67108864
3000
100
67
1
1
0
1
0
0
1
0
0
1
8
1
17548
0
1
11
67108864
4000
500
39
0
1
0
1
0
0
1
0
1
1
1
17566
0
1
11
268435456
2000
50
59
0
1
0
1
0
0
1
0
1
4
4
17567
0
1
11
268435456
3000
50
73
0
1
0
1
0
0
1
0
1
8
2
17597
0
1
12
268435456
1000
100
47
1
1
0
1
0
0
1
0
0
1
1
1
17624
0
1
12
67108864
4000
500
38
1
1
0
1
0
0
1
0
0
1
2
1
17646
0
1
12
268435456
1000
250
88
1
1
0
1
0
0
1
0
0
1
8
1
17648
0
1
11
67108864
1000
100
29
0
1
0
1
0
0
1
0
1
4
4
17678
0
1
12
134217728
2000
50
11
1
1
0
1
0
0
1
0
0
1
8
2
17683
0
1
12
67108864
1000
1000
99
1
1
0
1
0
0
1
0
0
1
4
2
17707
0
1
11
268435456
3000
500
55
0
1
0
1
0
0
1
0
1
4
1
17708
0
1
11
134217728
2000
100
5
0
1
0
1
0
0
1
0
1
2
1
17727
0
1
11
67108864
3000
50
50
0
1
0
1
0
0
1
0
1
1
1
17757
0
1
12
268435456
2000
100
12
1
1
0
1
0
0
1
0
0
1
4
1
17784
0
1
11
67108864
3000
1000
40
0
1
0
1
0
0
1
0
1
4
4
17789
0
1
12
268435456
2000
100
19
1
1
0
1
0
0
1
0
0
1
1
1
17819
0
1
12
268435456
2000
500
53
1
1
0
1
0
0
1
0
0
1
1
1
17838
0
1
11
67108864
1000
100
46
0
1
0
1
0
0
1
0
1
8
4
17842
0
1
11
67108864
4000
50
84
0
1
0
1
0
0
1
0
1
8
1
17872
0
1
11
268435456
3000
50
50
0
1
0
1
0
0
1
0
1
2
1
17898
0
1
11
67108864
1000
500
7
0
1
0
1
0
0
1
0
1
1
1
17917
0
1
12
67108864
3000
100
47
1
1
0
1
0
0
1
0
0
1
2
1
17927
0
1
12
268435456
3000
100
78
1
1
0
1
0
0
1
0
0
1
4
2
17934
0
1
11
134217728
2000
500
77
0
1
0
1
0
0
1
0
1
8
4
17952
0
1
11
134217728
2000
1000
19
0
1
0
1
0
0
1
0
1
1
1
17961
0
1
11
134217728
4000
250
22
0
1
0
1
0
0
1
0
1
4
4
17983
0
1
12
268435456
1000
500
51
1
1
0
1
0
0
1
0
0
1
4
1
18001
0
1
11
134217728
1000
1000
43
0
1
0
1
0
0
1
0
1
2
2
18011
0
1
11
67108864
1000
500
47
0
1
0
1
0
0
1
0
1
2
1
18017
0
1
11
67108864
4000
50
9
0
1
0
1
0
0
1
0
1
1
1
18021
0
1
12
134217728
1000
250
45
1
1
0
1
0
0
1
0
0
1
8
8
18028
0
1
11
134217728
3000
1000
67
0
1
0
1
0
0
1
0
1
2
1
18040
0
1
12
67108864
3000
250
89
1
1
0
1
0
0
1
0
0
1
2
1
18062
0
1
12
268435456
1000
500
80
1
1
0
1
0
0
1
0
0
1
4
4
18090
0
1
12
67108864
3000
500
4
1
1
0
1
0
0
1
0
0
1
2
1
18094
0
1
12
268435456
3000
500
28
1
1
0
1
0
0
1
0
0
1
4
2
18107
0
1
12
268435456
1000
50
51
1
1
0
1
0
0
1
0
0
1
8
1
18115
0
1
12
134217728
2000
500
96
1
1
0
1
0
0
1
0
0
1
2
1
18127
0
1
12
67108864
2000
500
99
1
1
0
1
0
0
1
0
0
1
1
1
18150
0
1
12
67108864
3000
100
78
1
1
0
1
0
0
1
0
0
1
1
1
18153
0
1
11
134217728
4000
50
29
0
1
0
1
0
0
1
0
1
8
4
18158
0
1
11
268435456
2000
500
66
0
1
0
1
0
0
1
0
1
1
1
18172
0
1
11
134217728
2000
500
13
0
1
0
1
0
0
1
0
1
1
1
18174
0
1
11
134217728
3000
100
52
0
1
0
1
0
0
1
0
1
2
1
18175
0
1
12
134217728
2000
500
8
1
1
0
1
0
0
1
0
0
1
1
1
18182
0
1
12
268435456
3000
100
19
1
1
0
1
0
0
1
0
0
1
1
1
18197
0
1
11
268435456
3000
100
93
0
1
0
1
0
0
1
0
1
4
1
18217
0
1
11
134217728
3000
500
10
0
1
0
1
0
0
1
0
1
1
1
18220
0
1
12
67108864
1000
250
91
1
1
0
1
0
0
1
0
0
1
4
2
18224
0
1
11
268435456
2000
50
60
0
1
0
1
0
0
1
0
1
2
1
18234
0
1
11
67108864
3000
500
17
0
1
0
1
0
0
1
0
1
8
1
18254
0
1
11
67108864
4000
1000
41
0
1
0
1
0
0
1
0
1
8
4
18278
0
1
12
134217728
1000
1000
10
1
1
0
1
0
0
1
0
0
1
8
8
18292
0
1
11
67108864
4000
250
18
0
1
0
1
0
0
1
0
1
1
1
18316
0
1
11
134217728
2000
500
66
0
1
0
1
0
0
1
0
1
4
2
18331
0
1
11
67108864
1000
50
95
0
1
0
1
0
0
1
0
1
8
1
18360
0
1
11
134217728
2000
100
2
0
1
0
1
0
0
1
0
1
1
1
18385
0
1
11
268435456
3000
50
51
0
1
0
1
0
0
1
0
1
8
4
18402
0
1
11
67108864
3000
1000
61
0
1
0
1
0
0
1
0
1
4
1
18404
0
1
11
268435456
3000
100
55
0
1
0
1
0
0
1
0
1
8
8
18417
0
1
11
67108864
2000
1000
58
0
1
0
1
0
0
1
0
1
2
1
18436
0
1
11
268435456
3000
500
6
0
1
0
1
0
0
1
0
1
4
2
18454
0
1
12
268435456
2000
250
35
1
1
0
1
0
0
1
0
0
1
2
1
18466
0
1
12
134217728
2000
100
91
1
1
0
1
0
0
1
0
0
1
4
2
18486
0
1
11
67108864
4000
1000
14
0
1
0
1
0
0
1
0
1
4
4
18496
0
1
11
134217728
1000
250
23
0
1
0
1
0
0
1
0
1
1
1
18508
0
1
12
67108864
2000
250
1
1
1
0
1
0
0
1
0
0
1
2
1
18532
0
1
11
67108864
1000
1000
58
0
1
0
1
0
0
1
0
1
4
2
18545
0
1
11
67108864
1000
250
11
0
1
0
1
0
0
1
0
1
1
1
18572
0
1
11
134217728
4000
500
67
0
1
0
1
0
0
1
0
1
8
2
18597
0
1
12
134217728
4000
250
24
1
1
0
1
0
0
1
0
0
1
4
4
18605
0
1
11
134217728
1000
500
70
0
1
0
1
0
0
1
0
1
8
2
18633
0
1
11
268435456
1000
250
37
0
1
0
1
0
0
1
0
1
1
1
18646
0
1
12
268435456
2000
250
29
1
1
0
1
0
0
1
0
0
1
4
1
18648
0
1
12
67108864
3000
50
52
1
1
0
1
0
0
1
0
0
1
4
1
18651
0
1
11
67108864
4000
50
97
0
1
0
1
0
0
1
0
1
4
1
18679
0
1
11
134217728
3000
1000
32
0
1
0
1
0
0
1
0
1
2
1
18692
0
1
12
134217728
3000
50
91
1
1
0
1
0
0
1
0
0
1
1
1
18712
0
1
11
134217728
1000
100
31
0
1
0
1
0
0
1
0
1
4
2
18722
0
1
11
268435456
3000
50
78
0
1
0
1
0
0
1
0
1
4
4
18723
0
1
12
268435456
2000
250
78
1
1
0
1
0
0
1
0
0
1
8
8
18728
0
1
11
134217728
4000
50
88
0
1
0
1
0
0
1
0
1
4
4
18741
0
1
12
67108864
2000
250
12
1
1
0
1
0
0
1
0
0
1
2
1
18749
0
1
12
134217728
2000
250
4
1
1
0
1
0
0
1
0
0
1
2
1
18774
0
1
12
67108864
4000
100
65
1
1
0
1
0
0
1
0
0
1
2
1
18784
0
1
11
268435456
3000
100
30
0
1
0
1
0
0
1
0
1
1
1
18787
0
1
12
67108864
4000
100
69
1
1
0
1
0
0
1
0
0
1
4
2
18804
0
1
12
134217728
3000
1000
84
1
1
0
1
0
0
1
0
0
1
2
1
18813
0
1
11
134217728
2000
100
14
0
1
0
1
0
0
1
0
1
2
1
18840
0
1
12
67108864
3000
1000
47
1
1
0
1
0
0
1
0
0
1
8
2
18868
0
1
12
67108864
1000
50
46
1
1
0
1
0
0
1
0
0
1
2
1
18892
0
1
12
67108864
3000
250
23
1
1
0
1
0
0
1
0
0
1
8
8
18911
0
1
12
67108864
2000
250
34
1
1
0
1
0
0
1
0
0
1
1
1
18913
0
1
11
268435456
2000
50
59
0
1
0
1
0
0
1
0
1
1
1
18927
0
1
12
134217728
1000
500
41
1
1
0
1
0
0
1
0
0
1
8
8
18957
0
1
12
67108864
1000
100
49
1
1
0
1
0
0
1
0
0
1
4
1
18980
0
1
12
134217728
2000
500
62
1
1
0
1
0
0
1
0
0
1
8
8
18996
0
1
11
134217728
4000
1000
74
0
1
0
1
0
0
1
0
1
1
1
19003
0
1
11
134217728
4000
250
62
0
1
0
1
0
0
1
0
1
4
4
19021
0
1
12
67108864
4000
100
38
1
1
0
1
0
0
1
0
0
1
8
1
19035
0
1
12
134217728
4000
100
76
1
1
0
1
0
0
1
0
0
1
2
1
19053
0
1
11
268435456
3000
250
1
0
1
0
1
0
0
1
0
1
2
1
19076
0
1
11
268435456
1000
500
87
0
1
0
1
0
0
1
0
1
4
2
19098
0
1
12
268435456
3000
250
88
1
1
0
1
0
0
1
0
0
1
1
1
19105
0
1
11
67108864
4000
50
36
0
1
0
1
0
0
1
0
1
4
1
19133
0
1
11
67108864
2000
100
24
0
1
0
1
0
0
1
0
1
1
1
19151
0
1
11
268435456
3000
500
63
0
1
0
1
0
0
1
0
1
4
4
19176
0
1
11
67108864
3000
500
83
0
1
0
1
0
0
1
0
1
2
1
19198
0
1
11
268435456
3000
250
44
0
1
0
1
0
0
1
0
1
1
1
19200
0
1
12
67108864
3000
1000
85
1
1
0
1
0
0
1
0
0
1
4
4
19220
0
1
11
268435456
3000
50
50
0
1
0
1
0
0
1
0
1
4
1
19248
0
1
11
67108864
2000
500
84
0
1
0
1
0
0
1
0
1
4
1
19272
0
1
12
67108864
2000
100
40
1
1
0
1
0
0
1
0
0
1
2
1
19297
0
1
11
67108864
3000
50
23
0
1
0
1
0
0
1
0
1
1
1
19327
0
1
11
67108864
2000
500
96
0
1
0
1
0
0
1
0
1
1
1
19329
0
1
11
134217728
4000
100
81
0
1
0
1
0
0
1
0
1
8
4
19342
0
1
11
67108864
3000
500
5
0
1
0
1
0
0
1
0
1
2
2
19370
0
1
11
134217728
4000
50
25
0
1
0
1
0
0
1
0
1
1
1
19389
0
1
11
134217728
3000
500
16
0
1
0
1
0
0
1
0
1
1
1
19391
0
1
12
268435456
3000
500
41
1
1
0
1
0
0
1
0
0
1
1
1
19412
0
1
12
67108864
3000
100
59
1
1
0
1
0
0
1
0
0
1
8
8
19433
0
1
11
134217728
1000
250
25
0
1
0
1
0
0
1
0
1
4
1
19452
0
1
12
67108864
1000
500
76
1
1
0
1
0
0
1
0
0
1
1
1
19453
0
1
11
67108864
4000
500
42
0
1
0
1
0
0
1
0
1
8
4
19461
0
1
11
67108864
3000
500
34
0
1
0
1
0
0
1
0
1
2
1
19464
0
1
11
134217728
1000
1000
49
0
1
0
1
0
0
1
0
1
2
1
19469
0
1
11
67108864
2000
250
19
0
1
0
1
0
0
1
0
1
8
8
19499
0
1
12
134217728
2000
1000
20
1
1
0
1
0
0
1
0
0
1
2
2
19515
0
1
12
67108864
4000
250
39
1
1
0
1
0
0
1
0
0
1
4
4
19544
0
1
11
134217728
3000
50
65
0
1
0
1
0
0
1
0
1
1
1
19551
0
1
12
134217728
4000
50
39
1
1
0
1
0
0
1
0
0
1
8
1
19553
0
1
11
67108864
4000
50
73
0
1
0
1
0
0
1
0
1
1
1
19568
0
1
11
134217728
1000
1000
98
0
1
0
1
0
0
1
0
1
2
1
19580
0
1
11
67108864
2000
250
18
0
1
0
1
0
0
1
0
1
2
1
19589
0
1
12
67108864
1000
500
92
1
1
0
1
0
0
1
0
0
1
4
2
19601
0
1
11
134217728
2000
500
3
0
1
0
1
0
0
1
0
1
1
1
19602
0
1
11
134217728
4000
500
2
0
1
0
1
0
0
1
0
1
8
8
19619
0
1
11
134217728
1000
100
15
0
1
0
1
0
0
1
0
1
2
2
19645
0
1
12
67108864
3000
250
78
1
1
0
1
0
0
1
0
0
1
4
2
19659
0
1
12
134217728
1000
100
68
1
1
0
1
0
0
1
0
0
1
4
4
19677
0
1
11
268435456
2000
100
76
0
1
0
1
0
0
1
0
1
2
1
19694
0
1
11
268435456
3000
500
70
0
1
0
1
0
0
1
0
1
8
2
19716
0
1
11
134217728
4000
1000
8
0
1
0
1
0
0
1
0
1
4
4
19724
0
1
12
67108864
1000
100
11
1
1
0
1
0
0
1
0
0
1
8
2
19745
0
1
11
134217728
1000
50
19
0
1
0
1
0
0
1
0
1
8
2
19753
0
1
12
134217728
3000
500
90
1
1
0
1
0
0
1
0
0
1
1
1
19768
0
1
11
67108864
4000
500
77
0
1
0
1
0
0
1
0
1
4
1
19769
0
1
12
67108864
2000
50
42
1
1
0
1
0
0
1
0
0
1
8
1
19783
0
1
12
268435456
2000
50
23
1
1
0
1
0
0
1
0
0
1
4
2
19794
0
1
11
134217728
3000
500
89
0
1
0
1
0
0
1
0
1
8
4
19808
0
1
11
67108864
2000
100
86
0
1
0
1
0
0
1
0
1
4
2
19829
0
1
12
134217728
1000
100
83
1
1
0
1
0
0
1
0
0
1
8
1
19837
0
1
11
67108864
4000
500
66
0
1
0
1
0
0
1
0
1
4
1
19849
0
1
12
268435456
3000
250
57
1
1
0
1
0
0
1
0
0
1
1
1
19867
0
1
12
134217728
1000
1000
83
1
1
0
1
0
0
1
0
0
1
1
1
19885
0
1
11
67108864
1000
1000
52
0
1
0
1
0
0
1
0
1
8
4
19886
0
1
12
268435456
3000
100
53
1
1
0
1
0
0
1
0
0
1
1
1
19887
0
1
12
67108864
1000
500
4
1
1
0
1
0
0
1
0
0
1
2
1
19904
0
1
11
268435456
2000
250
14
0
1
0
1
0
0
1
0
1
2
1
19912
0
1
11
134217728
2000
250
99
0
1
0
1
0
0
1
0
1
4
4
19921
0
1
11
268435456
3000
100
43
0
1
0
1
0
0
1
0
1
2
2
19941
0
1
11
268435456
3000
500
49
0
1
0
1
0
0
1
0
1
4
1
19953
0
1
12
134217728
4000
100
40
1
1
0
1
0
0
1
0
0
1
4
2
19972
0
1
12
134217728
1000
500
73
1
1
0
1
0
0
1
0
0
1
8
4
19973
0
1
12
268435456
3000
500
46
1
1
0
1
0
0
1
0
0
1
2
1
19991
0
1
11
134217728
2000
1000
57
0
1
0
1
0
0
1
0
1
2
1
20009
0
1
12
67108864
4000
250
28
1
1
0
1
0
0
1
0
0
1
8
8
20011
0
1
11
268435456
2000
500
88
0
1
0
1
0
0
1
0
1
4
2
20035
0
1
11
268435456
3000
50
11
0
1
0
1
0
0
1
0
1
8
2
20044
0
1
12
134217728
3000
500
26
1
1
0
1
0
0
1
0
0
1
2
1
20060
0
1
12
67108864
3000
500
26
1
1
0
1
0
0
1
0
0
1
4
4
20086
0
1
12
134217728
1000
1000
38
1
1
0
1
0
0
1
0
0
1
4
2
20112
0
1
11
268435456
3000
250
22
0
1
0
1
0
0
1
0
1
4
2
20125
0
1
12
268435456
3000
50
33
1
1
0
1
0
0
1
0
0
1
4
2
20140
0
1
11
67108864
3000
500
83
0
1
0
1
0
0
1
0
1
4
4
20142
0
1
12
134217728
2000
50
24
1
1
0
1
0
0
1
0
0
1
8
2
20157
0
1
11
134217728
4000
250
11
0
1
0
1
0
0
1
0
1
4
2
20162
0
1
11
268435456
3000
500
21
0
1
0
1
0
0
1
0
1
1
1
20170
0
1
11
134217728
1000
250
91
0
1
0
1
0
0
1
0
1
8
4
20174
0
1
12
67108864
4000
50
40
1
1
0
1
0
0
1
0
0
1
1
1
20194
0
1
12
67108864
1000
100
41
1
1
0
1
0
0
1
0
0
1
8
4
20205
0
1
11
67108864
3000
250
78
0
1
0
1
0
0
1
0
1
4
2
20216
0
1
11
268435456
3000
100
78
0
1
0
1
0
0
1
0
1
4
4
20233
0
1
11
67108864
2000
100
28
0
1
0
1
0
0
1
0
1
2
1
20234
0
1
12
67108864
1000
1000
3
1
1
0
1
0
0
1
0
0
1
8
2
20259
0
1
12
268435456
1000
500
37
1
1
0
1
0
0
1
0
0
1
8
1
20273
0
1
12
268435456
2000
100
94
1
1
0
1
0
0
1
0
0
1
2
1
20288
0
1
11
268435456
2000
100
87
0
1
0
1
0
0
1
0
1
2
1
20306
0
1
11
67108864
1000
250
72
0
1
0
1
0
0
1
0
1
8
2
20311
0
1
12
268435456
3000
100
66
1
1
0
1
0
0
1
0
0
1
8
2
20333
0
1
11
134217728
3000
500
51
0
1
0
1
0
0
1
0
1
8
1
20341
0
1
12
134217728
2000
500
75
1
1
0
1
0
0
1
0
0
1
2
1
20357
0
1
12
67108864
4000
1000
27
1
1
0
1
0
0
1
0
0
1
4
1
20362
0
1
12
67108864
2000
250
87
1
1
0
1
0
0
1
0
0
1
4
4
20383
0
1
11
67108864
2000
1000
25
0
1
0
1
0
0
1
0
1
8
4
20402
0
1
12
268435456
2000
500
38
1
1
0
1
0
0
1
0
0
1
4
2
20420
0
1
11
67108864
4000
250
27
0
1
0
1
0
0
1
0
1
1
1
20428
0
1
11
134217728
1000
50
30
0
1
0
1
0
0
1
0
1
2
1
20435
0
1
12
268435456
3000
100
51
1
1
0
1
0
0
1
0
0
1
1
1
20462
0
1
11
134217728
4000
1000
1
0
1
0
1
0
0
1
0
1
2
1
20478
0
1
11
268435456
1000
250
64
0
1
0
1
0
0
1
0
1
1
1
20500
0
1
12
268435456
3000
500
5
1
1
0
1
0
0
1
0
0
1
8
8
20511
0
1
12
268435456
1000
50
77
1
1
0
1
0
0
1
0
0
1
4
4
20523
0
1
12
268435456
3000
100
20
1
1
0
1
0
0
1
0
0
1
2
1
20534
0
1
11
268435456
3000
50
29
0
1
0
1
0
0
1
0
1
8
2
20557
0
1
11
134217728
2000
250
99
0
1
0
1
0
0
1
0
1
8
1
20562
0
1
11
67108864
2000
1000
51
0
1
0
1
0
0
1
0
1
8
1
20591
0
1
11
268435456
3000
100
18
0
1
0
1
0
0
1
0
1
2
2
20608
0
1
11
67108864
1000
1000
7
0
1
0
1
0
0
1
0
1
8
2
20624
0
1
12
67108864
4000
500
42
1
1
0
1
0
0
1
0
0
1
4
1
20641
0
1
12
67108864
4000
50
11
1
1
0
1
0
0
1
0
0
1
4
2
20670
0
1
11
67108864
4000
500
36
0
1
0
1
0
0
1
0
1
2
1
20671
0
1
12
268435456
2000
500
45
1
1
0
1
0
0
1
0
0
1
1
1
20690
0
1
11
134217728
3000
1000
29
0
1
0
1
0
0
1
0
1
1
1
20695
0
1
11
67108864
3000
50
80
0
1
0
1
0
0
1
0
1
4
4
20698
0
1
11
67108864
3000
50
26
0
1
0
1
0
0
1
0
1
8
8
20712
0
1
12
67108864
1000
1000
25
1
1
0
1
0
0
1
0
0
1
1
1
20737
0
1
11
268435456
3000
500
50
0
1
0
1
0
0
1
0
1
1
1
20753
0
1
12
268435456
3000
100
92
1
1
0
1
0
0
1
0
0
1
8
1
20756
0
1
11
134217728
4000
100
12
0
1
0
1
0
0
1
0
1
2
1
20780
0
1
11
134217728
4000
50
72
0
1
0
1
0
0
1
0
1
2
1
20784
0
1
11
268435456
3000
100
6
0
1
0
1
0
0
1
0
1
4
1
20801
0
1
11
67108864
2000
50
60
0
1
0
1
0
0
1
0
1
4
1
20810
0
1
11
134217728
4000
500
87
0
1
0
1
0
0
1
0
1
8
1
20831
0
1
11
134217728
3000
100
45
0
1
0
1
0
0
1
0
1
8
1
20835
0
1
12
67108864
1000
100
5
1
1
0
1
0
0
1
0
0
1
2
1
20852
0
1
12
67108864
1000
100
71
1
1
0
1
0
0
1
0
0
1
8
1
20876
0
1
11
67108864
1000
100
63
0
1
0
1
0
0
1
0
1
2
1
20880
0
1
11
268435456
3000
100
54
0
1
0
1
0
0
1
0
1
8
2
20907
0
1
11
67108864
1000
100
80
0
1
0
1
0
0
1
0
1
4
4
20926
0
1
11
268435456
3000
250
60
0
1
0
1
0
0
1
0
1
1
1
20944
0
1
12
134217728
1000
100
32
1
1
0
1
0
0
1
0
0
1
8
4
20954
0
1
12
134217728
3000
250
36
1
1
0
1
0
0
1
0
0
1
8
1
20971
0
1
12
134217728
3000
1000
57
1
1
0
1
0
0
1
0
0
1
4
4
20972
0
1
11
67108864
2000
1000
74
0
1
0
1
0
0
1
0
1
8
1
20990
0
1
12
67108864
2000
1000
38
1
1
0
1
0
0
1
0
0
1
1
1
21009
0
1
12
134217728
2000
50
7
1
1
0
1
0
0
1
0
0
1
4
2
21026
0
1
11
134217728
3000
500
24
0
1
0
1
0
0
1
0
1
8
4
21033
0
1
12
268435456
3000
500
90
1
1
0
1
0
0
1
0
0
1
4
4
21037
0
1
11
67108864
1000
500
39
0
1
0
1
0
0
1
0
1
8
1
21055
0
1
12
134217728
1000
500
66
1
1
0
1
0
0
1
0
0
1
1
1
21071
0
1
12
268435456
2000
250
47
1
1
0
1
0
0
1
0
0
1
4
1
21077
0
1
11
268435456
3000
500
65
0
1
0
1
0
0
1
0
1
4
2
21080
0
1
12
67108864
3000
500
86
1
1
0
1
0
0
1
0
0
1
2
1
21087
0
1
11
268435456
3000
250
27
0
1
0
1
0
0
1
0
1
1
1
21093
0
1
12
268435456
1000
250
60
1
1
0
1
0
0
1
0
0
1
2
1
21099
0
1
11
67108864
2000
50
3
0
1
0
1
0
0
1
0
1
1
1
21100
0
1
11
67108864
4000
250
29
0
1
0
1
0
0
1
0
1
8
8
21104
0
1
12
67108864
2000
250
6
1
1
0
1
0
0
1
0
0
1
4
2
21107
0
1
11
67108864
2000
500
82
0
1
0
1
0
0
1
0
1
1
1
21127
0
1
11
67108864
4000
100
48
0
1
0
1
0
0
1
0
1
1
1
21132
0
1
12
134217728
2000
50
92
1
1
0
1
0
0
1
0
0
1
4
4
21143
0
1
11
134217728
2000
50
23
0
1
0
1
0
0
1
0
1
4
2
21147
0
1
11
268435456
1000
500
11
0
1
0
1
0
0
1
0
1
4
4
21161
0
1
11
67108864
1000
250
51
0
1
0
1
0
0
1
0
1
4
4
21172
0
1
11
268435456
1000
500
62
0
1
0
1
0
0
1
0
1
8
1
21183
0
1
11
67108864
3000
100
64
0
1
0
1
0
0
1
0
1
2
2
21197
0
1
11
268435456
3000
250
66
0
1
0
1
0
0
1
0
1
8
4
21206
0
1
11
268435456
2000
500
21
0
1
0
1
0
0
1
0
1
4
1
21227
0
1
11
67108864
3000
100
64
0
1
0
1
0
0
1
0
1
1
1
21251
0
1
11
134217728
3000
250
9
0
1
0
1
0
0
1
0
1
8
1
21258
0
1
12
134217728
2000
50
6
1
1
0
1
0
0
1
0
0
1
4
4
21276
0
1
11
134217728
3000
500
80
0
1
0
1
0
0
1
0
1
1
1
21288
0
1
11
134217728
4000
50
70
0
1
0
1
0
0
1
0
1
4
4
21310
0
1
12
134217728
2000
50
52
1
1
0
1
0
0
1
0
0
1
8
8
21326
0
1
11
134217728
1000
50
66
0
1
0
1
0
0
1
0
1
8
4
21331
0
1
12
67108864
3000
250
28
1
1
0
1
0
0
1
0
0
1
1
1
21343
0
1
12
268435456
3000
50
8
1
1
0
1
0
0
1
0
0
1
2
1
21363
0
1
11
134217728
3000
250
7
0
1
0
1
0
0
1
0
1
2
1
21368
0
1
12
67108864
4000
500
65
1
1
0
1
0
0
1
0
0
1
2
2
21385
0
1
11
67108864
4000
100
2
0
1
0
1
0
0
1
0
1
8
1
21402
0
1
12
268435456
1000
500
40
1
1
0
1
0
0
1
0
0
1
4
1
21427
0
1
11
134217728
4000
50
5
0
1
0
1
0
0
1
0
1
8
8
21430
0
1
12
67108864
1000
250
0
1
1
0
1
0
0
1
0
0
1
2
1
21445
0
1
11
134217728
3000
50
98
0
1
0
1
0
0
1
0
1
1
1
21469
0
1
12
134217728
3000
1000
68
1
1
0
1
0
0
1
0
0
1
1
1
21497
0
1
11
67108864
2000
1000
48
0
1
0
1
0
0
1
0
1
4
2
21526
0
1
11
67108864
2000
500
11
0
1
0
1
0
0
1
0
1
4
2
21530
0
1
11
67108864
2000
100
0
0
1
0
1
0
0
1
0
1
1
1
21549
0
1
12
268435456
2000
500
48
1
1
0
1
0
0
1
0
0
1
4
4
21574
0
1
11
268435456
1000
250
48
0
1
0
1
0
0
1
0
1
4
2
21591
0
1
12
67108864
4000
500
11
1
1
0
1
0
0
1
0
0
1
1
1
21611
0
1
12
67108864
4000
1000
86
1
1
0
1
0
0
1
0
0
1
8
4
21617
0
1
11
67108864
1000
100
48
0
1
0
1
0
0
1
0
1
2
1
21620
0
1
12
67108864
4000
250
2
1
1
0
1
0
0
1
0
0
1
4
4
21637
0
1
11
67108864
1000
50
10
0
1
0
1
0
0
1
0
1
2
1
21642
0
1
11
268435456
3000
500
47
0
1
0
1
0
0
1
0
1
2
1
21662
0
1
11
134217728
3000
250
73
0
1
0
1
0
0
1
0
1
4
1
21667
0
1
12
268435456
3000
500
51
1
1
0
1
0
0
1
0
0
1
2
1
21686
0
1
11
134217728
2000
500
55
0
1
0
1
0
0
1
0
1
2
2
21698
0
1
11
134217728
3000
50
71
0
1
0
1
0
0
1
0
1
4
2
21699
0
1
12
67108864
4000
50
3
1
1
0
1
0
0
1
0
0
1
2
1
21705
0
1
11
134217728
3000
100
43
0
1
0
1
0
0
1
0
1
2
2
21707
0
1
11
134217728
1000
250
16
0
1
0
1
0
0
1
0
1
1
1
21728
0
1
11
67108864
4000
50
97
0
1
0
1
0
0
1
0
1
1
1
21743
0
1
12
268435456
2000
100
73
1
1
0
1
0
0
1
0
0
1
8
8
21748
0
1
12
268435456
2000
500
11
1
1
0
1
0
0
1
0
0
1
2
1
21778
0
1
12
134217728
4000
1000
41
1
1
0
1
0
0
1
0
0
1
8
4
21803
0
1
12
134217728
3000
500
54
1
1
0
1
0
0
1
0
0
1
8
4
21817
0
1
12
134217728
2000
1000
30
1
1
0
1
0
0
1
0
0
1
1
1
21847
0
1
11
67108864
3000
1000
70
0
1
0
1
0
0
1
0
1
2
1
21859
0
1
11
134217728
2000
100
36
0
1
0
1
0
0
1
0
1
2
1
21886
0
1
12
134217728
4000
1000
41
1
1
0
1
0
0
1
0
0
1
2
1
21896
0
1
12
134217728
2000
1000
85
1
1
0
1
0
0
1
0
0
1
4
2
21898
0
1
12
134217728
4000
1000
57
1
1
0
1
0
0
1
0
0
1
8
4
21925
0
1
11
268435456
2000
50
82
0
1
0
1
0
0
1
0
1
4
2
21952
0
1
11
134217728
2000
250
78
0
1
0
1
0
0
1
0
1
4
2
21974
0
1
11
134217728
4000
500
2
0
1
0
1
0
0
1
0
1
2
1
21986
0
1
12
134217728
1000
500
30
1
1
0
1
0
0
1
0
0
1
8
1
22011
0
1
12
268435456
1000
100
13
1
1
0
1
0
0
1
0
0
1
8
2
22031
0
1
11
134217728
3000
100
5
0
1
0
1
0
0
1
0
1
1
1
22044
0
1
12
67108864
4000
250
44
1
1
0
1
0
0
1
0
0
1
4
2
22053
0
1
11
134217728
3000
500
78
0
1
0
1
0
0
1
0
1
1
1
22063
0
1
11
67108864
2000
100
28
0
1
0
1
0
0
1
0
1
1
1
22084
0
1
12
67108864
2000
1000
76
1
1
0
1
0
0
1
0
0
1
4
2
22093
0
1
11
268435456
2000
50
59
0
1
0
1
0
0
1
0
1
2
1
22105
0
1
11
67108864
2000
1000
4
0
1
0
1
0
0
1
0
1
1
1
22120
0
1
11
134217728
3000
1000
33
0
1
0
1
0
0
1
0
1
8
2
22146
0
1
12
134217728
2000
250
97
1
1
0
1
0
0
1
0
0
1
8
1
22155
0
1
11
67108864
2000
250
41
0
1
0
1
0
0
1
0
1
1
1
22184
0
1
11
268435456
1000
50
96
0
1
0
1
0
0
1
0
1
8
8
22212
0
1
11
67108864
4000
50
48
0
1
0
1
0
0
1
0
1
2
1
22223
0
1
12
134217728
1000
1000
86
1
1
0
1
0
0
1
0
0
1
8
8
22224
0
1
12
268435456
1000
50
45
1
1
0
1
0
0
1
0
0
1
4
1
22240
0
1
12
67108864
1000
250
37
1
1
0
1
0
0
1
0
0
1
1
1
22264
0
1
12
268435456
3000
50
19
1
1
0
1
0
0
1
0
0
1
8
4
22274
0
1
11
268435456
3000
50
69
0
1
0
1
0
0
1
0
1
1
1
22291
0
1
12
134217728
2000
1000
9
1
1
0
1
0
0
1
0
0
1
4
2
22305
0
1
11
134217728
4000
250
11
0
1
0
1
0
0
1
0
1
1
1
22321
0
1
12
134217728
1000
1000
1
1
1
0
1
0
0
1
0
0
1
4
2
22338
0
1
12
268435456
3000
500
48
1
1
0
1
0
0
1
0
0
1
2
1
22350
0
1
12
134217728
1000
1000
41
1
1
0
1
0
0
1
0
0
1
8
8
22377
0
1
11
134217728
2000
1000
18
0
1
0
1
0
0
1
0
1
2
1
22400
0
1
11
268435456
1000
500
12
0
1
0
1
0
0
1
0
1
8
2
22411
0
1
11
268435456
3000
500
44
0
1
0
1
0
0
1
0
1
2
2
22427
0
1
11
268435456
2000
50
9
0
1
0
1
0
0
1
0
1
1
1
22446
0
1
11
268435456
2000
500
49
0
1
0
1
0
0
1
0
1
8
1
22471
0
1
12
67108864
3000
500
91
1
1
0
1
0
0
1
0
0
1
8
1
22497
0
1
11
268435456
3000
50
88
0
1
0
1
0
0
1
0
1
1
1
22508
0
1
11
67108864
1000
250
3
0
1
0
1
0
0
1
0
1
4
4
22525
0
1
12
268435456
3000
500
25
1
1
0
1
0
0
1
0
0
1
4
1
22539
0
1
11
134217728
1000
500
79
0
1
0
1
0
0
1
0
1
1
1
22566
0
1
11
134217728
1000
250
21
0
1
0
1
0
0
1
0
1
4
1
22580
0
1
11
268435456
1000
100
45
0
1
0
1
0
0
1
0
1
4
4
22584
0
1
11
268435456
2000
100
78
0
1
0
1
0
0
1
0
1
2
2
22592
0
1
11
268435456
1000
50
93
0
1
0
1
0
0
1
0
1
1
1
22620
0
1
12
134217728
3000
100
88
1
1
0
1
0
0
1
0
0
1
4
4
22640
0
1
12
268435456
2000
500
89
1
1
0
1
0
0
1
0
0
1
2
2
22647
0
1
12
268435456
1000
50
72
1
1
0
1
0
0
1
0
0
1
1
1
22662
0
1
11
268435456
1000
50
93
0
1
0
1
0
0
1
0
1
8
4
22663
0
1
11
268435456
2000
250
0
0
1
0
1
0
0
1
0
1
2
1
22687
0
1
11
67108864
2000
1000
78
0
1
0
1
0
0
1
0
1
4
2
22693
0
1
11
268435456
3000
500
53
0
1
0
1
0
0
1
0
1
4
2
22694
0
1
12
67108864
1000
1000
13
1
1
0
1
0
0
1
0
0
1
1
1
22720
0
1
12
67108864
2000
100
25
1
1
0
1
0
0
1
0
0
1
1
1
22734
0
1
12
268435456
3000
100
6
1
1
0
1
0
0
1
0
0
1
2
2
22749
0
1
11
67108864
3000
250
0
0
1
0
1
0
0
1
0
1
1
1
22756
0
1
11
67108864
3000
1000
1
0
1
0
1
0
0
1
