1500

1
1
4
2
27
0
2
10
268435456
1000
500
10
1
0
1
0
0
1

1
1
2
1
49
0
0
9
67108864
4000
500
1
0
1
0
0
1

1
1
2
1
72
0
0
9
134217728
4000
1000
1
0
1
0
0
1

1
1
8
1
77
0
2
10
67108864
1000
500
1000
1
0
1
0
0
1

1
1
4
2
91
0
1
11
67108864
4000
50
81
0
1
0
1
0
0
1
1
1
8
1
99
0
0
9
67108864
4000
50
1
0
1
0
0
1

1
1
1
1
117
0
0
9
134217728
1000
50
1
0
1
0
0
1

1
1
1
1
140
0
0
9
268435456
3000
500
1
0
1
0
0
1

1
1
4
2
165
0
1
12
268435456
2000
500
30
1
1
0
1
0
0
1
0
1
1
1
1
181
0
1
11
67108864
4000
1000
63
0
1
0
1
0
0
1
1
1
2
1
191
0
0
9
134217728
4000
50
1
0
1
0
0
1

1
1
1
1
213
0
1
11
67108864
3000
1000
40
0
1
0
1
0
0
1
1
1
4
2
220
0
1
11
268435456
2000
500
25
0
1
0
1
0
0
1
1
1
4
1
249
0
1
12
67108864
2000
50
3
1
1
0
1
0
0
1
0
1
1
4
4
258
0
0
9
268435456
3000
500
1
0
1
0
0
1

1
1
8
4
285
0
2
10
134217728
1000
1000
1000
1
0
1
0
0
1

1
1
1
1
286
0
0
9
67108864
4000
500
1
0
1
0
0
1

1
1
4
4
304
0
1
12
67108864
1000
500
46
1
1
0
1
0
0
1
0
1
1
2
1
328
0
1
12
268435456
1000
100
44
1
1
0
1
0
0
1
0
1
1
1
1
341
0
1
11
134217728
2000
1000
91
0
1
0
1
0
0
1
1
1
2
1
371
0
0
9
268435456
3000
500
1
0
1
0
0
1

1
1
4
4
388
0
2
10
67108864
3000
50
10
1
0
1
0
0
1

1
1
8
4
405
0
0
9
67108864
1000
500
1
0
1
0
0
1

1
1
4
4
411
0
1
11
268435456
2000
250
2
0
1
0
1
0
0
1
1
1
8
8
428
0
1
11
134217728
3000
100
87
0
1
0
1
0
0
1
1
1
8
4
446
0
1
12
134217728
2000
250
24
1
1
0
1
0
0
1
0
1
1
8
8
454
0
1
12
134217728
2000
500
84
1
1
0
1
0
0
1
0
1
1
4
2
471
0
1
11
268435456
1000
250
39
0
1
0
1
0
0
1
1
1
2
1
482
0
1
11
67108864
3000
50
52
0
1
0
1
0
0
1
1
1
4
2
491
0
0
9
268435456
3000
100
1
0
1
0
0
1

1
1
1
1
513
0
2
10
268435456
3000
250
1
1
0
1
0
0
1

1
1
1
1
541
0
0
9
268435456
3000
500
1
0
1
0
0
1

1
1
4
2
566
0
1
11
134217728
3000
250
67
0
1
0
1
0
0
1
1
1
2
1
590
0
2
10
268435456
3000
500
1
1
0
1
0
0
1

1
1
1
1
617
0
2
10
67108864
2000
100
1
1
0
1
0
0
1

1
1
2
2
641
0
1
11
67108864
4000
50
76
0
1
0
1
0
0
1
1
1
1
1
652
0
2
10
268435456
1000
100
5
1
0
1
0
0
1

1
1
2
1
674
0
0
9
67108864
4000
500
1
0
1
0
0
1

1
1
1
1
675
0
0
9
268435456
2000
500
1
0
1
0
0
1

1
1
1
1
676
0
2
10
134217728
4000
250
5
1
0
1
0
0
1

1
1
1
1
697
0
1
11
134217728
1000
50
84
0
1
0
1
0
0
1
1
1
2
1
723
0
0
9
67108864
1000
50
1
0
1
0
0
1

1
1
8
1
742
0
1
12
268435456
3000
500
60
1
1
0
1
0
0
1
0
1
1
4
2
772
0
2
10
268435456
2000
50
100
1
0
1
0
0
1

1
1
2
1
786
0
0
9
67108864
2000
1000
1
0
1
0
0
1

1
1
2
1
801
0
0
9
134217728
2000
100
1
0
1
0
0
1

1
1
2
1
808
0
2
10
268435456
1000
100
100
1
0
1
0
0
1

1
1
2
2
832
0
2
10
268435456
3000
500
5
1
0
1
0
0
1

1
1
8
8
860
0
1
11
67108864
2000
1000
50
0
1
0
1
0
0
1
1
1
2
1
879
0
2
10
268435456
3000
50
5
1
0
1
0
0
1

1
1
8
4
897
0
0
9
268435456
3000
500
1
0
1
0
0
1

1
1
1
1
914
0
0
9
67108864
4000
500
1
0
1
0
0
1

1
1
4
4
920
0
2
10
134217728
4000
50
1
1
0
1
0
0
1

1
1
1
1
941
0
0
9
268435456
1000
250
1
0
1
0
0
1

1
1
2
1
942
0
1
11
268435456
1000
500
23
0
1
0
1
0
0
1
1
1
4
4
960
0
2
10
134217728
1000
100
10
1
0
1
0
0
1

1
1
1
1
976
0
0
9
268435456
1000
500
1
0
1
0
0
1

1
1
2
1
981
0
0
9
134217728
1000
100
1
0
1
0
0
1

1
1
2
1
986
0
1
12
268435456
2000
250
97
1
1
0
1
0
0
1
0
1
1
2
1
1011
0
2
10
268435456
1000
250
5
1
0
1
0
0
1

1
1
1
1
1036
0
1
12
134217728
3000
500
49
1
1
0
1
0
0
1
0
1
1
1
1
1045
0
2
10
268435456
3000
250
1
1
0
1
0
0
1

1
1
8
1
1050
0
1
11
67108864
3000
500
23
0
1
0
1
0
0
1
1
1
4
1
1066
0
1
11
268435456
3000
250
17
0
1
0
1
0
0
1
1
1
4
2
1095
0
2
10
67108864
1000
500
10
1
0
1
0
0
1

1
1
4
2
1113
0
1
11
67108864
4000
250
77
0
1
0
1
0
0
1
1
1
2
2
1128
0
2
10
268435456
1000
500
1
1
0
1
0
0
1

1
1
1
1
1140
0
2
10
134217728
1000
500
1000
1
0
1
0
0
1

1
1
8
8
1141
0
0
9
67108864
1000
1000
1
0
1
0
0
1

1
1
4
2
1153
0
1
12
268435456
2000
500
67
1
1
0
1
0
0
1
0
1
1
2
1
1181
0
0
9
67108864
1000
50
1
0
1
0
0
1

1
1
2
1
1189
0
2
10
268435456
3000
500
1
1
0
1
0
0
1

1
1
8
1
1205
0
1
11
134217728
4000
500
25
0
1
0
1
0
0
1
1
1
8
1
1220
0
2
10
134217728
3000
250
100
1
0
1
0
0
1

1
1
2
2
1234
0
2
10
134217728
4000
250
100
1
0
1
0
0
1

1
1
2
1
1262
0
0
9
268435456
1000
250
1
0
1
0
0
1

1
1
4
2
1274
0
0
9
134217728
3000
500
1
0
1
0
0
1

1
1
4
2
1290
0
0
9
67108864
2000
250
1
0
1
0
0
1

1
1
8
1
1299
0
2
10
134217728
4000
500
5
1
0
1
0
0
1

1
1
2
1
1326
0
2
10
67108864
1000
500
5
1
0
1
0
0
1

1
1
2
2
1350
0
2
10
268435456
2000
100
100
1
0
1
0
0
1

1
1
4
1
1375
0
0
9
67108864
1000
250
1
0
1
0
0
1

1
1
4
2
1377
0
1
12
67108864
2000
250
50
1
1
0
1
0
0
1
0
1
1
2
1
1391
0
2
10
67108864
1000
50
100
1
0
1
0
0
1

1
1
8
4
1392
0
1
12
268435456
3000
500
0
1
1
0
1
0
0
1
0
1
1
2
2
1413
0
2
10
134217728
4000
250
5
1
0
1
0
0
1

1
1
8
1
1438
0
2
10
134217728
4000
100
5
1
0
1
0
0
1

1
1
1
1
1439
0
0
9
134217728
1000
500
1
0
1
0
0
1

1
1
4
2
1441
0
1
12
134217728
3000
1000
86
1
1
0
1
0
0
1
0
1
1
2
1
1445
0
1
12
268435456
3000
50
57
1
1
0
1
0
0
1
0
1
1
1
1
1454
0
2
10
67108864
2000
250
1
1
0
1
0
0
1

1
1
4
2
1465
0
2
10
134217728
4000
100
1000
1
0
1
0
0
1

1
1
8
1
1475
0
0
9
67108864
2000
50
1
0
1
0
0
1

1
1
8
8
1500
0
1
12
134217728
4000
500
85
1
1
0
1
0
0
1
0
1
1
1
1
1506
0
0
9
134217728
1000
250
1
0
1
0
0
1

1
1
4
4
1530
0
1
11
67108864
2000
1000
48
0
1
0
1
0
0
1
1
1
4
2
1542
0
2
10
134217728
1000
50
100
1
0
1
0
0
1

1
1
2
1
1544
0
1
11
134217728
1000
1000
54
0
1
0
1
0
0
1
1
1
8
1
1553
0
1
12
134217728
2000
500
44
1
1
0
1
0
0
1
0
1
1
8
2
1559
0
2
10
67108864
4000
250
5
1
0
1
0
0
1

1
1
2
1
1564
0
1
11
268435456
3000
500
17
0
1
0
1
0
0
1
1
1
4
4
1573
0
1
11
134217728
4000
500
43
0
1
0
1
0
0
1
1
1
2
1
1597
0
0
9
67108864
3000
500
1
0
1
0
0
1

1
1
4
2
1619
0
2
10
134217728
1000
50
5
1
0
1
0
0
1

1
1
2
1
1627
0
0
9
67108864
1000
100
1
0
1
0
0
1

1
1
4
4
1650
0
0
9
67108864
1000
50
1
0
1
0
0
1

1
1
2
2
1658
0
0
9
268435456
3000
100
1
0
1
0
0
1

1
1
1
1
1675
0
0
9
268435456
2000
100
1
0
1
0
0
1

1
1
1
1
1695
0
1
12
134217728
4000
1000
53
1
1
0
1
0
0
1
0
1
1
8
1
1696
0
1
11
134217728
1000
1000
20
0
1
0
1
0
0
1
1
1
1
1
1711
0
2
10
134217728
1000
100
1
1
0
1
0
0
1

1
1
4
2
1729
0
1
12
134217728
2000
1000
16
1
1
0
1
0
0
1
0
1
1
4
1
1738
0
2
10
268435456
2000
50
5
1
0
1
0
0
1

1
1
1
1
1748
0
0
9
67108864
1000
500
1
0
1
0
0
1

1
1
2
2
1762
0
2
10
67108864
4000
1000
1000
1
0
1
0
0
1

1
1
8
1
1788
0
0
9
268435456
2000
500
1
0
1
0
0
1

1
1
1
1
1802
0
0
9
268435456
2000
100
1
0
1
0
0
1

1
1
8
1
1820
0
2
10
134217728
4000
500
5
1
0
1
0
0
1

1
1
8
4
1839
0
1
11
268435456
3000
500
53
0
1
0
1
0
0
1
1
1
1
1
1862
0
1
12
67108864
1000
1000
20
1
1
0
1
0
0
1
0
1
1
8
1
1890
0
0
9
67108864
4000
250
1
0
1
0
0
1

1
1
4
2
1916
0
2
10
268435456
1000
500
1
1
0
1
0
0
1

1
1
8
2
1945
0
0
9
67108864
4000
100
1
0
1
0
0
1

1
1
1
1
1969
0
1
12
134217728
4000
500
18
1
1
0
1
0
0
1
0
1
1
2
1
1997
0
0
9
67108864
4000
50
1
0
1
0
0
1

1
1
4
2
2019
0
2
10
268435456
2000
500
10
1
0
1
0
0
1

1
1
2
2
2049
0
2
10
268435456
2000
50
100
1
0
1
0
0
1

1
1
8
8
2059
0
0
9
268435456
3000
50
1
0
1
0
0
1

1
1
1
1
2066
0
1
11
134217728
3000
500
11
0
1
0
1
0
0
1
1
1
8
8
2069
0
1
11
67108864
4000
100
68
0
1
0
1
0
0
1
1
1
8
2
2095
0
2
10
268435456
3000
50
1000
1
0
1
0
0
1

1
1
2
2
2109
0
0
9
268435456
3000
50
1
0
1
0
0
1

1
1
8
2
2116
0
0
9
134217728
3000
50
1
0
1
0
0
1

1
1
2
1
2124
0
0
9
134217728
3000
250
1
0
1
0
0
1

1
1
1
1
2154
0
2
10
134217728
3000
50
1000
1
0
1
0
0
1

1
1
8
2
2167
0
2
10
134217728
3000
250
1
1
0
1
0
0
1

1
1
4
1
2191
0
2
10
67108864
1000
1000
100
1
0
1
0
0
1

1
1
2
1
2213
0
0
9
268435456
1000
50
1
0
1
0
0
1

1
1
1
1
2233
0
0
9
67108864
2000
250
1
0
1
0
0
1

1
1
1
1
2250
0
0
9
268435456
2000
50
1
0
1
0
0
1

1
1
8
8
2272
0
0
9
268435456
3000
500
1
0
1
0
0
1

1
1
2
2
2280
0
2
10
134217728
4000
100
1000
1
0
1
0
0
1

1
1
1
1
2309
0
1
11
67108864
3000
500
53
0
1
0
1
0
0
1
1
1
8
8
2335
0
1
12
268435456
1000
100
88
1
1
0
1
0
0
1
0
1
1
4
1
2336
0
2
10
134217728
3000
250
1000
1
0
1
0
0
1

1
1
4
2
2356
0
2
10
67108864
2000
50
10
1
0
1
0
0
1

1
1
4
2
2364
0
2
10
134217728
2000
50
100
1
0
1
0
0
1

1
1
4
4
2368
0
1
11
268435456
2000
100
98
0
1
0
1
0
0
1
1
1
2
2
2377
0
0
9
268435456
3000
500
1
0
1
0
0
1

1
1
8
1
2385
0
1
12
67108864
3000
100
39
1
1
0
1
0
0
1
0
1
1
1
1
2397
0
2
10
268435456
3000
100
100
1
0
1
0
0
1

1
1
4
1
2408
0
0
9
134217728
3000
500
1
0
1
0
0
1

1
1
1
1
2432
0
1
11
134217728
3000
500
16
0
1
0
1
0
0
1
1
1
4
2
2435
0
0
9
268435456
1000
500
1
0
1
0
0
1

1
1
2
1
2456
0
0
9
268435456
3000
500
1
0
1
0
0
1

1
1
1
1
2466
0
2
10
67108864
2000
250
1
1
0
1
0
0
1

1
1
8
4
2482
0
1
11
67108864
4000
250
19
0
1
0
1
0
0
1
1
1
4
2
2503
0
0
9
67108864
3000
1000
1
0
1
0
0
1

1
1
1
1
2504
0
0
9
67108864
2000
500
1
0
1
0
0
1

1
1
2
1
2512
0
2
10
67108864
2000
250
100
1
0
1
0
0
1

1
1
2
1
2539
0
0
9
67108864
4000
500
1
0
1
0
0
1

1
1
8
8
2549
0
1
11
134217728
3000
100
23
0
1
0
1
0
0
1
1
1
2
1
2579
0
1
12
268435456
3000
100
27
1
1
0
1
0
0
1
0
1
1
1
1
2584
0
1
12
67108864
1000
50
49
1
1
0
1
0
0
1
0
1
1
2
2
2605
0
0
9
67108864
2000
1000
1
0
1
0
0
1

1
1
4
2
2607
0
2
10
268435456
3000
250
1
1
0
1
0
0
1

1
1
8
1
2626
0
1
12
134217728
4000
1000
13
1
1
0
1
0
0
1
0
1
1
4
2
2630
0
2
10
67108864
3000
250
1
1
0
1
0
0
1

1
1
8
4
2658
0
2
10
67108864
2000
50
1
1
0
1
0
0
1

1
1
8
4
2666
0
0
9
67108864
2000
1000
1
0
1
0
0
1

1
1
1
1
2677
0
0
9
134217728
3000
50
1
0
1
0
0
1

1
1
8
8
2704
0
0
9
67108864
4000
250
1
0
1
0
0
1

1
1
2
1
2723
0
0
9
268435456
2000
50
1
0
1
0
0
1

1
1
8
4
2733
0
1
11
268435456
3000
100
47
0
1
0
1
0
0
1
1
1
8
4
2747
0
2
10
268435456
1000
100
10
1
0
1
0
0
1

1
1
8
1
2759
0
0
9
134217728
1000
1000
1
0
1
0
0
1

1
1
4
2
2763
0
0
9
134217728
2000
250
1
0
1
0
0
1

1
1
8
2
2780
0
2
10
268435456
3000
500
5
1
0
1
0
0
1

1
1
2
2
2804
0
2
10
67108864
2000
50
5
1
0
1
0
0
1

1
1
1
1
2832
0
0
9
67108864
1000
50
1
0
1
0
0
1

1
1
1
1
2844
0
2
10
268435456
2000
250
100
1
0
1
0
0
1

1
1
4
2
2864
0
0
9
134217728
2000
250
1
0
1
0
0
1

1
1
1
1
2891
0
0
9
268435456
2000
50
1
0
1
0
0
1

1
1
8
1
2911
0
1
11
67108864
3000
250
89
0
1
0
1
0
0
1
1
1
2
1
2940
0
0
9
134217728
2000
1000
1
0
1
0
0
1

1
1
1
1
2953
0
1
11
134217728
3000
1000
90
0
1
0
1
0
0
1
1
1
2
1
2973
0
0
9
134217728
3000
500
1
0
1
0
0
1

1
1
4
4
2977
0
1
11
67108864
2000
250
38
0
1
0
1
0
0
1
1
1
4
2
2985
0
1
12
134217728
2000
100
5
1
1
0
1
0
0
1
0
1
1
1
1
3000
0
0
9
268435456
3000
50
1
0
1
0
0
1

1
1
1
1
3010
0
2
10
67108864
1000
100
10
1
0
1
0
0
1

1
1
8
2
3031
0
2
10
134217728
3000
100
100
1
0
1
0
0
1

1
1
1
1
3044
0
1
11
134217728
2000
50
68
0
1
0
1
0
0
1
1
1
2
2
3055
0
0
9
67108864
3000
1000
1
0
1
0
0
1

1
1
8
1
3070
0
1
11
134217728
2000
500
20
0
1
0
1
0
0
1
1
1
1
1
3096
0
1
11
134217728
4000
500
32
0
1
0
1
0
0
1
1
1
8
2
3121
0
1
12
268435456
1000
100
3
1
1
0
1
0
0
1
0
1
1
1
1
3142
0
2
10
134217728
1000
100
100
1
0
1
0
0
1

1
1
4
2
3172
0
1
11
134217728
3000
1000
88
0
1
0
1
0
0
1
1
1
1
1
3197
0
1
12
134217728
1000
100
84
1
1
0
1
0
0
1
0
1
1
1
1
3215
0
2
10
268435456
3000
500
10
1
0
1
0
0
1

1
1
8
1
3225
0
0
9
268435456
3000
250
1
0
1
0
0
1

1
1
4
4
3239
0
1
11
268435456
1000
50
7
0
1
0
1
0
0
1
1
1
4
4
3246
0
0
9
134217728
1000
500
1
0
1
0
0
1

1
1
8
2
3268
0
1
12
268435456
2000
50
57
1
1
0
1
0
0
1
0
1
1
2
1
3284
0
1
11
268435456
1000
250
34
0
1
0
1
0
0
1
1
1
1
1
3292
0
0
9
67108864
3000
50
1
0
1
0
0
1

1
1
2
1
3297
0
2
10
268435456
1000
100
1000
1
0
1
0
0
1

1
1
2
1
3324
0
2
10
67108864
2000
250
1000
1
0
1
0
0
1

1
1
2
2
3352
0
0
9
67108864
3000
50
1
0
1
0
0
1

1
1
8
4
3370
0
0
9
268435456
2000
250
1
0
1
0
0
1

1
1
2
1
3392
0
2
10
268435456
2000
250
10
1
0
1
0
0
1

1
1
1
1
3394
0
1
12
268435456
3000
100
61
1
1
0
1
0
0
1
0
1
1
2
1
3403
0
1
11
134217728
2000
250
41
0
1
0
1
0
0
1
1
1
2
1
3433
0
2
10
134217728
1000
500
10
1
0
1
0
0
1

1
1
1
1
3441
0
1
12
134217728
3000
250
11
1
1
0
1
0
0
1
0
1
1
1
1
3449
0
0
9
268435456
3000
50
1
0
1
0
0
1

1
1
8
1
3452
0
2
10
134217728
4000
100
10
1
0
1
0
0
1

1
1
2
1
3458
0
2
10
134217728
4000
1000
10
1
0
1
0
0
1

1
1
8
2
3481
0
2
10
268435456
2000
50
1000
1
0
1
0
0
1

1
1
8
1
3504
0
0
9
134217728
1000
500
1
0
1
0
0
1

1
1
4
1
3533
0
0
9
134217728
1000
250
1
0
1
0
0
1

1
1
1
1
3536
0
0
9
268435456
3000
250
1
0
1
0
0
1

1
1
1
1
3538
0
0
9
134217728
1000
250
1
0
1
0
0
1

1
1
2
1
3556
0
2
10
268435456
1000
100
100
1
0
1
0
0
1

1
1
1
1
3585
0
1
11
134217728
1000
100
40
0
1
0
1
0
0
1
1
1
8
4
3606
0
0
9
268435456
3000
250
1
0
1
0
0
1

1
1
8
2
3627
0
2
10
134217728
2000
50
10
1
0
1
0
0
1

1
1
8
4
3643
0
0
9
67108864
1000
50
1
0
1
0
0
1

1
1
1
1
3658
0
0
9
134217728
4000
50
1
0
1
0
0
1

1
1
4
1
3671
0
1
12
134217728
2000
250
58
1
1
0
1
0
0
1
0
1
1
1
1
3681
0
2
10
268435456
1000
500
100
1
0
1
0
0
1

1
1
4
2
3698
0
2
10
67108864
2000
1000
5
1
0
1
0
0
1

1
1
1
1
3712
0
1
12
268435456
3000
250
20
1
1
0
1
0
0
1
0
1
1
1
1
3713
0
0
9
67108864
3000
1000
1
0
1
0
0
1

1
1
2
1
3727
0
1
12
134217728
3000
50
47
1
1
0
1
0
0
1
0
1
1
8
1
3738
0
1
12
67108864
2000
500
64
1
1
0
1
0
0
1
0
1
1
2
1
3750
0
1
12
67108864
1000
250
4
1
1
0
1
0
0
1
0
1
1
4
2
3777
0
0
9
67108864
1000
50
1
0
1
0
0
1

1
1
2
1
3780
0
2
10
268435456
2000
500
10
1
0
1
0
0
1

1
1
4
2
3803
0
1
12
134217728
2000
1000
30
1
1
0
1
0
0
1
0
1
1
8
4
3812
0
1
12
67108864
2000
250
16
1
1
0
1
0
0
1
0
1
1
8
2
3826
0
0
9
134217728
2000
500
1
0
1
0
0
1

1
1
8
8
3840
0
0
9
134217728
3000
250
1
0
1
0
0
1

1
1
2
1
3864
0
2
10
67108864
4000
1000
1000
1
0
1
0
0
1

1
1
1
1
3889
0
0
9
268435456
2000
250
1
0
1
0
0
1

1
1
4
2
3898
0
1
11
268435456
1000
100
3
0
1
0
1
0
0
1
1
1
2
1
3925
0
2
10
134217728
1000
100
1
1
0
1
0
0
1

1
1
1
1
3938
0
1
11
67108864
2000
50
69
0
1
0
1
0
0
1
1
1
2
2
3948
0
1
12
134217728
4000
1000
70
1
1
0
1
0
0
1
0
1
1
8
2
3962
0
2
10
134217728
2000
50
100
1
0
1
0
0
1

1
1
4
2
3983
0
2
10
67108864
4000
250
10
1
0
1
0
0
1

1
1
2
1
3997
0
2
10
134217728
1000
100
1000
1
0
1
0
0
1

1
1
8
2
4019
0
1
12
67108864
1000
1000
35
1
1
0
1
0
0
1
0
1
1
2
1
4046
0
2
10
67108864
2000
1000
1000
1
0
1
0
0
1

1
1
2
1
4052
0
1
12
67108864
2000
500
64
1
1
0
1
0
0
1
0
1
1
1
1
4071
0
1
12
67108864
3000
50
93
1
1
0
1
0
0
1
0
1
1
1
1
4081
0
1
12
268435456
3000
100
69
1
1
0
1
0
0
1
0
1
1
1
1
4110
0
2
10
67108864
4000
100
10
1
0
1
0
0
1

1
1
4
1
4121
0
0
9
67108864
2000
100
1
0
1
0
0
1

1
1
1
1
4130
0
1
12
268435456
1000
100
27
1
1
0
1
0
0
1
0
1
1
8
8
4142
0
1
12
134217728
4000
50
75
1
1
0
1
0
0
1
0
1
1
1
1
4148
0
2
10
67108864
2000
500
100
1
0
1
0
0
1

1
1
1
1
4170
0
0
9
268435456
1000
500
1
0
1
0
0
1

1
1
8
1
4174
0
1
12
67108864
2000
50
4
1
1
0
1
0
0
1
0
1
1
2
2
4201
0
1
12
134217728
2000
250
96
1
1
0
1
0
0
1
0
1
1
2
1
4202
0
1
11
268435456
3000
500
65
0
1
0
1
0
0
1
1
1
4
1
4227
0
1
12
134217728
1000
1000
90
1
1
0
1
0
0
1
0
1
1
8
4
4248
0
0
9
67108864
2000
50
1
0
1
0
0
1

1
1
1
1
4278
0
2
10
67108864
2000
50
5
1
0
1
0
0
1

1
1
1
1
4294
0
1
12
134217728
2000
50
50
1
1
0
1
0
0
1
0
1
1
8
8
4300
0
0
9
67108864
1000
100
1
0
1
0
0
1

1
1
2
1
4301
0
0
9
134217728
1000
50
1
0
1
0
0
1

1
1
2
1
4322
0
1
12
67108864
3000
250
27
1
1
0
1
0
0
1
0
1
1
1
1
4341
0
0
9
67108864
1000
100
1
0
1
0
0
1

1
1
4
2
4349
0
0
9
268435456
3000
500
1
0
1
0
0
1

1
1
2
1
4379
0
0
9
134217728
2000
250
1
0
1
0
0
1

1
1
1
1
4398
0
2
10
67108864
3000
250
1000
1
0
1
0
0
1

1
1
8
1
4403
0
1
12
67108864
2000
50
7
1
1
0
1
0
0
1
0
1
1
1
1
4427
0
2
10
134217728
2000
1000
1
1
0
1
0
0
1

1
1
1
1
4453
0
2
10
67108864
2000
1000
100
1
0
1
0
0
1

1
1
8
1
4472
0
0
9
268435456
3000
250
1
0
1
0
0
1

1
1
1
1
4483
0
2
10
134217728
3000
250
10
1
0
1
0
0
1

1
1
2
1
4501
0
0
9
268435456
3000
100
1
0
1
0
0
1

1
1
4
1
4502
0
2
10
67108864
2000
1000
5
1
0
1
0
0
1

1
1
4
4
4513
0
1
12
67108864
4000
1000
7
1
1
0
1
0
0
1
0
1
1
2
2
4529
0
0
9
67108864
3000
1000
1
0
1
0
0
1

1
1
4
4
4547
0
0
9
268435456
1000
50
1
0
1
0
0
1

1
1
2
1
4555
0
0
9
268435456
1000
100
1
0
1
0
0
1

1
1
1
1
4560
0
2
10
268435456
3000
100
100
1
0
1
0
0
1

1
1
2
2
4575
0
1
11
134217728
2000
50
78
0
1
0
1
0
0
1
1
1
4
2
4579
0
1
12
67108864
2000
250
60
1
1
0
1
0
0
1
0
1
1
1
1
4581
0
2
10
134217728
1000
100
100
1
0
1
0
0
1

1
1
4
1
4597
0
2
10
134217728
2000
100
1
1
0
1
0
0
1

1
1
8
8
4610
0
1
12
67108864
2000
500
56
1
1
0
1
0
0
1
0
1
1
8
4
4633
0
1
11
268435456
3000
100
23
0
1
0
1
0
0
1
1
1
1
1
4658
0
0
9
268435456
2000
100
1
0
1
0
0
1

1
1
1
1
4663
0
2
10
268435456
2000
50
1
1
0
1
0
0
1

1
1
4
4
4671
0
2
10
134217728
2000
500
10
1
0
1
0
0
1

1
1
4
2
4695
0
1
11
67108864
4000
1000
20
0
1
0
1
0
0
1
1
1
4
4
4725
0
0
9
134217728
1000
250
1
0
1
0
0
1

1
1
1
1
4727
0
0
9
268435456
3000
500
1
0
1
0
0
1

1
1
4
4
4752
0
1
12
134217728
1000
500
82
1
1
0
1
0
0
1
0
1
1
4
4
4754
0
0
9
268435456
1000
100
1
0
1
0
0
1

1
1
8
2
4765
0
2
10
134217728
3000
50
1000
1
0
1
0
0
1

1
1
8
8
4792
0
0
9
268435456
2000
500
1
0
1
0
0
1

1
1
1
1
4797
0
0
9
134217728
4000
100
1
0
1
0
0
1

1
1
4
1
4805
0
0
9
67108864
4000
1000
1
0
1
0
0
1

1
1
8
2
4826
0
0
9
268435456
3000
500
1
0
1
0
0
1

1
1
8
4
4839
0
1
11
134217728
2000
50
58
0
1
0
1
0
0
1
1
1
2
2
4841
0
2
10
134217728
4000
500
100
1
0
1
0
0
1

1
1
2
1
4869
0
0
9
268435456
1000
500
1
0
1
0
0
1

1
1
8
8
4896
0
2
10
134217728
1000
50
10
1
0
1
0
0
1

1
1
8
1
4919
0
0
9
268435456
2000
50
1
0
1
0
0
1

1
1
8
2
4926
0
2
10
67108864
2000
1000
5
1
0
1
0
0
1

1
1
2
1
4941
0
2
10
67108864
2000
250
100
1
0
1
0
0
1

1
1
4
4
4965
0
1
11
134217728
3000
250
27
0
1
0
1
0
0
1
1
1
8
8
4980
0
1
12
134217728
3000
250
53
1
1
0
1
0
0
1
0
1
1
2
1
4997
0
1
12
67108864
2000
50
74
1
1
0
1
0
0
1
0
1
1
1
1
5012
0
0
9
268435456
3000
500
1
0
1
0
0
1

1
1
1
1
5026
0
2
10
134217728
4000
1000
1
1
0
1
0
0
1

1
1
8
8
5036
0
2
10
268435456
3000
50
5
1
0
1
0
0
1

1
1
4
4
5043
0
1
12
67108864
4000
50
46
1
1
0
1
0
0
1
0
1
1
2
1
5064
0
1
12
268435456
3000
50
11
1
1
0
1
0
0
1
0
1
1
2
2
5085
0
0
9
134217728
3000
100
1
0
1
0
0
1

1
1
4
1
5101
0
2
10
268435456
1000
500
1
1
0
1
0
0
1

1
1
4
2
5112
0
1
12
268435456
3000
50
38
1
1
0
1
0
0
1
0
1
1
2
1
5128
0
2
10
134217728
3000
500
10
1
0
1
0
0
1

1
1
4
2
5136
0
2
10
67108864
3000
50
10
1
0
1
0
0
1

1
1
8
2
5155
0
1
12
67108864
2000
500
76
1
1
0
1
0
0
1
0
1
1
2
1
5180
0
1
11
134217728
2000
250
35
0
1
0
1
0
0
1
1
1
4
4
5202
0
1
12
268435456
1000
250
35
1
1
0
1
0
0
1
0
1
1
2
1
5217
0
1
12
134217728
1000
1000
64
1
1
0
1
0
0
1
0
1
1
4
2
5243
0
2
10
134217728
2000
50
1
1
0
1
0
0
1

1
1
8
2
5265
0
2
10
134217728
1000
100
1000
1
0
1
0
0
1

1
1
8
2
5266
0
2
10
268435456
3000
250
100
1
0
1
0
0
1

1
1
1
1
5291
0
2
10
67108864
3000
1000
10
1
0
1
0
0
1

1
1
2
1
5296
0
2
10
268435456
2000
50
1000
1
0
1
0
0
1

1
1
8
1
5303
0
2
10
67108864
1000
500
1000
1
0
1
0
0
1

1
1
4
1
5306
0
0
9
67108864
3000
250
1
0
1
0
0
1

1
1
4
2
5311
0
0
9
67108864
3000
100
1
0
1
0
0
1

1
1
4
4
5335
0
0
9
67108864
4000
1000
1
0
1
0
0
1

1
1
4
2
5357
0
2
10
134217728
4000
250
1
1
0
1
0
0
1

1
1
4
4
5358
0
1
12
268435456
2000
50
9
1
1
0
1
0
0
1
0
1
1
8
2
5381
0
0
9
268435456
3000
500
1
0
1
0
0
1

1
1
4
2
5407
0
2
10
268435456
3000
100
100
1
0
1
0
0
1

1
1
8
8
5420
0
0
9
67108864
4000
100
1
0
1
0
0
1

1
1
8
2
5422
0
0
9
134217728
3000
250
1
0
1
0
0
1

1
1
2
1
5437
0
2
10
67108864
3000
1000
10
1
0
1
0
0
1

1
1
4
1
5452
0
2
10
67108864
3000
500
1000
1
0
1
0
0
1

1
1
4
4
5458
0
1
11
134217728
2000
100
24
0
1
0
1
0
0
1
1
1
1
1
5465
0
1
12
268435456
3000
500
57
1
1
0
1
0
0
1
0
1
1
4
4
5495
0
1
12
134217728
2000
1000
42
1
1
0
1
0
0
1
0
1
1
1
1
5499
0
2
10
134217728
4000
1000
5
1
0
1
0
0
1

1
1
1
1
5500
0
0
9
134217728
4000
50
1
0
1
0
0
1

1
1
8
8
5526
0
1
12
268435456
3000
250
81
1
1
0
1
0
0
1
0
1
1
2
1
5551
0
2
10
134217728
4000
500
1
1
0
1
0
0
1

1
1
8
4
5563
0
2
10
268435456
2000
50
1
1
0
1
0
0
1

1
1
2
1
5581
0
1
11
134217728
2000
1000
40
0
1
0
1
0
0
1
1
1
8
2
5587
0
0
9
67108864
3000
1000
1
0
1
0
0
1

1
1
1
1
5595
0
0
9
67108864
4000
1000
1
0
1
0
0
1

1
1
8
2
5619
0
1
11
134217728
2000
500
51
0
1
0
1
0
0
1
1
1
1
1
5629
0
0
9
134217728
2000
250
1
0
1
0
0
1

1
1
2
1
5656
0
0
9
134217728
4000
500
1
0
1
0
0
1

1
1
2
1
5657
0
2
10
134217728
3000
500
100
1
0
1
0
0
1

1
1
2
1
5662
0
0
9
67108864
2000
500
1
0
1
0
0
1

1
1
1
1
5691
0
2
10
134217728
3000
500
5
1
0
1
0
0
1

1
1
2
1
5718
0
0
9
134217728
3000
50
1
0
1
0
0
1

1
1
8
8
5720
0
0
9
268435456
3000
500
1
0
1
0
0
1

1
1
4
4
5740
0
2
10
67108864
4000
250
10
1
0
1
0
0
1

1
1
8
4
5770
0
1
11
268435456
2000
250
34
0
1
0
1
0
0
1
1
1
8
8
5791
0
0
9
134217728
2000
250
1
0
1
0
0
1

1
1
2
1
5810
0
0
9
67108864
4000
250
1
0
1
0
0
1

1
1
1
1
5828
0
1
11
268435456
3000
500
54
0
1
0
1
0
0
1
1
1
4
4
5835
0
2
10
67108864
3000
250
10
1
0
1
0
0
1

1
1
2
1
5862
0
1
12
134217728
2000
250
1
1
1
0
1
0
0
1
0
1
1
1
1
5877
0
1
11
134217728
1000
50
65
0
1
0
1
0
0
1
1
1
4
2
5880
0
1
11
67108864
2000
1000
45
0
1
0
1
0
0
1
1
1
8
4
5895
0
0
9
67108864
2000
250
1
0
1
0
0
1

1
1
8
1
5918
0
1
11
67108864
1000
250
93
0
1
0
1
0
0
1
1
1
2
2
5942
0
0
9
67108864
4000
1000
1
0
1
0
0
1

1
1
2
1
5964
0
0
9
134217728
2000
100
1
0
1
0
0
1

1
1
2
2
5974
0
0
9
134217728
2000
50
1
0
1
0
0
1

1
1
8
8
5977
0
1
12
67108864
3000
500
61
1
1
0
1
0
0
1
0
1
1
8
4
5992
0
0
9
67108864
3000
1000
1
0
1
0
0
1

1
1
2
2
6005
0
1
11
67108864
3000
100
35
0
1
0
1
0
0
1
1
1
2
1
6032
0
2
10
268435456
1000
500
1
1
0
1
0
0
1

1
1
1
1
6033
0
0
9
134217728
2000
1000
1
0
1
0
0
1

1
1
2
1
6060
0
1
12
67108864
4000
50
36
1
1
0
1
0
0
1
0
1
1
8
1
6085
0
2
10
134217728
2000
250
5
1
0
1
0
0
1

1
1
2
1
6112
0
2
10
268435456
2000
500
1
1
0
1
0
0
1

1
1
4
2
6120
0
0
9
67108864
2000
250
1
0
1
0
0
1

1
1
2
1
6150
0
2
10
67108864
2000
50
10
1
0
1
0
0
1

1
1
4
2
6163
0
0
9
268435456
3000
500
1
0
1
0
0
1

1
1
4
2
6167
0
0
9
67108864
1000
500
1
0
1
0
0
1

1
1
4
2
6185
0
0
9
134217728
3000
500
1
0
1
0
0
1

1
1
4
4
6213
0
1
12
268435456
3000
500
11
1
1
0
1
0
0
1
0
1
1
1
1
6239
0
1
12
268435456
3000
250
26
1
1
0
1
0
0
1
0
1
1
1
1
6258
0
2
10
134217728
1000
500
1
1
0
1
0
0
1

1
1
8
2
6269
0
0
9
268435456
3000
500
1
0
1
0
0
1

1
1
8
1
6275
0
1
12
134217728
1000
250
77
1
1
0
1
0
0
1
0
1
1
2
1
6293
0
0
9
268435456
2000
100
1
0
1
0
0
1

1
1
2
2
6309
0
0
9
134217728
2000
1000
1
0
1
0
0
1

1
1
1
1
6334
0
1
12
134217728
4000
50
53
1
1
0
1
0
0
1
0
1
1
1
1
6352
0
0
9
134217728
4000
500
1
0
1
0
0
1

1
1
2
1
6360
0
0
9
67108864
4000
1000
1
0
1
0
0
1

1
1
1
1
6362
0
1
12
134217728
2000
250
53
1
1
0
1
0
0
1
0
1
1
4
4
6379
0
1
11
268435456
3000
500
41
0
1
0
1
0
0
1
1
1
4
1
6393
0
0
9
268435456
3000
500
1
0
1
0
0
1

1
1
4
2
6407
0
0
9
67108864
1000
100
1
0
1
0
0
1

1
1
8
8
6409
0
2
10
134217728
2000
100
1000
1
0
1
0
0
1

1
1
4
2
6426
0
2
10
67108864
4000
1000
10
1
0
1
0
0
1

1
1
2
2
6435
0
2
10
268435456
1000
500
5
1
0
1
0
0
1

1
1
4
1
6436
0
0
9
134217728
4000
250
1
0
1
0
0
1

1
1
2
1
6457
0
2
10
268435456
3000
100
1000
1
0
1
0
0
1

1
1
4
1
6458
0
2
10
134217728
4000
100
1000
1
0
1
0
0
1

1
1
8
4
6463
0
1
11
268435456
3000
500
12
0
1
0
1
0
0
1
1
1
8
8
6477
0
0
9
268435456
1000
50
1
0
1
0
0
1

1
1
2
1
6504
0
1
12
67108864
1000
50
23
1
1
0
1
0
0
1
0
1
1
4
1
6521
0
2
10
67108864
2000
1000
1000
1
0
1
0
0
1

1
1
8
2
6544
0
1
12
268435456
3000
50
76
1
1
0
1
0
0
1
0
1
1
4
1
6561
0
2
10
134217728
3000
500
100
1
0
1
0
0
1

1
1
1
1
6582
0
1
11
67108864
1000
50
77
0
1
0
1
0
0
1
1
1
2
2
6592
0
2
10
67108864
1000
100
1
1
0
1
0
0
1

1
1
8
2
6615
0
0
9
134217728
1000
500
1
0
1
0
0
1

1
1
1
1
6635
0
0
9
67108864
2000
100
1
0
1
0
0
1

1
1
8
8
6663
0
1
11
268435456
2000
250
45
0
1
0
1
0
0
1
1
1
8
2
6671
0
1
11
67108864
3000
250
7
0
1
0
1
0
0
1
1
1
8
4
6674
0
2
10
67108864
1000
100
1
1
0
1
0
0
1

1
1
4
2
6681
0
1
11
134217728
1000
100
67
0
1
0
1
0
0
1
1
1
4
4
6697
0
0
9
67108864
4000
50
1
0
1
0
0
1

1
1
2
1
6712
0
1
11
67108864
1000
50
62
0
1
0
1
0
0
1
1
1
1
1
6736
0
1
12
268435456
3000
100
91
1
1
0
1
0
0
1
0
1
1
8
2
6745
0
0
9
134217728
4000
50
1
0
1
0
0
1

1
1
1
1
6764
0
0
9
67108864
3000
250
1
0
1
0
0
1

1
1
4
2
6785
0
1
11
134217728
4000
1000
60
0
1
0
1
0
0
1
1
1
2
2
6807
0
0
9
134217728
1000
500
1
0
1
0
0
1

1
1
8
4
6814
0
1
11
268435456
3000
250
57
0
1
0
1
0
0
1
1
1
1
1
6844
0
0
9
268435456
2000
250
1
0
1
0
0
1

1
1
1
1
6869
0
2
10
134217728
1000
50
1
1
0
1
0
0
1

1
1
2
1
6891
0
1
11
67108864
2000
1000
89
0
1
0
1
0
0
1
1
1
8
8
6908
0
2
10
134217728
2000
500
10
1
0
1
0
0
1

1
1
2
1
6931
0
2
10
67108864
4000
500
10
1
0
1
0
0
1

1
1
8
1
6959
0
0
9
67108864
1000
1000
1
0
1
0
0
1

1
1
1
1
6981
0
1
11
67108864
1000
50
44
0
1
0
1
0
0
1
1
1
8
4
6990
0
1
12
67108864
3000
50
93
1
1
0
1
0
0
1
0
1
1
8
2
7009
0
1
12
268435456
3000
500
24
1
1
0
1
0
0
1
0
1
1
1
1
7016
0
2
10
268435456
3000
50
5
1
0
1
0
0
1

1
1
8
8
7043
0
2
10
67108864
2000
100
5
1
0
1
0
0
1

1
1
1
1
7067
0
2
10
134217728
2000
500
10
1
0
1
0
0
1

1
1
4
2
7080
0
2
10
67108864
1000
1000
1000
1
0
1
0
0
1

1
1
4
1
7095
0
0
9
67108864
3000
50
1
0
1
0
0
1

1
1
8
2
7099
0
1
12
268435456
1000
500
24
1
1
0
1
0
0
1
0
1
1
4
2
7124
0
0
9
268435456
3000
50
1
0
1
0
0
1

1
1
8
2
7142
0
2
10
268435456
2000
100
1
1
0
1
0
0
1

1
1
8
2
7151
0
2
10
268435456
2000
250
5
1
0
1
0
0
1

1
1
2
1
7167
0
1
12
134217728
2000
50
44
1
1
0
1
0
0
1
0
1
1
8
8
7169
0
2
10
67108864
1000
500
1000
1
0
1
0
0
1

1
1
1
1
7171
0
2
10
268435456
3000
50
10
1
0
1
0
0
1

1
1
8
1
7193
0
1
12
268435456
1000
50
68
1
1
0
1
0
0
1
0
1
1
1
1
7213
0
1
12
134217728
4000
250
36
1
1
0
1
0
0
1
0
1
1
8
2
7225
0
1
11
134217728
4000
1000
47
0
1
0
1
0
0
1
1
1
8
8
7235
0
2
10
67108864
3000
50
100
1
0
1
0
0
1

1
1
8
8
7239
0
2
10
134217728
3000
1000
100
1
0
1
0
0
1

1
1
4
1
7247
0
2
10
268435456
2000
500
100
1
0
1
0
0
1

1
1
2
1
7260
0
1
12
134217728
1000
1000
83
1
1
0
1
0
0
1
0
1
1
1
1
7279
0
0
9
268435456
2000
100
1
0
1
0
0
1

1
1
2
2
7299
0
2
10
134217728
1000
1000
10
1
0
1
0
0
1

1
1
8
8
7319
0
0
9
268435456
2000
500
1
0
1
0
0
1

1
1
2
1
7326
0
1
11
134217728
3000
250
61
0
1
0
1
0
0
1
1
1
1
1
7350
0
1
11
67108864
2000
50
88
0
1
0
1
0
0
1
1
1
8
8
7357
0
2
10
134217728
4000
50
5
1
0
1
0
0
1

1
1
2
1
7369
0
1
11
268435456
3000
250
29
0
1
0
1
0
0
1
1
1
1
1
7374
0
0
9
134217728
4000
50
1
0
1
0
0
1

1
1
2
2
7394
0
0
9
67108864
4000
1000
1
0
1
0
0
1

1
1
1
1
7423
0
2
10
67108864
4000
100
1000
1
0
1
0
0
1

1
1
2
2
7433
0
1
12
67108864
1000
1000
5
1
1
0
1
0
0
1
0
1
1
2
2
7460
0
2
10
67108864
2000
250
1000
1
0
1
0
0
1

1
1
2
1
7475
0
0
9
268435456
3000
250
1
0
1
0
0
1

1
1
8
8
7481
0
0
9
67108864
4000
50
1
0
1
0
0
1

1
1
8
8
7509
0
0
9
134217728
3000
50
1
0
1
0
0
1

1
1
1
1
7512
0
1
12
67108864
3000
100
63
1
1
0
1
0
0
1
0
1
1
2
2
7537
0
1
11
134217728
2000
500
13
0
1
0
1
0
0
1
1
1
4
1
7547
0
2
10
67108864
2000
100
10
1
0
1
0
0
1

1
1
8
1
7567
0
2
10
268435456
2000
500
1
1
0
1
0
0
1

1
1
2
1
7583
0
1
11
67108864
3000
50
87
0
1
0
1
0
0
1
1
1
8
4
7601
0
1
12
268435456
3000
500
10
1
1
0
1
0
0
1
0
1
1
4
2
7619
0
1
12
134217728
2000
100
93
1
1
0
1
0
0
1
0
1
1
2
2
7621
0
0
9
268435456
3000
100
1
0
1
0
0
1

1
1
1
1
7631
0
1
12
134217728
3000
500
51
1
1
0
1
0
0
1
0
1
1
8
4
7634
0
2
10
268435456
1000
100
100
1
0
1
0
0
1

1
1
2
1
7652
0
0
9
134217728
1000
1000
1
0
1
0
0
1

1
1
8
1
7663
0
0
9
67108864
3000
50
1
0
1
0
0
1

1
1
8
1
7682
0
1
11
67108864
2000
250
1
0
1
0
1
0
0
1
1
1
2
2
7710
0
0
9
134217728
3000
1000
1
0
1
0
0
1

1
1
1
1
7718
0
2
10
268435456
2000
100
5
1
0
1
0
0
1

1
1
2
1
7747
0
0
9
134217728
3000
250
1
0
1
0
0
1

1
1
4
1
7761
0
0
9
268435456
2000
100
1
0
1
0
0
1

1
1
8
4
7767
0
2
10
268435456
1000
250
1000
1
0
1
0
0
1

1
1
1
1
7770
0
2
10
67108864
3000
250
5
1
0
1
0
0
1

1
1
8
1
7794
0
1
11
268435456
2000
500
28
0
1
0
1
0
0
1
1
1
1
1
7816
0
1
11
268435456
3000
500
19
0
1
0
1
0
0
1
1
1
8
4
7829
0
0
9
67108864
4000
100
1
0
1
0
0
1

1
1
1
1
7839
0
0
9
134217728
2000
250
1
0
1
0
0
1

1
1
2
1
7850
0
1
12
268435456
3000
50
97
1
1
0
1
0
0
1
0
1
1
1
1
7866
0
1
12
67108864
2000
1000
37
1
1
0
1
0
0
1
0
1
1
4
2
7883
0
0
9
268435456
1000
50
1
0
1
0
0
1

1
1
8
4
7891
0
0
9
268435456
2000
500
1
0
1
0
0
1

1
1
8
4
7914
0
2
10
268435456
2000
500
5
1
0
1
0
0
1

1
1
8
2
7938
0
1
11
268435456
1000
500
26
0
1
0
1
0
0
1
1
1
8
2
7946
0
0
9
134217728
3000
50
1
0
1
0
0
1

1
1
8
8
7961
0
2
10
67108864
3000
50
1
1
0
1
0
0
1

1
1
4
1
7979
0
1
11
268435456
1000
100
7
0
1
0
1
0
0
1
1
1
1
1
7982
0
2
10
67108864
2000
250
1
1
0
1
0
0
1

1
1
1
1
7984
0
0
9
67108864
4000
1000
1
0
1
0
0
1

1
1
1
1
7994
0
1
11
134217728
3000
500
40
0
1
0
1
0
0
1
1
1
4
2
7996
0
0
9
67108864
3000
1000
1
0
1
0
0
1

1
1
1
1
8015
0
0
9
268435456
3000
500
1
0
1
0
0
1

1
1
2
1
8016
0
0
9
134217728
2000
500
1
0
1
0
0
1

1
1
2
2
8027
0
1
11
67108864
4000
100
88
0
1
0
1
0
0
1
1
1
1
1
8056
0
1
12
134217728
3000
500
92
1
1
0
1
0
0
1
0
1
1
4
2
8058
0
2
10
134217728
4000
250
10
1
0
1
0
0
1

1
1
1
1
8074
0
2
10
134217728
2000
250
10
1
0
1
0
0
1

1
1
8
4
8086
0
2
10
268435456
3000
500
1000
1
0
1
0
0
1

1
1
4
4
8115
0
0
9
67108864
2000
100
1
0
1
0
0
1

1
1
4
2
8129
0
2
10
134217728
1000
100
100
1
0
1
0
0
1

1
1
1
1
8140
0
1
12
67108864
2000
1000
16
1
1
0
1
0
0
1
0
1
1
4
2
8148
0
2
10
134217728
3000
500
5
1
0
1
0
0
1

1
1
2
2
8160
0
0
9
134217728
1000
100
1
0
1
0
0
1

1
1
8
1
8187
0
2
10
67108864
1000
500
5
1
0
1
0
0
1

1
1
1
1
8217
0
1
12
134217728
4000
1000
28
1
1
0
1
0
0
1
0
1
1
2
1
8236
0
2
10
268435456
2000
500
5
1
0
1
0
0
1

1
1
2
1
8265
0
1
11
268435456
2000
500
35
0
1
0
1
0
0
1
1
1
8
8
8279
0
2
10
67108864
1000
100
1
1
0
1
0
0
1

1
1
2
1
8294
0
0
9
268435456
2000
50
1
0
1
0
0
1

1
1
8
1
8296
0
1
12
268435456
1000
500
0
1
1
0
1
0
0
1
0
1
1
1
1
8297
0
0
9
67108864
1000
50
1
0
1
0
0
1

1
1
2
1
8300
0
0
9
67108864
3000
100
1
0
1
0
0
1

1
1
2
1
8315
0
1
11
134217728
1000
100
1
0
1
0
1
0
0
1
1
1
1
1
8340
0
1
11
67108864
2000
50
28
0
1
0
1
0
0
1
1
1
2
2
8353
0
0
9
67108864
1000
500
1
0
1
0
0
1

1
1
2
2
8372
0
0
9
134217728
1000
500
1
0
1
0
0
1

1
1
2
2
8382
0
0
9
134217728
1000
50
1
0
1
0
0
1

1
1
8
1
8404
0
2
10
268435456
3000
500
100
1
0
1
0
0
1

1
1
8
2
8427
0
0
9
67108864
4000
250
1
0
1
0
0
1

1
1
8
4
8451
0
2
10
268435456
3000
500
1
1
0
1
0
0
1

1
1
8
8
8468
0
2
10
67108864
4000
50
1
1
0
1
0
0
1

1
1
8
8
8476
0
2
10
67108864
2000
250
1000
1
0
1
0
0
1

1
1
4
4
8501
0
0
9
67108864
3000
1000
1
0
1
0
0
1

1
1
2
2
8519
0
1
11
268435456
3000
500
8
0
1
0
1
0
0
1
1
1
4
2
8535
0
2
10
134217728
4000
100
1000
1
0
1
0
0
1

1
1
1
1
8560
0
1
12
134217728
4000
50
30
1
1
0
1
0
0
1
0
1
1
1
1
8575
0
2
10
67108864
3000
1000
1000
1
0
1
0
0
1

1
1
4
2
8577
0
2
10
67108864
2000
100
1
1
0
1
0
0
1

1
1
2
1
8601
0
1
11
67108864
3000
50
57
0
1
0
1
0
0
1
1
1
4
2
8631
0
2
10
268435456
1000
50
1
1
0
1
0
0
1

1
1
4
2
8644
0
1
12
134217728
4000
1000
33
1
1
0
1
0
0
1
0
1
1
2
1
8650
0
1
11
67108864
3000
1000
16
0
1
0
1
0
0
1
1
1
4
1
8667
0
2
10
268435456
2000
50
1
1
0
1
0
0
1

1
1
2
2
8672
0
2
10
134217728
4000
250
1000
1
0
1
0
0
1

1
1
1
1
8681
0
0
9
134217728
3000
250
1
0
1
0
0
1

1
1
8
8
8701
0
0
9
67108864
4000
500
1
0
1
0
0
1

1
1
4
2
8727
0
0
9
268435456
1000
50
1
0
1
0
0
1

1
1
4
4
8750
0
1
12
67108864
3000
50
7
1
1
0
1
0
0
1
0
1
1
4
2
8761
0
0
9
268435456
2000
100
1
0
1
0
0
1

1
1
2
1
8791
0
0
9
67108864
1000
500
1
0
1
0
0
1

1
1
8
2
8816
0
1
12
134217728
4000
1000
5
1
1
0
1
0
0
1
0
1
1
2
1
8833
0
2
10
67108864
1000
1000
1000
1
0
1
0
0
1

1
1
4
2
8858
0
2
10
67108864
4000
250
5
1
0
1
0
0
1

1
1
8
8
8869
0
1
11
67108864
2000
100
83
0
1
0
1
0
0
1
1
1
2
1
8880
0
0
9
134217728
1000
500
1
0
1
0
0
1

1
1
1
1
8888
0
2
10
67108864
2000
250
1000
1
0
1
0
0
1

1
1
2
1
8899
0
0
9
268435456
2000
50
1
0
1
0
0
1

1
1
4
2
8901
0
2
10
268435456
3000
250
5
1
0
1
0
0
1

1
1
4
1
8927
0
2
10
268435456
2000
500
5
1
0
1
0
0
1

1
1
2
1
8928
0
0
9
134217728
4000
1000
1
0
1
0
0
1

1
1
1
1
8930
0
1
12
268435456
1000
100
46
1
1
0
1
0
0
1
0
1
1
1
1
8934
0
2
10
67108864
2000
1000
100
1
0
1
0
0
1

1
1
8
2
8956
0
2
10
268435456
3000
50
100
1
0
1
0
0
1

1
1
1
1
8986
0
2
10
134217728
4000
50
100
1
0
1
0
0
1

1
1
1
1
8988
0
0
9
67108864
3000
50
1
0
1
0
0
1

1
1
8
8
8991
0
1
11
268435456
3000
100
84
0
1
0
1
0
0
1
1
1
2
1
9008
0
1
11
268435456
3000
500
69
0
1
0
1
0
0
1
1
1
2
1
9017
0
1
12
134217728
4000
500
95
1
1
0
1
0
0
1
0
1
1
1
1
9029
0
0
9
134217728
1000
1000
1
0
1
0
0
1

1
1
1
1
9038
0
0
9
67108864
4000
500
1
0
1
0
0
1

1
1
4
4
9059
0
0
9
67108864
4000
1000
1
0
1
0
0
1

1
1
8
1
9073
0
1
12
268435456
2000
500
56
1
1
0
1
0
0
1
0
1
1
4
2
9096
0
0
9
268435456
3000
500
1
0
1
0
0
1

1
1
4
4
9112
0
0
9
67108864
2000
500
1
0
1
0
0
1

1
1
1
1
9125
0
1
11
67108864
3000
100
8
0
1
0
1
0
0
1
1
1
1
1
9155
0
0
9
67108864
2000
100
1
0
1
0
0
1

1
1
4
2
9166
0
0
9
268435456
3000
500
1
0
1
0
0
1

1
1
4
4
9174
0
1
12
67108864
3000
500
72
1
1
0
1
0
0
1
0
1
1
2
1
9180
0
2
10
67108864
4000
250
10
1
0
1
0
0
1

1
1
4
1
9187
0
0
9
67108864
3000
100
1
0
1
0
0
1

1
1
4
2
9204
0
2
10
268435456
3000
500
100
1
0
1
0
0
1

1
1
8
4
9234
0
1
12
268435456
2000
100
34
1
1
0
1
0
0
1
0
1
1
2
1
9253
0
1
12
134217728
4000
1000
85
1
1
0
1
0
0
1
0
1
1
1
1
9265
0
2
10
268435456
1000
500
100
1
0
1
0
0
1

1
1
4
1
9272
0
1
12
134217728
3000
50
4
1
1
0
1
0
0
1
0
1
1
2
2
9290
0
1
12
268435456
3000
50
69
1
1
0
1
0
0
1
0
1
1
1
1
9318
0
2
10
268435456
2000
500
5
1
0
1
0
0
1

1
1
4
4
9342
0
1
11
134217728
1000
1000
87
0
1
0
1
0
0
1
1
1
2
1
9361
0
2
10
134217728
3000
100
5
1
0
1
0
0
1

1
1
1
1
9374
0
1
12
268435456
3000
500
74
1
1
0
1
0
0
1
0
1
1
1
1
9387
0
1
11
67108864
2000
50
67
0
1
0
1
0
0
1
1
1
4
4
9405
0
2
10
268435456
3000
500
5
1
0
1
0
0
1

1
1
4
1
9421
0
2
10
67108864
2000
250
1000
1
0
1
0
0
1

1
1
4
2
9435
0
1
12
134217728
3000
1000
89
1
1
0
1
0
0
1
0
1
1
1
1
9461
0
1
11
134217728
2000
50
60
0
1
0
1
0
0
1
1
1
2
1
9472
0
2
10
268435456
3000
250
1000
1
0
1
0
0
1

1
1
4
4
9492
0
1
11
134217728
4000
1000
54
0
1
0
1
0
0
1
1
1
1
1
9517
0
2
10
67108864
2000
100
10
1
0
1
0
0
1

1
1
4
2
9533
0
0
9
67108864
2000
250
1
0
1
0
0
1

1
1
4
2
9548
0
2
10
67108864
4000
50
10
1
0
1
0
0
1

1
1
2
2
9556
0
0
9
268435456
1000
50
1
0
1
0
0
1

1
1
8
2
9557
0
2
10
67108864
4000
1000
10
1
0
1
0
0
1

1
1
1
1
9585
0
1
12
134217728
4000
1000
65
1
1
0
1
0
0
1
0
1
1
2
2
9590
0
0
9
268435456
1000
100
1
0
1
0
0
1

1
1
8
8
9608
0
0
9
268435456
2000
250
1
0
1
0
0
1

1
1
8
1
9610
0
0
9
67108864
1000
250
1
0
1
0
0
1

1
1
2
1
9621
0
1
12
268435456
3000
500
61
1
1
0
1
0
0
1
0
1
1
8
2
9640
0
2
10
67108864
3000
100
5
1
0
1
0
0
1

1
1
2
1
9662
0
1
12
268435456
2000
100
92
1
1
0
1
0
0
1
0
1
1
2
1
9663
0
1
11
67108864
2000
100
90
0
1
0
1
0
0
1
1
1
1
1
9668
0
2
10
134217728
2000
250
1
1
0
1
0
0
1

1
1
4
4
9669
0
0
9
134217728
3000
500
1
0
1
0
0
1

1
1
1
1
9685
0
2
10
268435456
2000
500
100
1
0
1
0
0
1

1
1
1
1
9713
0
2
10
268435456
1000
500
1000
1
0
1
0
0
1

1
1
4
4
9726
0
0
9
268435456
3000
500
1
0
1
0
0
1

1
1
4
1
9740
0
1
12
268435456
2000
500
37
1
1
0
1
0
0
1
0
1
1
8
1
9763
0
0
9
67108864
3000
250
1
0
1
0
0
1

1
1
2
1
9769
0
2
10
134217728
4000
250
100
1
0
1
0
0
1

1
1
1
1
9784
0
1
12
67108864
2000
500
66
1
1
0
1
0
0
1
0
1
1
8
2
9806
0
0
9
268435456
1000
500
1
0
1
0
0
1

1
1
1
1
9811
0
2
10
67108864
2000
250
1000
1
0
1
0
0
1

1
1
8
2
9825
0
0
9
268435456
2000
250
1
0
1
0
0
1

1
1
8
8
9834
0
2
10
134217728
1000
250
1000
1
0
1
0
0
1

1
1
1
1
9846
0
2
10
268435456
2000
500
1000
1
0
1
0
0
1

1
1
2
1
9853
0
1
12
268435456
3000
500
24
1
1
0
1
0
0
1
0
1
1
4
2
9872
0
0
9
268435456
2000
500
1
0
1
0
0
1

1
1
8
2
9896
0
2
10
268435456
2000
250
1000
1
0
1
0
0
1

1
1
2
1
9907
0
2
10
268435456
3000
500
100
1
0
1
0
0
1

1
1
1
1
9924
0
0
9
67108864
1000
500
1
0
1
0
0
1

1
1
8
1
9948
0
0
9
134217728
3000
500
1
0
1
0
0
1

1
1
4
4
9978
0
2
10
134217728
1000
500
100
1
0
1
0
0
1

1
1
4
2
10007
0
0
9
67108864
2000
100
1
0
1
0
0
1

1
1
2
1
10020
0
2
10
134217728
2000
250
1000
1
0
1
0
0
1

1
1
4
4
10027
0
0
9
268435456
3000
500
1
0
1
0
0
1

1
1
8
4
10039
0
2
10
134217728
1000
100
1
1
0
1
0
0
1

1
1
2
1
10043
0
1
11
67108864
4000
50
87
0
1
0
1
0
0
1
1
1
8
8
10055
0
1
12
268435456
1000
50
19
1
1
0
1
0
0
1
0
1
1
1
1
10058
0
2
10
67108864
4000
500
100
1
0
1
0
0
1

1
1
4
2
10083
0
2
10
268435456
1000
500
1
1
0
1
0
0
1

1
1
1
1
10086
0
2
10
134217728
2000
100
10
1
0
1
0
0
1

1
1
1
1
10107
0
1
12
67108864
1000
100
4
1
1
0
1
0
0
1
0
1
1
1
1
10111
0
2
10
67108864
1000
50
1000
1
0
1
0
0
1

1
1
4
2
10114
0
1
11
134217728
4000
1000
20
0
1
0
1
0
0
1
1
1
8
8
10120
0
1
12
67108864
3000
1000
48
1
1
0
1
0
0
1
0
1
1
1
1
10123
0
2
10
268435456
3000
100
5
1
0
1
0
0
1

1
1
2
1
10148
0
1
11
134217728
4000
250
77
0
1
0
1
0
0
1
1
1
4
2
10163
0
0
9
134217728
1000
100
1
0
1
0
0
1

1
1
8
8
10184
0
1
12
67108864
2000
1000
92
1
1
0
1
0
0
1
0
1
1
1
1
10199
0
0
9
67108864
1000
100
1
0
1
0
0
1

1
1
2
2
10213
0
2
10
134217728
2000
1000
10
1
0
1
0
0
1

1
1
4
4
10222
0
2
10
134217728
2000
1000
10
1
0
1
0
0
1

1
1
2
1
10235
0
1
12
268435456
3000
50
27
1
1
0
1
0
0
1
0
1
1
8
2
10253
0
0
9
67108864
1000
1000
1
0
1
0
0
1

1
1
2
1
10268
0
0
9
268435456
3000
500
1
0
1
0
0
1

1
1
2
1
10292
0
2
10
134217728
2000
50
100
1
0
1
0
0
1

1
1
2
1
10319
0
1
11
67108864
3000
50
28
0
1
0
1
0
0
1
1
1
2
1
10346
0
2
10
268435456
1000
250
1
1
0
1
0
0
1

1
1
4
2
10367
0
0
9
67108864
1000
500
1
0
1
0
0
1

1
1
2
1
10377
0
2
10
134217728
2000
100
1000
1
0
1
0
0
1

1
1
2
1
10402
0
1
11
268435456
3000
500
61
0
1
0
1
0
0
1
1
1
4
1
10425
0
1
12
134217728
3000
50
22
1
1
0
1
0
0
1
0
1
1
8
4
10432
0
0
9
268435456
3000
500
1
0
1
0
0
1

1
1
1
1
10442
0
1
11
134217728
3000
500
93
0
1
0
1
0
0
1
1
1
1
1
10463
0
2
10
67108864
1000
250
5
1
0
1
0
0
1

1
1
1
1
10468
0
0
9
67108864
4000
1000
1
0
1
0
0
1

1
1
4
2
10488
0
1
12
67108864
2000
50
28
1
1
0
1
0
0
1
0
1
1
4
2
10502
0
2
10
134217728
1000
50
5
1
0
1
0
0
1

1
1
8
2
10530
0
0
9
134217728
1000
100
1
0
1
0
0
1

1
1
8
1
10543
0
2
10
67108864
1000
1000
100
1
0
1
0
0
1

1
1
8
8
10560
0
1
12
67108864
3000
1000
78
1
1
0
1
0
0
1
0
1
1
1
1
10564
0
1
11
268435456
3000
50
68
0
1
0
1
0
0
1
1
1
4
4
10587
0
2
10
134217728
1000
1000
5
1
0
1
0
0
1

1
1
4
4
10589
0
1
12
268435456
1000
250
66
1
1
0
1
0
0
1
0
1
1
1
1
10602
0
1
11
67108864
2000
1000
4
0
1
0
1
0
0
1
1
1
8
1
10620
0
2
10
268435456
2000
250
100
1
0
1
0
0
1

1
1
2
1
10624
0
2
10
67108864
2000
250
1
1
0
1
0
0
1

1
1
8
8
10631
0
1
12
67108864
3000
50
15
1
1
0
1
0
0
1
0
1
1
8
4
10644
0
1
11
268435456
2000
500
23
0
1
0
1
0
0
1
1
1
1
1
10667
0
2
10
268435456
1000
100
1000
1
0
1
0
0
1

1
1
2
1
10690
0
2
10
134217728
2000
500
1
1
0
1
0
0
1

1
1
4
1
10703
0
1
12
134217728
1000
250
14
1
1
0
1
0
0
1
0
1
1
8
1
10709
0
2
10
67108864
1000
500
10
1
0
1
0
0
1

1
1
2
1
10710
0
1
12
268435456
1000
250
94
1
1
0
1
0
0
1
0
1
1
2
2
10716
0
0
9
134217728
3000
500
1
0
1
0
0
1

1
1
2
2
10737
0
2
10
67108864
4000
500
5
1
0
1
0
0
1

1
1
2
1
10746
0
0
9
268435456
1000
500
1
0
1
0
0
1

1
1
1
1
10760
0
0
9
268435456
3000
100
1
0
1
0
0
1

1
1
8
8
10776
0
0
9
134217728
4000
100
1
0
1
0
0
1

1
1
8
4
10799
0
0
9
268435456
1000
100
1
0
1
0
0
1

1
1
1
1
10817
0
1
11
67108864
4000
1000
55
0
1
0
1
0
0
1
1
1
4
4
10829
0
0
9
67108864
3000
250
1
0
1
0
0
1

1
1
2
1
10857
0
1
11
134217728
1000
1000
9
0
1
0
1
0
0
1
1
1
4
2
10887
0
0
9
134217728
1000
500
1
0
1
0
0
1

1
1
4
1
10893
0
1
12
67108864
2000
100
86
1
1
0
1
0
0
1
0
1
1
1
1
10910
0
0
9
268435456
2000
500
1
0
1
0
0
1

1
1
1
1
10921
0
0
9
67108864
3000
500
1
0
1
0
0
1

1
1
2
1
10946
0
0
9
268435456
1000
500
1
0
1
0
0
1

1
1
2
1
10955
0
2
10
67108864
1000
500
10
1
0
1
0
0
1

1
1
8
2
10978
0
2
10
67108864
2000
500
10
1
0
1
0
0
1

1
1
8
8
10996
0
1
11
268435456
2000
50
40
0
1
0
1
0
0
1
1
1
4
2
11011
0
2
10
268435456
2000
250
5
1
0
1
0
0
1

1
1
8
8
11015
0
0
9
268435456
3000
500
1
0
1
0
0
1

1
1
4
1
11016
0
2
10
67108864
2000
1000
5
1
0
1
0
0
1

1
1
4
2
11032
0
0
9
67108864
3000
1000
1
0
1
0
0
1

1
1
1
1
11056
0
2
10
67108864
2000
500
1000
1
0
1
0
0
1

1
1
8
8
11084
0
2
10
268435456
1000
500
100
1
0
1
0
0
1

1
1
1
1
11109
0
1
11
67108864
1000
100
5
0
1
0
1
0
0
1
1
1
8
2
11138
0
1
12
67108864
2000
100
67
1
1
0
1
0
0
1
0
1
1
8
8
11151
0
1
12
67108864
4000
500
9
1
1
0
1
0
0
1
0
1
1
4
1
11162
0
1
11
268435456
2000
100
50
0
1
0
1
0
0
1
1
1
8
8
11190
0
1
12
268435456
1000
50
69
1
1
0
1
0
0
1
0
1
1
1
1
11208
0
1
12
134217728
3000
50
47
1
1
0
1
0
0
1
0
1
1
4
4
11220
0
1
11
134217728
4000
500
59
0
1
0
1
0
0
1
1
1
1
1
11240
0
0
9
268435456
1000
250
1
0
1
0
0
1

1
1
4
1
11258
0
1
11
268435456
2000
500
13
0
1
0
1
0
0
1
1
1
2
1
11266
0
1
12
67108864
1000
250
97
1
1
0
1
0
0
1
0
1
1
8
1
11294
0
0
9
67108864
4000
100
1
0
1
0
0
1

1
1
2
2
11297
0
2
10
67108864
3000
100
10
1
0
1
0
0
1

1
1
1
1
11312
0
0
9
134217728
1000
500
1
0
1
0
0
1

1
1
1
1
11322
0
2
10
268435456
2000
500
10
1
0
1
0
0
1

1
1
1
1
11338
0
2
10
134217728
1000
1000
1
1
0
1
0
0
1

1
1
1
1
11366
0
1
12
67108864
3000
50
42
1
1
0
1
0
0
1
0
1
1
4
1
11394
0
0
9
134217728
3000
1000
1
0
1
0
0
1

1
1
1
1
11397
0
0
9
67108864
3000
500
1
0
1
0
0
1

1
1
1
1
11401
0
1
11
134217728
4000
50
39
0
1
0
1
0
0
1
1
1
8
8
11423
0
1
12
67108864
4000
1000
75
1
1
0
1
0
0
1
0
1
1
4
4
11425
0
2
10
134217728
3000
1000
100
1
0
1
0
0
1

1
1
1
1
11440
0
1
12
134217728
2000
50
41
1
1
0
1
0
0
1
0
1
1
2
1
11468
0
2
10
134217728
3000
50
5
1
0
1
0
0
1

1
1
4
4
11498
0
1
11
134217728
1000
100
30
0
1
0
1
0
0
1
1
1
8
4
11517
0
1
12
134217728
1000
500
85
1
1
0
1
0
0
1
0
1
1
8
8
11535
0
0
9
67108864
2000
50
1
0
1
0
0
1

1
1
1
1
11563
0
1
12
134217728
4000
500
45
1
1
0
1
0
0
1
0
1
1
2
1
11585
0
2
10
67108864
4000
250
1
1
0
1
0
0
1

1
1
1
1
11587
0
1
11
268435456
2000
100
3
0
1
0
1
0
0
1
1
1
1
1
11592
0
2
10
134217728
3000
50
1000
1
0
1
0
0
1

1
1
1
1
11603
0
0
9
67108864
1000
1000
1
0
1
0
0
1

1
1
2
1
11607
0
0
9
67108864
2000
50
1
0
1
0
0
1

1
1
2
1
11622
0
0
9
134217728
4000
500
1
0
1
0
0
1

1
1
4
2
11636
0
0
9
67108864
3000
50
1
0
1
0
0
1

1
1
8
2
11660
0
1
11
268435456
3000
250
48
0
1
0
1
0
0
1
1
1
4
4
11663
0
0
9
134217728
3000
500
1
0
1
0
0
1

1
1
8
4
11668
0
0
9
268435456
1000
500
1
0
1
0
0
1

1
1
8
1
11685
0
0
9
268435456
2000
250
1
0
1
0
0
1

1
1
8
4
11695
0
2
10
134217728
1000
50
100
1
0
1
0
0
1

1
1
4
4
11697
0
0
9
134217728
3000
250
1
0
1
0
0
1

1
1
2
2
11698
0
0
9
67108864
4000
50
1
0
1
0
0
1

1
1
4
1
11707
0
2
10
67108864
1000
250
1000
1
0
1
0
0
1

1
1
4
4
11729
0
0
9
67108864
4000
100
1
0
1
0
0
1

1
1
8
1
11754
0
1
12
268435456
3000
100
30
1
1
0
1
0
0
1
0
1
1
2
1
11780
0
2
10
268435456
3000
250
1000
1
0
1
0
0
1

1
1
1
1
11804
0
2
10
134217728
4000
500
5
1
0
1
0
0
1

1
1
2
1
11829
0
1
11
134217728
4000
250
54
0
1
0
1
0
0
1
1
1
1
1
11854
0
2
10
134217728
3000
50
1000
1
0
1
0
0
1

1
1
4
2
11882
0
2
10
134217728
2000
50
100
1
0
1
0
0
1

1
1
8
2
11891
0
0
9
67108864
2000
50
1
0
1
0
0
1

1
1
1
1
11897
0
1
11
134217728
1000
100
49
0
1
0
1
0
0
1
1
1
8
2
11906
0
1
12
268435456
2000
250
18
1
1
0
1
0
0
1
0
1
1
8
4
11925
0
0
9
67108864
2000
50
1
0
1
0
0
1

1
1
8
8
11931
0
2
10
67108864
1000
1000
5
1
0
1
0
0
1

1
1
4
1
11949
0
0
9
268435456
3000
250
1
0
1
0
0
1

1
1
4
1
11957
0
2
10
134217728
4000
500
100
1
0
1
0
0
1

1
1
4
2
11981
0
2
10
268435456
1000
500
1000
1
0
1
0
0
1

1
1
4
2
12001
0
1
12
67108864
2000
1000
18
1
1
0
1
0
0
1
0
1
1
8
8
12026
0
2
10
134217728
1000
1000
5
1
0
1
0
0
1

1
1
2
2
12027
0
1
11
134217728
4000
500
9
0
1
0
1
0
0
1
1
1
4
2
12040
0
2
10
67108864
3000
250
1000
1
0
1
0
0
1

1
1
8
1
12058
0
2
10
134217728
2000
50
5
1
0
1
0
0
1

1
1
4
2
12080
0
1
11
268435456
1000
250
12
0
1
0
1
0
0
1
1
1
1
1
12105
0
0
9
268435456
3000
250
1
0
1
0
0
1

1
1
1
1
12110
0
2
10
134217728
2000
1000
1000
1
0
1
0
0
1

1
1
2
2
12135
0
0
9
67108864
3000
100
1
0
1
0
0
1

1
1
1
1
12148
0
2
10
134217728
2000
250
10
1
0
1
0
0
1

1
1
1
1
12163
0
2
10
67108864
1000
250
100
1
0
1
0
0
1

1
1
1
1
12187
0
2
10
134217728
4000
1000
1000
1
0
1
0
0
1

1
1
1
1
12194
0
1
11
268435456
1000
100
25
0
1
0
1
0
0
1
1
1
8
1
12206
0
2
10
268435456
1000
500
1
1
0
1
0
0
1

1
1
2
1
12231
0
1
12
67108864
3000
250
24
1
1
0
1
0
0
1
0
1
1
8
4
12235
0
2
10
134217728
3000
500
10
1
0
1
0
0
1

1
1
8
1
12255
0
1
11
268435456
1000
250
57
0
1
0
1
0
0
1
1
1
1
1
12269
0
1
11
268435456
2000
50
96
0
1
0
1
0
0
1
1
1
1
1
12297
0
0
9
134217728
4000
50
1
0
1
0
0
1

1
1
4
4
12300
0
2
10
67108864
2000
1000
1
1
0
1
0
0
1

1
1
1
1
12322
0
0
9
134217728
3000
500
1
0
1
0
0
1

1
1
1
1
12332
0
1
11
134217728
4000
50
55
0
1
0
1
0
0
1
1
1
4
1
12356
0
0
9
67108864
3000
1000
1
0
1
0
0
1

1
1
4
4
12368
0
0
9
67108864
4000
250
1
0
1
0
0
1

1
1
8
4
12385
0
0
9
268435456
1000
50
1
0
1
0
0
1

1
1
2
1
12398
0
1
12
67108864
2000
250
60
1
1
0
1
0
0
1
0
1
1
2
1
12403
0
1
12
134217728
2000
250
55
1
1
0
1
0
0
1
0
1
1
1
1
12406
0
1
12
134217728
2000
250
41
1
1
0
1
0
0
1
0
1
1
2
2
12419
0
1
11
268435456
3000
500
22
0
1
0
1
0
0
1
1
1
1
1
12443
0
2
10
134217728
3000
100
100
1
0
1
0
0
1

1
1
4
2
12445
0
0
9
67108864
3000
500
1
0
1
0
0
1

1
1
8
4
12446
0
2
10
67108864
1000
500
10
1
0
1
0
0
1

1
1
8
8
12448
0
2
10
268435456
2000
500
5
1
0
1
0
0
1

1
1
4
2
12462
0
0
9
268435456
2000
100
1
0
1
0
0
1

1
1
8
8
12475
0
1
11
67108864
4000
100
23
0
1
0
1
0
0
1
1
1
2
1
12477
0
0
9
268435456
3000
50
1
0
1
0
0
1

1
1
1
1
12481
0
2
10
134217728
2000
50
10
1
0
1
0
0
1

1
1
2
2
12508
0
2
10
67108864
1000
100
1000
1
0
1
0
0
1

1
1
4
2
12523
0
0
9
268435456
3000
500
1
0
1
0
0
1

1
1
8
8
12551
0
2
10
134217728
3000
1000
1
1
0
1
0
0
1

1
1
2
1
12561
0
0
9
134217728
3000
250
1
0
1
0
0
1

1
1
2
1
12573
0
1
12
67108864
1000
250
82
1
1
0
1
0
0
1
0
1
1
1
1
12576
0
0
9
268435456
3000
500
1
0
1
0
0
1

1
1
4
2
12598
0
0
9
67108864
1000
1000
1
0
1
0
0
1

1
1
8
8
12614
0
1
11
268435456
2000
500
55
0
1
0
1
0
0
1
1
1
2
2
12631
0
0
9
268435456
1000
500
1
0
1
0
0
1

1
1
1
1
12636
0
0
9
134217728
3000
500
1
0
1
0
0
1

1
1
1
1
12642
0
1
11
67108864
3000
250
39
0
1
0
1
0
0
1
1
1
8
2
12653
0
2
10
268435456
1000
250
1000
1
0
1
0
0
1

1
1
4
4
12683
0
1
11
268435456
3000
100
53
0
1
0
1
0
0
1
1
1
2
1
12705
0
0
9
134217728
3000
1000
1
0
1
0
0
1

1
1
4
2
12714
0
1
12
268435456
3000
500
56
1
1
0
1
0
0
1
0
1
1
4
2
12743
0
1
12
134217728
3000
1000
20
1
1
0
1
0
0
1
0
1
1
8
1
12758
0
2
10
268435456
3000
100
5
1
0
1
0
0
1

1
1
4
1
12783
0
2
10
268435456
3000
500
1000
1
0
1
0
0
1

1
1
4
2
12808
0
1
12
67108864
4000
1000
67
1
1
0
1
0
0
1
0
1
1
8
1
12828
0
2
10
134217728
1000
250
5
1
0
1
0
0
1

1
1
4
2
12856
0
2
10
268435456
3000
500
1000
1
0
1
0
0
1

1
1
8
8
12883
0
1
11
268435456
1000
250
75
0
1
0
1
0
0
1
1
1
8
1
12892
0
0
9
134217728
3000
500
1
0
1
0
0
1

1
1
8
4
12910
0
1
12
268435456
3000
500
70
1
1
0
1
0
0
1
0
1
1
1
1
12921
0
1
12
67108864
1000
100
77
1
1
0
1
0
0
1
0
1
1
2
1
12940
0
0
9
134217728
3000
1000
1
0
1
0
0
1

1
1
1
1
12943
0
1
12
134217728
2000
1000
73
1
1
0
1
0
0
1
0
1
1
2
1
12948
0
1
11
67108864
2000
500
69
0
1
0
1
0
0
1
1
1
8
8
12955
0
0
9
134217728
4000
1000
1
0
1
0
0
1

1
1
1
1
12985
0
0
9
67108864
2000
50
1
0
1
0
0
1

1
1
2
1
13015
0
1
12
268435456
1000
50
55
1
1
0
1
0
0
1
0
1
1
8
8
13038
0
1
11
134217728
1000
250
77
0
1
0
1
0
0
1
1
1
2
1
13051
0
0
9
134217728
2000
500
1
0
1
0
0
1

1
1
8
4
13077
0
0
9
134217728
2000
500
1
0
1
0
0
1

1
1
1
1
13106
0
0
9
134217728
1000
250
1
0
1
0
0
1

1
1
1
1
13125
0
2
10
134217728
3000
1000
1000
1
0
1
0
0
1

1
1
8
1
13128
0
0
9
134217728
1000
1000
1
0
1
0
0
1

1
1
8
1
13129
0
2
10
67108864
1000
100
1000
1
0
1
0
0
1

1
1
4
1
13138
0
2
10
268435456
1000
500
1000
1
0
1
0
0
1

1
1
1
1
13145
0
2
10
268435456
2000
100
5
1
0
1
0
0
1

1
1
2
1
13163
0
0
9
134217728
1000
500
1
0
1
0
0
1

1
1
8
8
13190
0
1
11
268435456
3000
250
94
0
1
0
1
0
0
1
1
1
4
2
13212
0
0
9
67108864
3000
1000
1
0
1
0
0
1

1
1
4
2
13220
0
2
10
268435456
3000
250
10
1
0
1
0
0
1

1
1
2
1
13240
0
0
9
268435456
3000
250
1
0
1
0
0
1

1
1
8
8
13249
0
2
10
134217728
2000
1000
10
1
0
1
0
0
1

1
1
2
1
13276
0
2
10
268435456
1000
500
1000
1
0
1
0
0
1

1
1
4
4
13283
0
2
10
268435456
3000
100
5
1
0
1
0
0
1

1
1
2
1
13285
0
0
9
134217728
2000
250
1
0
1
0
0
1

1
1
4
2
13300
0
0
9
134217728
1000
250
1
0
1
0
0
1

1
1
1
1
13314
0
1
11
134217728
4000
100
12
0
1
0
1
0
0
1
1
1
8
4
13315
0
2
10
268435456
2000
500
100
1
0
1
0
0
1

1
1
1
1
13338
0
1
12
268435456
3000
250
68
1
1
0
1
0
0
1
0
1
1
8
4
13349
0
1
12
134217728
2000
1000
66
1
1
0
1
0
0
1
0
1
1
2
1
13368
0
0
9
67108864
4000
100
1
0
1
0
0
1

1
1
4
4
13397
0
1
11
134217728
3000
1000
27
0
1
0
1
0
0
1
1
1
4
2
13405
0
1
12
134217728
1000
1000
68
1
1
0
1
0
0
1
0
1
1
4
4
13425
0
1
12
67108864
1000
100
67
1
1
0
1
0
0
1
0
1
1
1
1
13430
0
0
9
67108864
3000
250
1
0
1
0
0
1

1
1
2
1
13435
0
2
10
268435456
3000
250
100
1
0
1
0
0
1

1
1
4
4
13452
0
0
9
134217728
1000
250
1
0
1
0
0
1

1
1
8
4
13482
0
1
12
67108864
2000
100
80
1
1
0
1
0
0
1
0
1
1
4
1
13512
0
0
9
134217728
4000
50
1
0
1
0
0
1

1
1
1
1
13528
0
0
9
134217728
3000
1000
1
0
1
0
0
1

1
1
4
2
13549
0
2
10
134217728
1000
250
10
1
0
1
0
0
1

1
1
1
1
13566
0
1
11
67108864
4000
250
86
0
1
0
1
0
0
1
1
1
8
8
13572
0
2
10
134217728
3000
100
5
1
0
1
0
0
1

1
1
4
1
13578
0
1
11
134217728
3000
250
65
0
1
0
1
0
0
1
1
1
2
1
13605
0
1
11
67108864
4000
50
58
0
1
0
1
0
0
1
1
1
4
2
13613
0
2
10
67108864
4000
250
5
1
0
1
0
0
1

1
1
4
1
13630
0
0
9
67108864
3000
250
1
0
1
0
0
1

1
1
1
1
13652
0
0
9
134217728
3000
1000
1
0
1
0
0
1

1
1
4
4
13654
0
2
10
134217728
1000
50
1000
1
0
1
0
0
1

1
1
2
2
13657
0
0
9
134217728
3000
100
1
0
1
0
0
1

1
1
1
1
13665
0
2
10
268435456
2000
500
5
1
0
1
0
0
1

1
1
4
2
13684
0
1
12
67108864
1000
1000
1
1
1
0
1
0
0
1
0
1
1
1
1
13705
0
2
10
268435456
1000
500
1
1
0
1
0
0
1

1
1
1
1
13711
0
1
11
134217728
3000
500
63
0
1
0
1
0
0
1
1
1
4
2
13722
0
1
12
67108864
4000
500
74
1
1
0
1
0
0
1
0
1
1
4
2
13730
0
2
10
134217728
4000
50
100
1
0
1
0
0
1

1
1
2
2
13752
0
1
11
268435456
3000
250
71
0
1
0
1
0
0
1
1
1
8
8
13770
0
2
10
268435456
3000
500
1
1
0
1
0
0
1

1
1
4
2
13781
0
2
10
134217728
4000
250
10
1
0
1
0
0
1

1
1
8
8
13799
0
1
12
67108864
4000
1000
20
1
1
0
1
0
0
1
0
1
1
4
2
13826
0
2
10
268435456
2000
250
5
1
0
1
0
0
1

1
1
8
1
13842
0
1
12
268435456
1000
100
2
1
1
0
1
0
0
1
0
1
1
2
1
13852
0
1
11
268435456
3000
500
66
0
1
0
1
0
0
1
1
1
1
1
13879
0
2
10
134217728
3000
250
10
1
0
1
0
0
1

1
1
1
1
13890
0
2
10
134217728
4000
50
5
1
0
1
0
0
1

1
1
2
1
13902
0
2
10
134217728
1000
250
1
1
0
1
0
0
1

1
1
2
1
13926
0
2
10
67108864
3000
100
10
1
0
1
0
0
1

1
1
4
2
13933
0
1
11
67108864
2000
500
43
0
1
0
1
0
0
1
1
1
4
2
13942
0
1
11
134217728
1000
100
43
0
1
0
1
0
0
1
1
1
4
4
13954
0
2
10
67108864
4000
250
100
1
0
1
0
0
1

1
1
8
4
13964
0
1
11
134217728
3000
100
1
0
1
0
1
0
0
1
1
1
8
4
13965
0
1
11
268435456
3000
100
33
0
1
0
1
0
0
1
1
1
4
2
13987
0
1
11
67108864
3000
500
21
0
1
0
1
0
0
1
1
1
4
2
14012
0
1
12
268435456
3000
50
27
1
1
0
1
0
0
1
0
1
1
2
2
14031
0
1
12
268435456
1000
500
53
1
1
0
1
0
0
1
0
1
1
8
2
14050
0
1
11
268435456
2000
500
13
0
1
0
1
0
0
1
1
1
4
1
14060
0
1
11
268435456
3000
250
87
0
1
0
1
0
0
1
1
1
8
4
14061
0
1
11
134217728
2000
50
91
0
1
0
1
0
0
1
1
1
2
1
14091
0
1
12
134217728
3000
1000
64
1
1
0
1
0
0
1
0
1
1
1
1
14100
0
1
11
134217728
3000
250
38
0
1
0
1
0
0
1
1
1
2
2
14116
0
1
11
268435456
3000
50
87
0
1
0
1
0
0
1
1
1
8
8
14139
0
1
11
268435456
2000
50
89
0
1
0
1
0
0
1
1
1
1
1
14141
0
1
11
134217728
1000
50
62
0
1
0
1
0
0
1
1
1
8
1
14147
0
1
12
268435456
2000
250
66
1
1
0
1
0
0
1
0
1
1
2
1
14156
0
1
12
134217728
3000
50
14
1
1
0
1
0
0
1
0
1
1
4
2
14186
0
1
12
268435456
1000
500
46
1
1
0
1
0
0
1
0
1
1
4
1
14194
0
1
11
67108864
1000
250
6
0
1
0
1
0
0
1
1
1
4
1
14224
0
1
11
67108864
4000
250
32
0
1
0
1
0
0
1
1
1
8
2
14233
0
1
11
268435456
3000
500
85
0
1
0
1
0
0
1
1
1
2
1
14234
0
1
12
268435456
2000
250
57
1
1
0
1
0
0
1
0
1
1
8
8
14245
0
1
12
134217728
1000
500
14
1
1
0
1
0
0
1
0
1
1
1
1
14258
0
1
11
268435456
3000
250
39
0
1
0
1
0
0
1
1
1
4
2
14268
0
1
12
134217728
4000
250
13
1
1
0
1
0
0
1
0
1
1
4
1
14295
0
1
11
268435456
3000
50
58
0
1
0
1
0
0
1
1
1
1
1
14314
0
1
12
67108864
2000
1000
92
1
1
0
1
0
0
1
0
1
1
1
1
14335
0
1
11
67108864
4000
50
66
0
1
0
1
0
0
1
1
1
1
1
14359
0
1
12
268435456
1000
100
64
1
1
0
1
0
0
1
0
1
1
4
2
14379
0
1
12
268435456
1000
250
66
1
1
0
1
0
0
1
0
1
1
1
1
14406
0
1
11
134217728
3000
250
7
0
1
0
1
0
0
1
1
1
1
1
14415
0
1
12
268435456
2000
500
98
1
1
0
1
0
0
1
0
1
1
2
1
14444
0
1
11
67108864
2000
250
15
0
1
0
1
0
0
1
1
1
8
4
14458
0
1
12
67108864
1000
50
69
1
1
0
1
0
0
1
0
1
1
2
2
14462
0
1
11
134217728
3000
1000
23
0
1
0
1
0
0
1
1
1
8
1
14482
0
1
12
67108864
4000
1000
97
1
1
0
1
0
0
1
0
1
1
8
8
14500
0
1
11
67108864
3000
100
40
0
1
0
1
0
0
1
1
1
8
8
14510
0
1
12
268435456
3000
50
18
1
1
0
1
0
0
1
0
1
1
8
2
14524
0
1
11
268435456
2000
500
99
0
1
0
1
0
0
1
1
1
2
1
14548
0
1
11
67108864
3000
250
13
0
1
0
1
0
0
1
1
1
2
1
14556
0
1
12
268435456
1000
50
32
1
1
0
1
0
0
1
0
1
1
2
2
14558
0
1
11
134217728
3000
50
77
0
1
0
1
0
0
1
1
1
2
1
14566
0
1
11
134217728
2000
50
89
0
1
0
1
0
0
1
1
1
2
1
14592
0
1
12
67108864
3000
50
16
1
1
0
1
0
0
1
0
1
1
4
4
14610
0
1
12
67108864
2000
50
16
1
1
0
1
0
0
1
0
1
1
1
1
14627
0
1
12
268435456
1000
500
89
1
1
0
1
0
0
1
0
1
1
2
1
14647
0
1
12
134217728
2000
500
78
1
1
0
1
0
0
1
0
1
1
1
1
14652
0
1
11
67108864
4000
250
56
0
1
0
1
0
0
1
1
1
1
1
14673
0
1
11
268435456
3000
250
15
0
1
0
1
0
0
1
1
1
2
1
14685
0
1
12
268435456
1000
50
6
1
1
0
1
0
0
1
0
1
1
8
1
14706
0
1
12
268435456
1000
500
68
1
1
0
1
0
0
1
0
1
1
1
1
14731
0
1
12
134217728
3000
1000
30
1
1
0
1
0
0
1
0
1
1
4
4
14747
0
1
12
134217728
1000
1000
64
1
1
0
1
0
0
1
0
1
1
8
4
14771
0
1
12
67108864
4000
500
15
1
1
0
1
0
0
1
0
1
1
4
2
14796
0
1
12
67108864
2000
50
1
1
1
0
1
0
0
1
0
1
1
4
2
14805
0
1
11
67108864
1000
100
45
0
1
0
1
0
0
1
1
1
2
1
14822
0
1
12
67108864
1000
250
84
1
1
0
1
0
0
1
0
1
1
8
2
14835
0
1
11
67108864
3000
50
89
0
1
0
1
0
0
1
1
1
4
2
14840
0
1
12
67108864
3000
250
26
1
1
0
1
0
0
1
0
1
1
1
1
14849
0
1
11
67108864
2000
500
87
0
1
0
1
0
0
1
1
1
2
2
14871
0
1
11
134217728
4000
100
33
0
1
0
1
0
0
1
1
1
4
4
14891
0
1
11
134217728
2000
50
84
0
1
0
1
0
0
1
1
1
2
1
14901
0
1
12
134217728
1000
1000
24
1
1
0
1
0
0
1
0
1
1
8
8
14908
0
1
12
67108864
3000
1000
33
1
1
0
1
0
0
1
0
1
1
2
2
14923
0
1
12
134217728
2000
500
81
1
1
0
1
0
0
1
0
1
1
1
1
14953
0
1
12
134217728
2000
1000
94
1
1
0
1
0
0
1
0
1
1
2
1
14973
0
1
12
134217728
2000
500
6
1
1
0
1
0
0
1
0
1
1
4
2
14991
0
1
11
67108864
4000
100
23
0
1
0
1
0
0
1
1
1
1
1
14994
0
1
11
134217728
4000
500
54
0
1
0
1
0
0
1
1
1
2
1
15007
0
1
11
67108864
1000
50
36
0
1
0
1
0
0
1
1
1
4
1
15033
0
1
12
134217728
1000
100
76
1
1
0
1
0
0
1
0
1
1
4
2
15048
0
1
12
134217728
1000
500
74
1
1
0
1
0
0
1
0
1
1
2
2
15049
0
1
12
134217728
1000
1000
83
1
1
0
1
0
0
1
0
1
1
1
1
15077
0
1
11
268435456
1000
100
81
0
1
0
1
0
0
1
1
1
4
4
15104
0
1
12
134217728
4000
250
83
1
1
0
1
0
0
1
0
1
1
1
1
15126
0
1
12
134217728
1000
100
52
1
1
0
1
0
0
1
0
1
1
8
2
15139
0
1
11
268435456
3000
250
98
0
1
0
1
0
0
1
1
1
1
1
15152
0
1
12
268435456
1000
250
52
1
1
0
1
0
0
1
0
1
1
8
2
15176
0
1
12
268435456
1000
250
9
1
1
0
1
0
0
1
0
1
1
8
2
15198
0
1
12
67108864
2000
1000
42
1
1
0
1
0
0
1
0
1
1
2
1
15203
0
1
12
67108864
3000
1000
89
1
1
0
1
0
0
1
0
1
1
4
1
15214
0
1
12
134217728
3000
100
5
1
1
0
1
0
0
1
0
1
1
2
1
15223
0
1
11
67108864
1000
1000
24
0
1
0
1
0
0
1
1
1
8
4
15250
0
1
11
134217728
3000
250
80
0
1
0
1
0
0
1
1
1
2
1
15253
0
1
11
268435456
1000
500
41
0
1
0
1
0
0
1
1
1
8
1
15277
0
1
11
67108864
1000
1000
45
0
1
0
1
0
0
1
1
1
8
4
15282
0
1
12
67108864
2000
1000
60
1
1
0
1
0
0
1
0
1
1
4
4
15292
0
1
12
268435456
3000
500
13
1
1
0
1
0
0
1
0
1
1
2
1
15294
0
1
11
134217728
3000
100
80
0
1
0
1
0
0
1
1
1
2
2
15308
0
1
12
67108864
4000
100
67
1
1
0
1
0
0
1
0
1
1
8
2
15332
0
1
11
67108864
3000
50
87
0
1
0
1
0
0
1
1
1
2
1
15348
0
1
12
268435456
1000
100
56
1
1
0
1
0
0
1
0
1
1
8
8
15366
0
1
12
268435456
1000
500
86
1
1
0
1
0
0
1
0
1
1
8
8
15391
0
1
12
67108864
4000
1000
22
1
1
0
1
0
0
1
0
1
1
1
1
15408
0
1
12
268435456
1000
100
17
1
1
0
1
0
0
1
0
1
1
8
2
15411
0
1
12
268435456
3000
100
80
1
1
0
1
0
0
1
0
1
1
2
1
15419
0
1
11
268435456
3000
50
33
0
1
0
1
0
0
1
1
1
8
4
15438
0
1
12
134217728
2000
100
4
1
1
0
1
0
0
1
0
1
1
2
1
15450
0
1
12
67108864
3000
1000
91
1
1
0
1
0
0
1
0
1
1
1
1
15460
0
1
11
67108864
4000
100
10
0
1
0
1
0
0
1
1
1
1
1
15485
0
1
11
67108864
1000
500
12
0
1
0
1
0
0
1
1
1
4
4
15497
0
1
11
134217728
4000
100
18
0
1
0
1
0
0
1
1
1
1
1
15499
0
1
12
67108864
2000
250
92
1
1
0
1
0
0
1
0
1
1
2
1
15513
0
1
12
268435456
2000
100
9
1
1
0
1
0
0
1
0
1
1
8
4
15518
0
1
12
134217728
2000
50
95
1
1
0
1
0
0
1
0
1
1
2
2
15519
0
1
12
67108864
1000
1000
75
1
1
0
1
0
0
1
0
1
1
1
1
15544
0
1
11
134217728
1000
500
15
0
1
0
1
0
0
1
1
1
1
1
15550
0
1
11
134217728
3000
500
55
0
1
0
1
0
0
1
1
1
2
1
15574
0
1
12
134217728
1000
1000
38
1
1
0
1
0
0
1
0
1
1
8
4
15590
0
1
12
134217728
1000
250
25
1
1
0
1
0
0
1
0
1
1
8
1
15617
0
1
11
268435456
1000
500
11
0
1
0
1
0
0
1
1
1
1
1
15640
0
1
11
134217728
4000
50
28
0
1
0
1
0
0
1
1
1
4
2
15667
0
1
12
268435456
1000
500
10
1
1
0
1
0
0
1
0
1
1
1
1
15688
0
1
11
134217728
2000
50
73
0
1
0
1
0
0
1
1
1
4
2
15710
0
1
12
134217728
1000
100
45
1
1
0
1
0
0
1
0
1
1
1
1
15720
0
1
11
67108864
2000
1000
26
0
1
0
1
0
0
1
1
1
4
4
15728
0
1
11
67108864
3000
250
95
0
1
0
1
0
0
1
1
1
1
1
15730
0
1
12
67108864
1000
250
70
1
1
0
1
0
0
1
0
1
1
2
2
15753
0
1
12
67108864
3000
1000
43
1
1
0
1
0
0
1
0
1
1
1
1
15783
0
1
11
134217728
3000
100
43
0
1
0
1
0
0
1
1
1
1
1
15787
0
1
12
67108864
3000
250
65
1
1
0
1
0
0
1
0
1
1
1
1
15797
0
1
11
67108864
2000
100
48
0
1
0
1
0
0
1
1
1
1
1
15813
0
1
12
268435456
2000
100
38
1
1
0
1
0
0
1
0
1
1
4
1
15835
0
1
12
268435456
3000
50
43
1
1
0
1
0
0
1
0
1
1
8
1
15845
0
1
12
67108864
4000
1000
53
1
1
0
1
0
0
1
0
1
1
8
4
15849
0
1
12
67108864
1000
250
98
1
1
0
1
0
0
1
0
1
1
8
1
15876
0
1
11
67108864
4000
500
39
0
1
0
1
0
0
1
1
1
2
1
15881
0
1
11
67108864
2000
100
93
0
1
0
1
0
0
1
1
1
1
1
15906
0
1
11
268435456
2000
50
59
0
1
0
1
0
0
1
1
1
1
1
15935
0
1
12
134217728
4000
250
11
1
1
0
1
0
0
1
0
1
1
8
4
15941
0
1
11
268435456
2000
100
24
0
1
0
1
0
0
1
1
1
8
4
15958
0
1
11
67108864
2000
500
88
0
1
0
1
0
0
1
1
1
2
1
15969
0
1
12
268435456
1000
250
88
1
1
0
1
0
0
1
0
1
1
8
1
15983
0
1
11
67108864
1000
100
29
0
1
0
1
0
0
1
1
1
4
4
15992
0
1
12
134217728
2000
50
11
1
1
0
1
0
0
1
0
1
1
8
1
15999
0
1
12
67108864
1000
100
32
1
1
0
1
0
0
1
0
1
1
8
8
16020
0
1
12
134217728
4000
250
28
1
1
0
1
0
0
1
0
1
1
4
1
16038
0
1
11
134217728
2000
100
5
0
1
0
1
0
0
1
1
1
2
1
16068
0
1
11
67108864
3000
50
50
0
1
0
1
0
0
1
1
1
4
4
16092
0
1
11
268435456
1000
100
55
0
1
0
1
0
0
1
1
1
2
1
16106
0
1
11
67108864
1000
500
67
0
1
0
1
0
0
1
1
1
2
1
16117
0
1
11
268435456
1000
250
91
0
1
0
1
0
0
1
1
1
2
1
16132
0
1
12
67108864
2000
1000
50
1
1
0
1
0
0
1
0
1
1
1
1
16158
0
1
11
134217728
4000
250
16
0
1
0
1
0
0
1
1
1
8
4
16185
0
1
11
268435456
1000
500
54
0
1
0
1
0
0
1
1
1
4
1
16195
0
1
11
67108864
1000
50
93
0
1
0
1
0
0
1
1
1
2
1
16223
0
1
11
134217728
2000
1000
82
0
1
0
1
0
0
1
1
1
2
1
16253
0
1
12
268435456
3000
100
78
1
1
0
1
0
0
1
0
1
1
4
2
16271
0
1
11
134217728
2000
500
77
0
1
0
1
0
0
1
1
1
1
1
16298
0
1
12
67108864
2000
50
29
1
1
0
1
0
0
1
0
1
1
1
1
16301
0
1
11
134217728
4000
250
22
0
1
0
1
0
0
1
1
1
1
1
16327
0
1
11
268435456
3000
50
41
0
1
0
1
0
0
1
1
1
8
2
16352
0
1
12
134217728
3000
100
54
1
1
0
1
0
0
1
0
1
1
4
1
16354
0
1
11
134217728
1000
1000
43
0
1
0
1
0
0
1
1
1
2
2
16381
0
1
11
134217728
4000
250
88
0
1
0
1
0
0
1
1
1
8
2
16400
0
1
11
67108864
2000
1000
85
0
1
0
1
0
0
1
1
1
1
1
16410
0
1
12
134217728
1000
250
45
1
1
0
1
0
0
1
0
1
1
8
8
16415
0
1
11
134217728
3000
1000
67
0
1
0
1
0
0
1
1
1
2
1
16420
0
1
12
67108864
3000
250
89
1
1
0
1
0
0
1
0
1
1
4
1
16429
0
1
11
67108864
1000
500
61
0
1
0
1
0
0
1
1
1
4
4
16433
0
1
12
67108864
3000
500
4
1
1
0
1
0
0
1
0
1
1
2
1
16453
0
1
12
268435456
3000
500
28
1
1
0
1
0
0
1
0
1
1
2
1
16462
0
1
11
134217728
1000
1000
25
0
1
0
1
0
0
1
1
1
4
4
16482
0
1
11
268435456
2000
500
69
0
1
0
1
0
0
1
1
1
8
2
16489
0
1
12
268435456
3000
50
63
1
1
0
1
0
0
1
0
1
1
2
2
16491
0
1
11
67108864
3000
1000
98
0
1
0
1
0
0
1
1
1
2
1
16501
0
1
11
67108864
3000
1000
36
0
1
0
1
0
0
1
1
1
1
1
16522
0
1
11
134217728
4000
50
29
0
1
0
1
0
0
1
1
1
8
4
16523
0
1
11
268435456
2000
500
66
0
1
0
1
0
0
1
1
1
8
1
16536
0
1
12
134217728
2000
100
3
1
1
0
1
0
0
1
0
1
1
4
4
16549
0
1
11
268435456
2000
250
11
0
1
0
1
0
0
1
1
1
4
2
16555
0
1
11
134217728
3000
50
40
0
1
0
1
0
0
1
1
1
2
1
16565
0
1
11
134217728
2000
500
32
0
1
0
1
0
0
1
1
1
1
1
16571
0
1
11
268435456
3000
100
93
0
1
0
1
0
0
1
1
1
4
4
16595
0
1
11
134217728
3000
50
74
0
1
0
1
0
0
1
1
1
1
1
16605
0
1
12
67108864
1000
250
91
1
1
0
1
0
0
1
0
1
1
4
2
16626
0
1
11
268435456
2000
50
60
0
1
0
1
0
0
1
1
1
2
1
16629
0
1
11
67108864
3000
500
17
0
1
0
1
0
0
1
1
1
8
1
16632
0
1
11
67108864
4000
1000
41
0
1
0
1
0
0
1
1
1
8
1
16648
0
1
12
67108864
3000
500
7
1
1
0
1
0
0
1
0
1
1
8
2
16672
0
1
11
134217728
1000
50
92
0
1
0
1
0
0
1
1
1
4
2
16696
0
1
12
67108864
4000
500
61
1
1
0
1
0
0
1
0
1
1
8
1
16703
0
1
11
134217728
2000
100
2
0
1
0
1
0
0
1
1
1
1
1
16704
0
1
11
67108864
1000
100
43
0
1
0
1
0
0
1
1
1
1
1
16734
0
1
11
268435456
3000
500
82
0
1
0
1
0
0
1
1
1
4
4
16753
0
1
11
134217728
3000
50
10
0
1
0
1
0
0
1
1
1
8
8
16764
0
1
11
67108864
2000
1000
58
0
1
0
1
0
0
1
1
1
2
2
16794
0
1
11
134217728
4000
250
31
0
1
0
1
0
0
1
1
1
4
2
16807
0
1
12
268435456
2000
250
35
1
1
0
1
0
0
1
0
1
1
2
1
16834
0
1
12
134217728
2000
100
91
1
1
0
1
0
0
1
0
1
1
4
2
16863
0
1
11
67108864
4000
1000
14
0
1
0
1
0
0
1
1
1
1
1
16871
0
1
12
134217728
2000
500
3
1
1
0
1
0
0
1
0
1
1
1
1
16896
0
1
12
67108864
2000
250
1
1
1
0
1
0
0
1
0
1
1
4
4
16915
0
1
11
67108864
3000
250
24
0
1
0
1
0
0
1
1
1
4
2
16916
0
1
11
268435456
3000
250
29
0
1
0
1
0
0
1
1
1
2
2
16934
0
1
11
268435456
3000
500
96
0
1
0
1
0
0
1
1
1
8
2
16951
0
1
12
134217728
4000
250
24
1
1
0
1
0
0
1
0
1
1
4
4
16978
0
1
11
134217728
1000
500
70
0
1
0
1
0
0
1
1
1
4
2
17006
0
1
12
134217728
4000
100
84
1
1
0
1
0
0
1
0
1
1
8
1
17036
0
1
11
67108864
4000
100
25
0
1
0
1
0
0
1
1
1
2
1
17040
0
1
11
134217728
1000
500
81
0
1
0
1
0
0
1
1
1
4
2
17048
0
1
11
67108864
3000
500
15
0
1
0
1
0
0
1
1
1
4
2
17072
0
1
12
134217728
3000
250
60
1
1
0
1
0
0
1
0
1
1
4
1
17094
0
1
11
134217728
3000
1000
32
0
1
0
1
0
0
1
1
1
2
1
17107
0
1
12
134217728
3000
50
91
1
1
0
1
0
0
1
0
1
1
8
1
17128
0
1
12
134217728
4000
250
79
1
1
0
1
0
0
1
0
1
1
4
2
17156
0
1
11
268435456
3000
50
78
0
1
0
1
0
0
1
1
1
4
4
17180
0
1
12
268435456
2000
250
78
1
1
0
1
0
0
1
0
1
1
8
4
17184
0
1
12
268435456
2000
500
52
1
1
0
1
0
0
1
0
1
1
8
8
17197
0
1
11
134217728
4000
50
88
0
1
0
1
0
0
1
1
1
1
1
17226
0
1
11
268435456
3000
50
2
0
1
0
1
0
0
1
1
1
2
2
17238
0
1
11
67108864
1000
500
81
0
1
0
1
0
0
1
1
1
8
1
17256
0
1
11
67108864
2000
250
34
0
1
0
1
0
0
1
1
1
2
1
17274
0
1
12
67108864
4000
500
18
1
1
0
1
0
0
1
0
1
1
4
2
17284
0
1
11
268435456
3000
50
60
0
1
0
1
0
0
1
1
1
4
4
17310
0
1
11
134217728
3000
1000
67
0
1
0
1
0
0
1
1
1
1
1
17335
0
1
12
67108864
2000
500
12
1
1
0
1
0
0
1
0
1
1
1
1
17340
0
1
11
134217728
2000
500
96
0
1
0
1
0
0
1
1
1
1
1
17349
0
1
11
134217728
4000
100
9
0
1
0
1
0
0
1
1
1
1
1
17375
0
1
11
268435456
1000
100
70
0
1
0
1
0
0
1
1
1
1
1
17394
0
1
12
134217728
2000
250
32
1
1
0
1
0
0
1
0
1
1
2
1
17421
0
1
12
268435456
1000
100
53
1
1
0
1
0
0
1
0
1
1
8
4
17424
0
1
12
134217728
2000
1000
15
1
1
0
1
0
0
1
0
1
1
2
1
17454
0
1
11
134217728
4000
100
73
0
1
0
1
0
0
1
1
1
1
1
17468
0
1
12
67108864
3000
1000
79
1
1
0
1
0
0
1
0
1
1
8
1
17473
0
1
12
67108864
4000
100
88
1
1
0
1
0
0
1
0
1
1
4
2
17484
0
1
12
268435456
3000
250
46
1
1
0
1
0
0
1
0
1
1
1
1
17505
0
1
12
134217728
1000
250
63
1
1
0
1
0
0
1
0
1
1
2
1
17524
0
1
12
268435456
1000
100
40
1
1
0
1
0
0
1
0
1
1
8
8
17549
0
1
11
268435456
3000
250
87
0
1
0
1
0
0
1
1
1
2
1
17555
0
1
11
268435456
3000
100
2
0
1
0
1
0
0
1
1
1
1
1
17571
0
1
11
67108864
4000
50
36
0
1
0
1
0
0
1
1
1
1
1
17599
0
1
11
268435456
1000
500
58
0
1
0
1
0
0
1
1
1
1
1
17612
0
1
11
134217728
1000
500
50
0
1
0
1
0
0
1
1
1
4
2
17632
0
1
11
67108864
2000
1000
78
0
1
0
1
0
0
1
1
1
1
1
17656
0
1
11
134217728
1000
1000
94
0
1
0
1
0
0
1
1
1
8
4
17673
0
1
11
268435456
1000
500
62
0
1
0
1
0
0
1
1
1
8
2
17680
0
1
12
134217728
2000
50
41
1
1
0
1
0
0
1
0
1
1
4
4
17687
0
1
12
67108864
3000
500
32
1
1
0
1
0
0
1
0
1
1
4
1
17707
0
1
12
67108864
2000
100
40
1
1
0
1
0
0
1
0
1
1
1
1
17724
0
1
12
134217728
1000
500
36
1
1
0
1
0
0
1
0
1
1
8
1
17730
0
1
11
134217728
1000
1000
30
0
1
0
1
0
0
1
1
1
1
1
17747
0
1
11
134217728
4000
100
81
0
1
0
1
0
0
1
1
1
8
4
17775
0
1
11
67108864
3000
500
5
0
1
0
1
0
0
1
1
1
4
2
17805
0
1
12
67108864
1000
100
95
1
1
0
1
0
0
1
0
1
1
2
1
17813
0
1
11
67108864
3000
50
26
0
1
0
1
0
0
1
1
1
4
4
17823
0
1
11
134217728
3000
500
43
0
1
0
1
0
0
1
1
1
4
4
17827
0
1
11
268435456
3000
100
32
0
1
0
1
0
0
1
1
1
8
1
17843
0
1
12
67108864
4000
100
70
1
1
0
1
0
0
1
0
1
1
1
1
17865
0
1
11
67108864
4000
500
42
0
1
0
1
0
0
1
1
1
1
1
17894
0
1
12
268435456
3000
500
22
1
1
0
1
0
0
1
0
1
1
4
2
17924
0
1
11
67108864
3000
1000
56
0
1
0
1
0
0
1
1
1
1
1
17937
0
1
11
268435456
1000
50
90
0
1
0
1
0
0
1
1
1
2
1
17963
0
1
11
67108864
2000
250
19
0
1
0
1
0
0
1
1
1
2
1
17983
0
1
11
67108864
3000
1000
46
0
1
0
1
0
0
1
1
1
2
2
17987
0
1
11
134217728
4000
500
95
0
1
0
1
0
0
1
1
1
8
8
18016
0
1
11
268435456
1000
50
56
0
1
0
1
0
0
1
1
1
2
1
18022
0
1
11
67108864
4000
50
6
0
1
0
1
0
0
1
1
1
1
1
18033
0
1
11
67108864
2000
50
55
0
1
0
1
0
0
1
1
1
8
1
18057
0
1
11
67108864
4000
50
73
0
1
0
1
0
0
1
1
1
1
1
18082
0
1
11
134217728
1000
1000
98
0
1
0
1
0
0
1
1
1
4
4
18108
0
1
11
67108864
3000
500
79
0
1
0
1
0
0
1
1
1
4
4
18119
0
1
11
67108864
3000
500
11
0
1
0
1
0
0
1
1
1
8
1
18133
0
1
11
268435456
2000
500
13
0
1
0
1
0
0
1
1
1
4
2
18152
0
1
12
268435456
3000
50
60
1
1
0
1
0
0
1
0
1
1
2
1
18164
0
1
12
67108864
3000
1000
36
1
1
0
1
0
0
1
0
1
1
1
1
18168
0
1
11
134217728
4000
500
2
0
1
0
1
0
0
1
1
1
8
4
18173
0
1
12
268435456
2000
500
21
1
1
0
1
0
0
1
0
1
1
8
4
18185
0
1
12
268435456
1000
100
5
1
1
0
1
0
0
1
0
1
1
4
2
18214
0
1
12
134217728
1000
100
68
1
1
0
1
0
0
1
0
1
1
8
1
18236
0
1
11
134217728
3000
100
96
0
1
0
1
0
0
1
1
1
4
1
18254
0
1
12
134217728
2000
100
38
1
1
0
1
0
0
1
0
1
1
2
1
18257
0
1
11
67108864
4000
50
94
0
1
0
1
0
0
1
1
1
2
1
18276
0
1
11
268435456
3000
50
50
0
1
0
1
0
0
1
1
1
8
2
18283
0
1
11
134217728
1000
50
19
0
1
0
1
0
0
1
1
1
8
2
18313
0
1
12
134217728
3000
500
90
1
1
0
1
0
0
1
0
1
1
1
1
18318
0
1
12
268435456
3000
250
68
1
1
0
1
0
0
1
0
1
1
4
2
18326
0
1
12
67108864
1000
1000
33
1
1
0
1
0
0
1
0
1
1
8
1
18342
0
1
12
268435456
2000
50
23
1
1
0
1
0
0
1
0
1
1
2
1
18345
0
1
11
67108864
3000
500
10
0
1
0
1
0
0
1
1
1
1
1
18352
0
1
11
67108864
1000
500
39
0
1
0
1
0
0
1
1
1
4
2
18378
0
1
12
134217728
1000
100
83
1
1
0
1
0
0
1
0
1
1
8
1
18400
0
1
11
67108864
4000
500
66
0
1
0
1
0
0
1
1
1
4
1
18402
0
1
12
268435456
3000
250
57
1
1
0
1
0
0
1
0
1
1
8
1
18421
0
1
11
134217728
3000
250
89
0
1
0
1
0
0
1
1
1
1
1
18439
0
1
12
67108864
1000
250
49
1
1
0
1
0
0
1
0
1
1
1
1
18440
0
1
12
268435456
2000
250
72
1
1
0
1
0
0
1
0
1
1
8
4
18459
0
1
12
67108864
3000
1000
63
1
1
0
1
0
0
1
0
1
1
4
4
18485
0
1
11
67108864
1000
500
71
0
1
0
1
0
0
1
1
1
2
1
18508
0
1
11
134217728
2000
250
99
0
1
0
1
0
0
1
1
1
4
1
18521
0
1
11
268435456
3000
500
37
0
1
0
1
0
0
1
1
1
4
4
18528
0
1
11
134217728
4000
50
73
0
1
0
1
0
0
1
1
1
4
2
18534
0
1
12
134217728
1000
500
73
1
1
0
1
0
0
1
0
1
1
8
4
18542
0
1
12
268435456
3000
500
46
1
1
0
1
0
0
1
0
1
1
1
1
18554
0
1
12
67108864
2000
50
20
1
1
0
1
0
0
1
0
1
1
4
2
18566
0
1
12
134217728
1000
50
72
1
1
0
1
0
0
1
0
1
1
2
1
18581
0
1
11
134217728
3000
50
66
0
1
0
1
0
0
1
1
1
8
4
18611
0
1
12
134217728
2000
50
91
1
1
0
1
0
0
1
0
1
1
1
1
18616
0
1
11
67108864
4000
100
57
0
1
0
1
0
0
1
1
1
4
2
18618
0
1
12
268435456
2000
250
76
1
1
0
1
0
0
1
0
1
1
1
1
18633
0
1
11
134217728
3000
1000
24
0
1
0
1
0
0
1
1
1
4
2
18637
0
1
11
268435456
3000
250
22
0
1
0
1
0
0
1
1
1
8
8
18660
0
1
11
134217728
4000
50
4
0
1
0
1
0
0
1
1
1
8
8
18663
0
1
11
67108864
3000
250
12
0
1
0
1
0
0
1
1
1
4
4
18669
0
1
12
134217728
2000
50
24
1
1
0
1
0
0
1
0
1
1
1
1
18678
0
1
11
268435456
3000
50
4
0
1
0
1
0
0
1
1
1
1
1
18683
0
1
12
134217728
2000
50
29
1
1
0
1
0
0
1
0
1
1
1
1
18692
0
1
12
134217728
4000
50
88
1
1
0
1
0
0
1
0
1
1
8
4
18699
0
1
12
67108864
4000
50
40
1
1
0
1
0
0
1
0
1
1
4
4
18706
0
1
11
134217728
3000
1000
36
0
1
0
1
0
0
1
1
1
4
2
18708
0
1
12
67108864
2000
100
34
1
1
0
1
0
0
1
0
1
1
4
2
18711
0
1
11
268435456
3000
100
78
0
1
0
1
0
0
1
1
1
4
4
18722
0
1
11
134217728
1000
50
9
0
1
0
1
0
0
1
1
1
2
1
18734
0
1
12
268435456
3000
250
21
1
1
0
1
0
0
1
0
1
1
4
4
18735
0
1
11
268435456
2000
50
39
0
1
0
1
0
0
1
1
1
8
4
18746
0
1
11
134217728
2000
250
86
0
1
0
1
0
0
1
1
1
2
1
18757
0
1
11
268435456
2000
100
87
0
1
0
1
0
0
1
1
1
2
1
18760
0
1
11
67108864
1000
250
72
0
1
0
1
0
0
1
1
1
2
1
18762
0
1
11
67108864
4000
50
16
0
1
0
1
0
0
1
1
1
2
1
18774
0
1
12
67108864
3000
250
61
1
1
0
1
0
0
1
0
1
1
2
1
18782
0
1
12
67108864
4000
1000
27
1
1
0
1
0
0
1
0
1
1
2
1
18799
0
1
11
67108864
3000
250
0
0
1
0
1
0
0
1
1
1
8
1
18810
0
1
11
67108864
2000
500
17
0
1
0
1
0
0
1
1
1
1
1
18828
0
1
12
67108864
4000
50
80
1
1
0
1
0
0
1
0
1
1
4
2
18837
0
1
11
67108864
4000
250
27
0
1
0
1
0
0
1
1
1
8
4
18842
0
1
11
67108864
3000
250
34
0
1
0
1
0
0
1
1
1
2
1
18852
0
1
12
268435456
3000
100
51
1
1
0
1
0
0
1
0
1
1
1
1
18870
0
1
11
134217728
4000
1000
1
0
1
0
1
0
0
1
1
1
4
1
18890
0
1
11
268435456
3000
250
72
0
1
0
1
0
0
1
1
1
1
1
18909
0
1
11
134217728
3000
250
39
0
1
0
1
0
0
1
1
1
4
4
18935
0
1
11
67108864
3000
500
62
0
1
0
1
0
0
1
1
1
8
8
18965
0
1
12
268435456
1000
50
77
1
1
0
1
0
0
1
0
1
1
1
1
18982
0
1
11
134217728
1000
1000
66
0
1
0
1
0
0
1
1
1
2
1
19000
0
1
12
67108864
2000
100
25
1
1
0
1
0
0
1
0
1
1
8
1
19014
0
1
11
67108864
2000
500
65
0
1
0
1
0
0
1
1
1
8
1
19043
0
1
12
67108864
1000
500
98
1
1
0
1
0
0
1
0
1
1
4
2
19044
0
1
11
134217728
4000
250
85
0
1
0
1
0
0
1
1
1
8
4
19073
0
1
12
134217728
4000
100
11
1
1
0
1
0
0
1
0
1
1
2
2
19100
0
1
12
67108864
4000
500
52
1
1
0
1
0
0
1
0
1
1
4
2
19128
0
1
11
67108864
4000
500
36
0
1
0
1
0
0
1
1
1
4
2
19153
0
1
11
268435456
2000
500
66
0
1
0
1
0
0
1
1
1
8
4
19178
0
1
12
67108864
2000
50
22
1
1
0
1
0
0
1
0
1
1
4
4
19204
0
1
11
67108864
1000
250
64
0
1
0
1
0
0
1
1
1
4
2
19220
0
1
11
268435456
2000
500
16
0
1
0
1
0
0
1
1
1
2
1
19240
0
1
11
134217728
2000
1000
54
0
1
0
1
0
0
1
1
1
1
1
19263
0
1
11
67108864
1000
250
76
0
1
0
1
0
0
1
1
1
8
1
19273
0
1
11
134217728
4000
100
12
0
1
0
1
0
0
1
1
1
2
1
19302
0
1
11
134217728
4000
50
72
0
1
0
1
0
0
1
1
1
2
1
19315
0
1
11
268435456
3000
100
6
0
1
0
1
0
0
1
1
1
4
1
19337
0
1
11
67108864
2000
50
60
0
1
0
1
0
0
1
1
1
8
1
19353
0
1
11
134217728
3000
100
45
0
1
0
1
0
0
1
1
1
8
2
19382
0
1
11
268435456
3000
500
45
0
1
0
1
0
0
1
1
1
2
1
19405
0
1
12
67108864
1000
100
71
1
1
0
1
0
0
1
0
1
1
1
1
19427
0
1
11
134217728
1000
500
41
0
1
0
1
0
0
1
1
1
2
1
19451
0
1
11
268435456
3000
100
54
0
1
0
1
0
0
1
1
1
1
1
19476
0
1
11
268435456
1000
500
40
0
1
0
1
0
0
1
1
1
4
4
19497
0
1
11
268435456
3000
250
60
0
1
0
1
0
0
1
1
1
1
1
19524
0
1
12
268435456
2000
100
39
1
1
0
1
0
0
1
0
1
1
8
1
19530
0
1
12
134217728
3000
1000
57
1
1
0
1
0
0
1
0
1
1
2
1
19543
0
1
12
67108864
4000
500
74
1
1
0
1
0
0
1
0
1
1
1
1
19553
0
1
12
67108864
4000
100
43
1
1
0
1
0
0
1
0
1
1
8
1
19574
0
1
11
134217728
3000
1000
24
0
1
0
1
0
0
1
1
1
1
1
19576
0
1
12
67108864
1000
100
39
1
1
0
1
0
0
1
0
1
1
1
1
19580
0
1
11
268435456
3000
50
63
0
1
0
1
0
0
1
1
1
1
1
19589
0
1
12
67108864
4000
50
28
1
1
0
1
0
0
1
0
1
1
4
4
19591
0
1
11
134217728
1000
500
57
0
1
0
1
0
0
1
1
1
4
1
19613
0
1
11
268435456
3000
500
65
0
1
0
1
0
0
1
1
1
4
2
19630
0
1
12
67108864
3000
500
86
1
1
0
1
0
0
1
0
1
1
4
2
19634
0
1
12
268435456
3000
50
22
1
1
0
1
0
0
1
0
1
1
1
1
19654
0
1
12
268435456
3000
100
70
1
1
0
1
0
0
1
0
1
1
8
4
19658
0
1
11
268435456
3000
500
12
0
1
0
1
0
0
1
1
1
1
1
19660
0
1
11
134217728
1000
1000
71
0
1
0
1
0
0
1
1
1
1
1
19670
0
1
12
268435456
3000
100
36
1
1
0
1
0
0
1
0
1
1
1
1
19687
0
1
11
67108864
4000
100
48
0
1
0
1
0
0
1
1
1
1
1
19703
0
1
12
134217728
2000
250
73
1
1
0
1
0
0
1
0
1
1
4
2
19710
0
1
11
67108864
2000
500
61
0
1
0
1
0
0
1
1
1
1
1
19727
0
1
12
268435456
3000
250
85
1
1
0
1
0
0
1
0
1
1
2
1
19757
0
1
11
67108864
3000
250
58
0
1
0
1
0
0
1
1
1
8
1
19765
0
1
11
67108864
3000
100
64
0
1
0
1
0
0
1
1
1
2
2
19766
0
1
11
268435456
3000
250
66
0
1
0
1
0
0
1
1
1
8
4
19775
0
1
11
268435456
2000
500
21
0
1
0
1
0
0
1
1
1
8
4
19781
0
1
11
67108864
1000
250
38
0
1
0
1
0
0
1
1
1
8
4
19790
0
1
12
134217728
3000
250
26
1
1
0
1
0
0
1
0
1
1
2
1
19819
0
1
12
134217728
2000
250
97
1
1
0
1
0
0
1
0
1
1
8
1
19849
0
1
12
134217728
2000
50
6
1
1
0
1
0
0
1
0
1
1
4
4
19863
0
1
11
134217728
3000
500
80
0
1
0
1
0
0
1
1
1
2
1
19882
0
1
12
67108864
3000
50
64
1
1
0
1
0
0
1
0
1
1
2
1
19891
0
1
11
268435456
3000
50
54
0
1
0
1
0
0
1
1
1
8
8
19913
0
1
11
134217728
1000
50
66
0
1
0
1
0
0
1
1
1
2
1
19921
0
1
11
67108864
4000
50
45
0
1
0
1
0
0
1
1
1
2
1
19946
0
1
11
134217728
3000
250
7
0
1
0
1
0
0
1
1
1
2
1
19967
0
1
12
67108864
4000
500
65
1
1
0
1
0
0
1
0
1
1
1
1
19992
0
1
12
134217728
1000
100
79
1
1
0
1
0
0
1
0
1
1
8
2
20005
0
1
12
134217728
3000
250
84
1
1
0
1
0
0
1
0
1
1
1
1
20011
0
1
12
134217728
2000
50
29
1
1
0
1
0
0
1
0
1
1
2
1
20012
0
1
11
268435456
2000
250
13
0
1
0
1
0
0
1
1
1
1
1
20022
0
1
12
67108864
1000
50
69
1
1
0
1
0
0
1
0
1
1
1
1
20033
0
1
12
134217728
3000
1000
68
1
1
0
1
0
0
1
0
1
1
1
1
20053
0
1
11
134217728
3000
100
93
0
1
0
1
0
0
1
1
1
8
1
20068
0
1
11
67108864
4000
1000
5
0
1
0
1
0
0
1
1
1
1
1
20089
0
1
12
268435456
3000
250
74
1
1
0
1
0
0
1
0
1
1
8
2
20093
0
1
11
134217728
1000
250
34
0
1
0
1
0
0
1
1
1
4
1
20098
0
1
11
67108864
1000
100
6
0
1
0
1
0
0
1
1
1
4
2
20110
0
1
12
67108864
4000
500
11
1
1
0
1
0
0
1
0
1
1
2
1
20125
0
1
11
67108864
1000
50
44
0
1
0
1
0
0
1
1
1
2
1
20131
0
1
11
134217728
4000
1000
35
0
1
0
1
0
0
1
1
1
8
4
20133
0
1
12
134217728
4000
500
18
1
1
0
1
0
0
1
0
1
1
1
1
20144
0
1
11
67108864
1000
100
12
0
1
0
1
0
0
1
1
1
4
4
20147
0
1
12
268435456
1000
500
85
1
1
0
1
0
0
1
0
1
1
2
2
20151
0
1
11
134217728
3000
250
14
0
1
0
1
0
0
1
1
1
4
2
20163
0
1
12
268435456
3000
100
74
1
1
0
1
0
0
1
0
1
1
8
2
20181
0
1
12
67108864
1000
50
33
1
1
0
1
0
0
1
0
1
1
8
1
20199
0
1
12
134217728
4000
100
57
1
1
0
1
0
0
1
0
1
1
8
1
20227
0
1
11
268435456
3000
250
87
0
1
0
1
0
0
1
1
1
2
1
20248
0
1
11
268435456
1000
100
23
0
1
0
1
0
0
1
1
1
4
2
20258
0
1
11
134217728
1000
500
8
0
1
0
1
0
0
1
1
1
4
2
20279
0
1
12
134217728
1000
250
33
1
1
0
1
0
0
1
0
1
1
8
2
20285
0
1
11
67108864
1000
500
42
0
1
0
1
0
0
1
1
1
8
8
20308
0
1
12
268435456
2000
500
11
1
1
0
1
0
0
1
0
1
1
1
1
20315
0
1
12
268435456
1000
500
37
1
1
0
1
0
0
1
0
1
1
1
1
20316
0
1
11
134217728
2000
1000
40
0
1
0
1
0
0
1
1
1
8
4
20321
0
1
12
134217728
2000
1000
30
1
1
0
1
0
0
1
0
1
1
1
1
20327
0
1
11
67108864
3000
1000
70
0
1
0
1
0
0
1
1
1
4
4
20357
0
1
12
268435456
1000
250
91
1
1
0
1
0
0
1
0
1
1
2
1
20378
0
1
12
134217728
4000
1000
41
1
1
0
1
0
0
1
0
1
1
2
1
20396
0
1
12
134217728
2000
1000
85
1
1
0
1
0
0
1
0
1
1
4
2
20422
0
1
12
134217728
4000
1000
57
1
1
0
1
0
0
1
0
1
1
8
4
20425
0
1
12
134217728
4000
100
93
1
1
0
1
0
0
1
0
1
1
2
2
20455
0
1
11
67108864
3000
100
75
0
1
0
1
0
0
1
1
1
4
2
20484
0
1
11
134217728
4000
500
2
0
1
0
1
0
0
1
1
1
8
8
20505
0
1
11
268435456
2000
100
40
0
1
0
1
0
0
1
1
1
1
1
20520
0
1
12
268435456
2000
250
55
1
1
0
1
0
0
1
0
1
1
1
1
20524
0
1
12
268435456
3000
250
11
1
1
0
1
0
0
1
0
1
1
1
1
20550
0
1
11
134217728
3000
100
15
0
1
0
1
0
0
1
1
1
8
4
20563
0
1
11
134217728
3000
500
85
0
1
0
1
0
0
1
1
1
1
1
20586
0
1
11
134217728
3000
1000
55
0
1
0
1
0
0
1
1
1
1
1
20611
0
1
11
67108864
2000
100
28
0
1
0
1
0
0
1
1
1
1
1
20633
0
1
12
67108864
2000
1000
76
1
1
0
1
0
0
1
0
1
1
4
2
20659
0
1
11
268435456
3000
50
2
0
1
0
1
0
0
1
1
1
4
4
20664
0
1
11
268435456
3000
500
40
0
1
0
1
0
0
1
1
1
4
4
20688
0
1
11
134217728
4000
50
18
0
1
0
1
0
0
1
1
1
2
1
20717
0
1
11
268435456
3000
500
15
0
1
0
1
0
0
1
1
1
1
1
20745
0
1
11
268435456
2000
50
75
0
1
0
1
0
0
1
1
1
8
1
20775
0
1
11
134217728
3000
500
19
0
1
0
1
0
0
1
1
1
8
1
20801
0
1
12
67108864
1000
1000
65
1
1
0
1
0
0
1
0
1
1
8
1
20827
0
1
11
268435456
2000
50
94
0
1
0
1
0
0
1
1
1
1
1
20831
0
1
11
268435456
2000
50
90
0
1
0
1
0
0
1
1
1
2
1
20841
0
1
12
67108864
3000
500
64
1
1
0
1
0
0
1
0
1
1
2
1
20870
0
1
12
67108864
4000
500
84
1
1
0
1
0
0
1
0
1
1
2
1
20882
0
1
11
134217728
3000
250
16
0
1
0
1
0
0
1
1
1
4
1
20894
0
1
11
134217728
2000
1000
46
0
1
0
1
0
0
1
1
1
8
2
20922
0
1
11
134217728
4000
100
96
0
1
0
1
0
0
1
1
1
8
8
20930
0
1
11
134217728
2000
1000
18
0
1
0
1
0
0
1
1
1
1
1
20934
0
1
12
134217728
2000
500
95
1
1
0
1
0
0
1
0
1
1
8
2
20951
0
1
11
268435456
3000
500
44
0
1
0
1
0
0
1
1
1
2
2
20965
0
1
11
268435456
2000
50
9
0
1
0
1
0
0
1
1
1
1
1
20982
0
1
11
268435456
2000
500
49
0
1
0
1
0
0
1
1
1
2
2
20991
0
1
12
268435456
3000
500
67
1
1
0
1
0
0
1
0
1
1
8
4
21021
0
1
12
67108864
1000
500
50
1
1
0
1
0
0
1
0
1
1
2
1
21045
0
1
11
268435456
3000
500
98
0
1
0
1
0
0
1
1
1
1
1
21067
0
1
11
134217728
1000
250
21
0
1
0
1
0
0
1
1
1
4
1
21083
0
1
11
268435456
1000
100
45
0
1
0
1
0
0
1
1
1
1
1
21092
0
1
12
134217728
3000
500
0
1
1
0
1
0
0
1
0
1
1
8
2
21103
0
1
11
268435456
2000
100
8
0
1
0
1
0
0
1
1
1
4
2
21107
0
1
11
134217728
4000
500
7
0
1
0
1
0
0
1
1
1
4
4
21122
0
1
12
268435456
2000
500
89
1
1
0
1
0
0
1
0
1
1
1
1
21145
0
1
11
134217728
1000
100
1
0
1
0
1
0
0
1
1
1
8
1
21162
0
1
11
268435456
1000
500
55
0
1
0
1
0
0
1
1
1
1
1
21173
0
1
12
134217728
1000
250
92
1
1
0
1
0
0
1
0
1
1
2
1
21190
0
1
11
134217728
4000
50
88
0
1
0
1
0
0
1
1
1
4
1
21204
0
1
12
134217728
4000
100
46
1
1
0
1
0
0
1
0
1
1
8
4
21228
0
1
12
134217728
2000
1000
16
1
1
0
1
0
0
1
0
1
1
4
4
21244
0
1
12
268435456
3000
100
93
1
1
0
1
0
0
1
0
1
1
8
4
21259
0
1
12
67108864
3000
500
61
1
1
0
1
0
0
1
0
1
1
2
1
21266
0
1
12
268435456
3000
100
14
1
1
0
1
0
0
1
0
1
1
8
8
21284
0
1
11
134217728
1000
100
39
0
1
0
1
0
0
1
1
1
1
1
21306
0
1
11
67108864
3000
1000
1
0
1
0
1
0
0
1
1
1
2
2
21307
0
1
11
268435456
1000
250
88
0
1
0
1
0
0
1
1
1
2
1
21316
0
1
11
134217728
3000
100
45
0
1
0
1
0
0
1
1
1
4
4
21341
0
1
11
134217728
2000
500
23
0
1
0
1
0
0
1
1
1
2
1
21369
0
1
11
268435456
3000
100
86
0
1
0
1
0
0
1
1
1
1
1
21389
0
1
11
134217728
1000
250
61
0
1
0
1
0
0
1
1
1
8
4
21411
0
1
12
67108864
2000
1000
67
1
1
0
1
0
0
1
0
1
1
1
1
21427
0
1
11
67108864
1000
250
51
0
1
0
1
0
0
1
1
1
8
1
21431
0
1
11
134217728
3000
50
1
0
1
0
1
0
0
1
1
1
2
1
21449
0
1
11
134217728
1000
500
52
0
1
0
1
0
0
1
1
1
4
1
21451
0
1
12
67108864
3000
250
87
1
1
0
1
0
0
1
0
1
1
2
1
21460
0
1
12
134217728
3000
500
21
1
1
0
1
0
0
1
0
1
1
2
2
21474
0
1
11
134217728
4000
250
11
0
1
0
1
0
0
1
1
1
2
2
21494
0
1
11
134217728
3000
250
98
0
1
0
1
0
0
1
1
1
2
1
21495
0
1
12
67108864
2000
100
36
1
1
0
1
0
0
1
0
1
1
8
1
21507
0
1
12
134217728
3000
500
56
1
1
0
1
0
0
1
0
1
1
4
2
21510
0
1
12
134217728
4000
100
28
1
1
0
1
0
0
1
0
1
1
8
1
21534
0
1
12
134217728
2000
100
9
1
1
0
1
0
0
1
0
1
1
4
2
21554
0
1
12
67108864
3000
1000
10
1
1
0
1
0
0
1
0
1
1
4
4
21581
0
1
12
268435456
2000
50
21
1
1
0
1
0
0
1
0
1
1
8
1
21593
0
1
12
134217728
3000
500
29
1
1
0
1
0
0
1
0
1
1
1
1
21595
0
1
11
134217728
3000
1000
78
0
1
0
1
0
0
1
1
1
2
2
21620
0
1
12
134217728
1000
100
43
1
1
0
1
0
0
1
0
1
1
1
1
21636
0
1
11
67108864
2000
500
0
0
1
0
1
0
0
1
1
1
4
2
21645
0
1
11
67108864
1000
500
93
0
1
0
1
0
0
1
1
1
4
1
21659
0
1
11
268435456
3000
250
24
0
1
0
1
0
0
1
1
1
4
1
21673
0
1
11
67108864
4000
250
77
0
1
0
1
0
0
1
1
1
2
1
21693
0
1
12
268435456
3000
500
14
1
1
0
1
0
0
1
0
1
1
4
2
21715
0
1
11
134217728
4000
50
79
0
1
0
1
0
0
1
1
1
2
2
21726
0
1
11
67108864
1000
250
68
0
1
0
1
0
0
1
1
1
4
4
21737
0
1
12
134217728
1000
1000
61
1
1
0
1
0
0
1
0
1
1
4
4
21756
0
1
11
67108864
4000
50
46
0
1
0
1
0
0
1
1
1
1
1
21760
0
1
11
268435456
1000
50
30
0
1
0
1
0
0
1
1
1
8
1
21763
0
1
12
67108864
3000
50
93
1
1
0
1
0
0
1
0
1
1
8
8
21787
0
1
12
134217728
2000
500
43
1
1
0
1
0
0
1
0
1
1
8
1
21814
0
1
12
268435456
3000
500
34
1
1
0
1
0
0
1
0
1
1
1
1
21825
0
1
11
268435456
3000
500
91
0
1
0
1
0
0
1
1
1
4
4
21831
0
1
12
67108864
1000
50
67
1
1
0
1
0
0
1
0
1
1
8
4
21848
0
1
12
134217728
4000
1000
89
1
1
0
1
0
0
1
0
1
1
1
1
21865
0
1
11
134217728
4000
100
73
0
1
0
1
0
0
1
1
1
4
1
21874
0
1
12
134217728
4000
500
33
1
1
0
1
0
0
1
0
1
1
8
2
21879
0
1
12
268435456
2000
100
82
1
1
0
1
0
0
1
0
1
1
8
8
21908
0
1
11
134217728
4000
500
68
0
1
0
1
0
0
1
1
1
8
2
21910
0
1
12
134217728
4000
1000
90
1
1
0
1
0
0
1
0
1
1
4
2
21928
0
1
12
67108864
4000
1000
94
1
1
0
1
0
0
1
0
1
1
8
1
21950
0
1
11
134217728
3000
1000
14
0
1
0
1
0
0
1
1
1
2
2
21973
0
1
12
268435456
2000
100
96
1
1
0
1
0
0
1
0
1
1
8
8
21982
0
1
11
134217728
1000
250
63
0
1
0
1
0
0
1
1
1
8
2
22002
0
1
11
268435456
3000
50
20
0
1
0
1
0
0
1
1
1
2
2
22020
0
1
11
134217728
4000
1000
62
0
1
0
1
0
0
1
1
1
8
1
22029
0
1
12
134217728
1000
100
12
1
1
0
1
0
0
1
0
1
1
1
1
22058
0
1
11
268435456
1000
50
43
0
1
0
1
0
0
1
1
1
2
1
22060
0
1
11
268435456
2000
100
98
0
1
0
1
0
0
1
1
1
2
2
22063
0
1
11
268435456
3000
100
97
0
1
0
1
0
0
1
1
1
4
1
22089
0
1
11
268435456
3000
250
49
0
1
0
1
0
0
1
1
1
1
1
22098
0
1
11
67108864
2000
100
84
0
1
0
1
0
0
1
1
1
8
4
22105
0
1
11
268435456
2000
50
62
0
1
0
1
0
0
1
1
1
4
4
22126
0
1
11
67108864
3000
50
70
0
1
0
1
0
0
1
1
1
2
2
22129
0
1
12
67108864
1000
500
33
1
1
0
1
0
0
1
0
1
1
4
4
22147
0
1
11
268435456
3000
250
26
0
1
0
1
0
0
1
1
1
8
1
22164
0
1
11
134217728
4000
500
72
0
1
0
1
0
0
1
1
1
2
1
22192
0
1
12
67108864
1000
100
39
1
1
0
1
0
0
1
0
1
1
2
2
22209
0
1
11
67108864
3000
50
51
0
1
0
1
0
0
1
1
1
1
1
22226
0
1
12
268435456
3000
500
66
1
1
0
1
0
0
1
0
1
1
2
1
22249
0
1
11
67108864
2000
1000
94
0
1
0
1
0
0
1
1
1
8
2
22273
0
1
12
67108864
3000
500
19
1
1
0
1
0
0
1
0
1
1
2
1
22277
0
1
12
134217728
4000
50
67
1
1
0
1
0
0
1
0
1
1
4
4
22281
0
1
11
268435456
2000
100
46
0
1
0
1
0
0
1
1
1
2
1
22295
0
1
12
134217728
4000
500
88
1
1
0
1
0
0
1
0
1
1
4
2
22303
0
1
12
134217728
4000
1000
42
1
1
0
1
0
0
1
0
1
1
1
1
22306
0
1
11
134217728
3000
50
39
0
1
0
1
0
0
1
1
1
8
8
22321
0
1
12
268435456
3000
50
59
1
1
0
1
0
0
1
0
1
1
1
1
22347
0
1
12
67108864
3000
1000
20
1
1
0
1
0
0
1
0
1
1
8
1
22356
0
1
11
67108864
2000
50
36
0
1
0
1
0
0
1
1
1
2
1
22371
0
1
11
67108864
3000
1000
61
0
1
0
1
0
0
1
1
1
8
4
22398
0
1
12
134217728
3000
50
24
1
1
0
1
0
0
1
0
1
1
8
4
22400
0
1
12
134217728
2000
500
79
1
1
0
1
0
0
1
0
1
1
2
2
22418
0
1
11
67108864
4000
250
96
0
1
0
1
0
0
1
1
1
4
1
22445
0
1
11
268435456
3000
500
58
0
1
0
1
0
0
1
1
1
1
1
22457
0
1
12
268435456
1000
100
83
1
1
0
1
0
0
1
0
1
1
4
4
22487
0
1
12
268435456
3000
500
52
1
1
0
1
0
0
1
0
1
1
1
1
22492
0
1
11
67108864
3000
1000
73
0
1
0
1
0
0
1
1
1
8
4
22497
0
1
11
268435456
2000
250
44
0
1
0
1
0
0
1
1
1
1
1
22521
0
1
12
268435456
3000
100
69
1
1
0
1
0
0
1
0
1
1
8
1
22532
0
1
11
268435456
3000
500
6
0
1
0
1
0
0
1
1
1
2
1
22551
0
1
12
67108864
1000
250
70
1
1
0
1
0
0
1
0
1
1
2
2
22557
0
1
11
268435456
2000
100
19
0
1
0
1
0
0
1
1
1
1
1
22568
0
1
12
67108864
3000
1000
98
1
1
0
1
0
0
1
0
1
1
4
4
22587
0
1
12
268435456
3000
500
37
1
1
0
1
0
0
1
0
1
1
2
2
22616
0
1
12
134217728
2000
250
39
1
1
0
1
0
0
1
0
1
1
4
2
22625
0
1
12
134217728
1000
100
93
1
1
0
1
0
0
1
0
1
1
4
1
22629
0
1
12
134217728
4000
250
95
1
1
0
1
0
0
1
0
1
1
2
1
22633
0
1
12
67108864
3000
50
84
1
1
0
1
0
0
1
0
1
1
4
2
22636
0
1
12
268435456
1000
500
6
1
1
0
1
0
0
1
0
1
1
4
2
22659
0
1
12
67108864
2000
1000
46
1
1
0
1
0
0
1
0
1
1
4
2
22688
0
1
12
67108864
1000
500
27
1
1
0
1
0
0
1
0
1
1
8
2
22703
0
1
11
268435456
2000
500
62
0
1
0
1
0
0
1
1
1
4
4
22724
0
1
12
134217728
4000
100
19
1
1
0
1
0
0
1
0
1
1
8
1
22734
0
1
11
67108864
4000
100
86
0
1
0
1
0
0
1
1
1
2
2
22739
0
1
12
268435456
1000
500
57
1
1
0
1
0
0
1
0
1
1
8
1
22752
0
1
12
67108864
1000
100
82
1
1
0
1
0
0
1
0
1
1
4
1
22763
0
1
12
134217728
1000
100
58
1
1
0
1
0
0
1
0
1
1
1
1
22788
0
1
11
268435456
3000
100
64
0
1
0
1
0
0
1
1
1
1
1
22798
0
1
12
268435456
3000
500
17
1
1
0
1
0
0
1
0
1
1
4
4
22805
0
1
11
268435456
3000
100
54
0
1
0
1
0
0
1
1
1
1
1
22821
0
1
12
134217728
1000
1000
71
1
1
0
1
0
0
1
0
1
1
1
1
22834
0
1
11
268435456
3000
250
42
0
1
0
1
0
0
1
1
1
4
2
22850
0
1
11
268435456
1000
250
94
0
1
0
1
0
0
1
1
1
4
1
22851
0
1
11
134217728
1000
100
4
0
1
0
1
0
0
1
1
1
4
2
22868
0
1
12
268435456
2000
500
78
1
1
0
1
0
0
1
0
1
1
8
1
22872
0
1
11
67108864
1000
50
63
0
1
0
1
0
0
1
1
1
1
1
22880
0
1
12
134217728
3000
1000
56
1
1
0
1
0
0
1
0
1
1
1
1
22890
0
1
12
268435456
2000
500
49
1
1
0
1
0
0
1
0
1
1
2
2
22898
0
1
12
67108864
4000
100
89
1
1
0
1
0
0
1
0
1
1
4
2
22907
0
1
12
268435456
3000
500
55
1
1
0
1
0
0
1
0
1
1
1
1
22913
0
1
12
134217728
1000
100
53
1
1
0
1
0
0
1
0
