1500

1
1
4
2
2
0
2
10
268435456
1000
500
10
1
0
1
0
0
1

1
1
2
1
28
0
0
9
67108864
4000
500
1
0
1
0
0
1

1
1
2
1
30
0
0
9
134217728
4000
1000
1
0
1
0
0
1

1
1
8
1
58
0
2
10
67108864
1000
500
1000
1
0
1
0
0
1

1
1
4
2
65
0
1
11
67108864
4000
50
81
0
1
0
1
0
0
1
1
1
8
1
67
0
0
9
67108864
4000
50
1
0
1
0
0
1

1
1
1
1
68
0
0
9
134217728
1000
50
1
0
1
0
0
1

1
1
1
1
80
0
0
9
268435456
3000
500
1
0
1
0
0
1

1
1
4
2
107
0
1
12
268435456
2000
500
30
1
1
0
1
0
0
1
0
1
1
1
1
133
0
1
11
67108864
4000
1000
63
0
1
0
1
0
0
1
1
1
2
1
156
0
0
9
134217728
4000
50
1
0
1
0
0
1

1
1
1
1
177
0
1
11
67108864
3000
1000
40
0
1
0
1
0
0
1
1
1
4
2
194
0
1
11
268435456
2000
500
25
0
1
0
1
0
0
1
1
1
4
1
205
0
1
12
67108864
2000
50
3
1
1
0
1
0
0
1
0
1
1
4
4
232
0
0
9
268435456
3000
500
1
0
1
0
0
1

1
1
8
4
261
0
2
10
134217728
1000
1000
1000
1
0
1
0
0
1

1
1
1
1
264
0
0
9
67108864
4000
500
1
0
1
0
0
1

1
1
4
4
287
0
1
12
67108864
1000
500
46
1
1
0
1
0
0
1
0
1
1
2
1
307
0
1
12
268435456
1000
100
44
1
1
0
1
0
0
1
0
1
1
1
1
324
0
1
11
134217728
2000
1000
91
0
1
0
1
0
0
1
1
1
2
1
342
0
0
9
268435456
3000
500
1
0
1
0
0
1

1
1
4
4
368
0
2
10
67108864
3000
50
10
1
0
1
0
0
1

1
1
8
4
386
0
0
9
67108864
1000
500
1
0
1
0
0
1

1
1
4
4
397
0
1
11
268435456
2000
250
2
0
1
0
1
0
0
1
1
1
8
8
398
0
1
11
134217728
3000
100
87
0
1
0
1
0
0
1
1
1
8
4
414
0
1
12
134217728
2000
250
24
1
1
0
1
0
0
1
0
1
1
8
8
443
0
1
12
134217728
2000
500
84
1
1
0
1
0
0
1
0
1
1
4
2
444
0
1
11
268435456
1000
250
39
0
1
0
1
0
0
1
1
1
2
1
446
0
1
11
67108864
3000
50
52
0
1
0
1
0
0
1
1
1
4
2
450
0
0
9
268435456
3000
100
1
0
1
0
0
1

1
1
1
1
460
0
2
10
268435456
3000
250
1
1
0
1
0
0
1

1
1
1
1
470
0
0
9
268435456
3000
500
1
0
1
0
0
1

1
1
4
2
480
0
1
11
134217728
3000
250
67
0
1
0
1
0
0
1
1
1
2
1
496
0
2
10
268435456
3000
500
1
1
0
1
0
0
1

1
1
1
1
510
0
2
10
67108864
2000
100
1
1
0
1
0
0
1

1
1
2
2
539
0
1
11
67108864
4000
50
76
0
1
0
1
0
0
1
1
1
1
1
540
0
2
10
268435456
1000
100
5
1
0
1
0
0
1

1
1
2
1
556
0
0
9
67108864
4000
500
1
0
1
0
0
1

1
1
1
1
574
0
0
9
268435456
2000
500
1
0
1
0
0
1

1
1
1
1
596
0
2
10
134217728
4000
250
5
1
0
1
0
0
1

1
1
1
1
606
0
1
11
134217728
1000
50
84
0
1
0
1
0
0
1
1
1
2
1
609
0
0
9
67108864
1000
50
1
0
1
0
0
1

1
1
8
1
614
0
1
12
268435456
3000
500
60
1
1
0
1
0
0
1
0
1
1
4
2
643
0
2
10
268435456
2000
50
100
1
0
1
0
0
1

1
1
2
1
672
0
0
9
67108864
2000
1000
1
0
1
0
0
1

1
1
2
1
674
0
0
9
134217728
2000
100
1
0
1
0
0
1

1
1
2
1
693
0
2
10
268435456
1000
100
100
1
0
1
0
0
1

1
1
2
2
701
0
2
10
268435456
3000
500
5
1
0
1
0
0
1

1
1
8
8
715
0
1
11
67108864
2000
1000
50
0
1
0
1
0
0
1
1
1
2
1
718
0
2
10
268435456
3000
50
5
1
0
1
0
0
1

1
1
8
4
723
0
0
9
268435456
3000
500
1
0
1
0
0
1

1
1
1
1
739
0
0
9
67108864
4000
500
1
0
1
0
0
1

1
1
4
4
744
0
2
10
134217728
4000
50
1
1
0
1
0
0
1

1
1
1
1
760
0
0
9
268435456
1000
250
1
0
1
0
0
1

1
1
2
1
783
0
1
11
268435456
1000
500
23
0
1
0
1
0
0
1
1
1
4
4
803
0
2
10
134217728
1000
100
10
1
0
1
0
0
1

1
1
1
1
823
0
0
9
268435456
1000
500
1
0
1
0
0
1

1
1
2
1
834
0
0
9
134217728
1000
100
1
0
1
0
0
1

1
1
2
1
844
0
1
12
268435456
2000
250
97
1
1
0
1
0
0
1
0
1
1
2
1
850
0
2
10
268435456
1000
250
5
1
0
1
0
0
1

1
1
1
1
870
0
1
12
134217728
3000
500
49
1
1
0
1
0
0
1
0
1
1
1
1
890
0
2
10
268435456
3000
250
1
1
0
1
0
0
1

1
1
8
1
905
0
1
11
67108864
3000
500
23
0
1
0
1
0
0
1
1
1
4
1
934
0
1
11
268435456
3000
250
17
0
1
0
1
0
0
1
1
1
4
2
954
0
2
10
67108864
1000
500
10
1
0
1
0
0
1

1
1
4
2
973
0
1
11
67108864
4000
250
77
0
1
0
1
0
0
1
1
1
2
2
974
0
2
10
268435456
1000
500
1
1
0
1
0
0
1

1
1
1
1
984
0
2
10
134217728
1000
500
1000
1
0
1
0
0
1

1
1
8
8
997
0
0
9
67108864
1000
1000
1
0
1
0
0
1

1
1
4
2
1020
0
1
12
268435456
2000
500
67
1
1
0
1
0
0
1
0
1
1
2
1
1043
0
0
9
67108864
1000
50
1
0
1
0
0
1

1
1
2
1
1054
0
2
10
268435456
3000
500
1
1
0
1
0
0
1

1
1
8
1
1063
0
1
11
134217728
4000
500
25
0
1
0
1
0
0
1
1
1
8
1
1069
0
2
10
134217728
3000
250
100
1
0
1
0
0
1

1
1
2
2
1081
0
2
10
134217728
4000
250
100
1
0
1
0
0
1

1
1
2
1
1107
0
0
9
268435456
1000
250
1
0
1
0
0
1

1
1
4
2
1123
0
0
9
134217728
3000
500
1
0
1
0
0
1

1
1
4
2
1129
0
0
9
67108864
2000
250
1
0
1
0
0
1

1
1
8
1
1130
0
2
10
134217728
4000
500
5
1
0
1
0
0
1

1
1
2
1
1148
0
2
10
67108864
1000
500
5
1
0
1
0
0
1

1
1
2
2
1173
0
2
10
268435456
2000
100
100
1
0
1
0
0
1

1
1
4
1
1198
0
0
9
67108864
1000
250
1
0
1
0
0
1

1
1
4
2
1212
0
1
12
67108864
2000
250
50
1
1
0
1
0
0
1
0
1
1
2
1
1235
0
2
10
67108864
1000
50
100
1
0
1
0
0
1

1
1
8
4
1237
0
1
12
268435456
3000
500
0
1
1
0
1
0
0
1
0
1
1
2
2
1260
0
2
10
134217728
4000
250
5
1
0
1
0
0
1

1
1
8
1
1271
0
2
10
134217728
4000
100
5
1
0
1
0
0
1

1
1
1
1
1291
0
0
9
134217728
1000
500
1
0
1
0
0
1

1
1
4
2
1318
0
1
12
134217728
3000
1000
86
1
1
0
1
0
0
1
0
1
1
2
1
1347
0
1
12
268435456
3000
50
57
1
1
0
1
0
0
1
0
1
1
1
1
1349
0
2
10
67108864
2000
250
1
1
0
1
0
0
1

1
1
4
2
1369
0
2
10
134217728
4000
100
1000
1
0
1
0
0
1

1
1
8
1
1382
0
0
9
67108864
2000
50
1
0
1
0
0
1

1
1
8
8
1397
0
1
12
134217728
4000
500
85
1
1
0
1
0
0
1
0
1
1
1
1
1424
0
0
9
134217728
1000
250
1
0
1
0
0
1

1
1
4
4
1430
0
1
11
67108864
2000
1000
48
0
1
0
1
0
0
1
1
1
4
2
1433
0
2
10
134217728
1000
50
100
1
0
1
0
0
1

1
1
2
1
1445
0
1
11
134217728
1000
1000
54
0
1
0
1
0
0
1
1
1
8
1
1472
0
1
12
134217728
2000
500
44
1
1
0
1
0
0
1
0
1
1
8
2
1486
0
2
10
67108864
4000
250
5
1
0
1
0
0
1

1
1
2
1
1497
0
1
11
268435456
3000
500
17
0
1
0
1
0
0
1
1
1
4
4
1499
0
1
11
134217728
4000
500
43
0
1
0
1
0
0
1
1
1
2
1
1514
0
0
9
67108864
3000
500
1
0
1
0
0
1

1
1
4
2
1539
0
2
10
134217728
1000
50
5
1
0
1
0
0
1

1
1
2
1
1561
0
0
9
67108864
1000
100
1
0
1
0
0
1

1
1
4
4
1574
0
0
9
67108864
1000
50
1
0
1
0
0
1

1
1
2
2
1583
0
0
9
268435456
3000
100
1
0
1
0
0
1

1
1
1
1
1602
0
0
9
268435456
2000
100
1
0
1
0
0
1

1
1
1
1
1615
0
1
12
134217728
4000
1000
53
1
1
0
1
0
0
1
0
1
1
8
1
1644
0
1
11
134217728
1000
1000
20
0
1
0
1
0
0
1
1
1
1
1
1658
0
2
10
134217728
1000
100
1
1
0
1
0
0
1

1
1
4
2
1671
0
1
12
134217728
2000
1000
16
1
1
0
1
0
0
1
0
1
1
4
1
1678
0
2
10
268435456
2000
50
5
1
0
1
0
0
1

1
1
1
1
1684
0
0
9
67108864
1000
500
1
0
1
0
0
1

1
1
2
2
1690
0
2
10
67108864
4000
1000
1000
1
0
1
0
0
1

1
1
8
1
1702
0
0
9
268435456
2000
500
1
0
1
0
0
1

1
1
1
1
1720
0
0
9
268435456
2000
100
1
0
1
0
0
1

1
1
8
1
1730
0
2
10
134217728
4000
500
5
1
0
1
0
0
1

1
1
8
4
1732
0
1
11
268435456
3000
500
53
0
1
0
1
0
0
1
1
1
1
1
1738
0
1
12
67108864
1000
1000
20
1
1
0
1
0
0
1
0
1
1
8
1
1758
0
0
9
67108864
4000
250
1
0
1
0
0
1

1
1
4
2
1764
0
2
10
268435456
1000
500
1
1
0
1
0
0
1

1
1
8
2
1775
0
0
9
67108864
4000
100
1
0
1
0
0
1

1
1
1
1
1786
0
1
12
134217728
4000
500
18
1
1
0
1
0
0
1
0
1
1
2
1
1796
0
0
9
67108864
4000
50
1
0
1
0
0
1

1
1
4
2
1803
0
2
10
268435456
2000
500
10
1
0
1
0
0
1

1
1
2
2
1833
0
2
10
268435456
2000
50
100
1
0
1
0
0
1

1
1
8
8
1863
0
0
9
268435456
3000
50
1
0
1
0
0
1

1
1
1
1
1892
0
1
11
134217728
3000
500
11
0
1
0
1
0
0
1
1
1
8
8
1899
0
1
11
67108864
4000
100
68
0
1
0
1
0
0
1
1
1
8
2
1903
0
2
10
268435456
3000
50
1000
1
0
1
0
0
1

1
1
2
2
1911
0
0
9
268435456
3000
50
1
0
1
0
0
1

1
1
8
2
1925
0
0
9
134217728
3000
50
1
0
1
0
0
1

1
1
2
1
1928
0
0
9
134217728
3000
250
1
0
1
0
0
1

1
1
1
1
1945
0
2
10
134217728
3000
50
1000
1
0
1
0
0
1

1
1
8
2
1969
0
2
10
134217728
3000
250
1
1
0
1
0
0
1

1
1
4
1
1983
0
2
10
67108864
1000
1000
100
1
0
1
0
0
1

1
1
2
1
1997
0
0
9
268435456
1000
50
1
0
1
0
0
1

1
1
1
1
2016
0
0
9
67108864
2000
250
1
0
1
0
0
1

1
1
1
1
2042
0
0
9
268435456
2000
50
1
0
1
0
0
1

1
1
8
8
2045
0
0
9
268435456
3000
500
1
0
1
0
0
1

1
1
2
2
2067
0
2
10
134217728
4000
100
1000
1
0
1
0
0
1

1
1
1
1
2096
0
1
11
67108864
3000
500
53
0
1
0
1
0
0
1
1
1
8
8
2100
0
1
12
268435456
1000
100
88
1
1
0
1
0
0
1
0
1
1
4
1
2108
0
2
10
134217728
3000
250
1000
1
0
1
0
0
1

1
1
4
2
2117
0
2
10
67108864
2000
50
10
1
0
1
0
0
1

1
1
4
2
2136
0
2
10
134217728
2000
50
100
1
0
1
0
0
1

1
1
4
4
2165
0
1
11
268435456
2000
100
98
0
1
0
1
0
0
1
1
1
2
2
2193
0
0
9
268435456
3000
500
1
0
1
0
0
1

1
1
8
1
2200
0
1
12
67108864
3000
100
39
1
1
0
1
0
0
1
0
1
1
1
1
2221
0
2
10
268435456
3000
100
100
1
0
1
0
0
1

1
1
4
1
2227
0
0
9
134217728
3000
500
1
0
1
0
0
1

1
1
1
1
2238
0
1
11
134217728
3000
500
16
0
1
0
1
0
0
1
1
1
4
2
2263
0
0
9
268435456
1000
500
1
0
1
0
0
1

1
1
2
1
2268
0
0
9
268435456
3000
500
1
0
1
0
0
1

1
1
1
1
2290
0
2
10
67108864
2000
250
1
1
0
1
0
0
1

1
1
8
4
2295
0
1
11
67108864
4000
250
19
0
1
0
1
0
0
1
1
1
4
2
2319
0
0
9
67108864
3000
1000
1
0
1
0
0
1

1
1
1
1
2324
0
0
9
67108864
2000
500
1
0
1
0
0
1

1
1
2
1
2349
0
2
10
67108864
2000
250
100
1
0
1
0
0
1

1
1
2
1
2360
0
0
9
67108864
4000
500
1
0
1
0
0
1

1
1
8
8
2383
0
1
11
134217728
3000
100
23
0
1
0
1
0
0
1
1
1
2
1
2406
0
1
12
268435456
3000
100
27
1
1
0
1
0
0
1
0
1
1
1
1
2410
0
1
12
67108864
1000
50
49
1
1
0
1
0
0
1
0
1
1
2
2
2426
0
0
9
67108864
2000
1000
1
0
1
0
0
1

1
1
4
2
2447
0
2
10
268435456
3000
250
1
1
0
1
0
0
1

1
1
8
1
2471
0
1
12
134217728
4000
1000
13
1
1
0
1
0
0
1
0
1
1
4
2
2483
0
2
10
67108864
3000
250
1
1
0
1
0
0
1

1
1
8
4
2508
0
2
10
67108864
2000
50
1
1
0
1
0
0
1

1
1
8
4
2518
0
0
9
67108864
2000
1000
1
0
1
0
0
1

1
1
1
1
2521
0
0
9
134217728
3000
50
1
0
1
0
0
1

1
1
8
8
2550
0
0
9
67108864
4000
250
1
0
1
0
0
1

1
1
2
1
2579
0
0
9
268435456
2000
50
1
0
1
0
0
1

1
1
8
4
2604
0
1
11
268435456
3000
100
47
0
1
0
1
0
0
1
1
1
8
4
2605
0
2
10
268435456
1000
100
10
1
0
1
0
0
1

1
1
8
1
2623
0
0
9
134217728
1000
1000
1
0
1
0
0
1

1
1
4
2
2631
0
0
9
134217728
2000
250
1
0
1
0
0
1

1
1
8
2
2659
0
2
10
268435456
3000
500
5
1
0
1
0
0
1

1
1
2
2
2669
0
2
10
67108864
2000
50
5
1
0
1
0
0
1

1
1
1
1
2683
0
0
9
67108864
1000
50
1
0
1
0
0
1

1
1
1
1
2712
0
2
10
268435456
2000
250
100
1
0
1
0
0
1

1
1
4
2
2713
0
0
9
134217728
2000
250
1
0
1
0
0
1

1
1
1
1
2737
0
0
9
268435456
2000
50
1
0
1
0
0
1

1
1
8
1
2757
0
1
11
67108864
3000
250
89
0
1
0
1
0
0
1
1
1
2
1
2760
0
0
9
134217728
2000
1000
1
0
1
0
0
1

1
1
1
1
2788
0
1
11
134217728
3000
1000
90
0
1
0
1
0
0
1
1
1
2
1
2803
0
0
9
134217728
3000
500
1
0
1
0
0
1

1
1
4
4
2805
0
1
11
67108864
2000
250
38
0
1
0
1
0
0
1
1
1
4
2
2825
0
1
12
134217728
2000
100
5
1
1
0
1
0
0
1
0
1
1
1
1
2840
0
0
9
268435456
3000
50
1
0
1
0
0
1

1
1
1
1
2849
0
2
10
67108864
1000
100
10
1
0
1
0
0
1

1
1
8
2
2858
0
2
10
134217728
3000
100
100
1
0
1
0
0
1

1
1
1
1
2885
0
1
11
134217728
2000
50
68
0
1
0
1
0
0
1
1
1
2
2
2915
0
0
9
67108864
3000
1000
1
0
1
0
0
1

1
1
8
1
2918
0
1
11
134217728
2000
500
20
0
1
0
1
0
0
1
1
1
1
1
2926
0
1
11
134217728
4000
500
32
0
1
0
1
0
0
1
1
1
8
2
2927
0
1
12
268435456
1000
100
3
1
1
0
1
0
0
1
0
1
1
1
1
2947
0
2
10
134217728
1000
100
100
1
0
1
0
0
1

1
1
4
2
2951
0
1
11
134217728
3000
1000
88
0
1
0
1
0
0
1
1
1
1
1
2971
0
1
12
134217728
1000
100
84
1
1
0
1
0
0
1
0
1
1
1
1
2975
0
2
10
268435456
3000
500
10
1
0
1
0
0
1

1
1
8
1
2979
0
0
9
268435456
3000
250
1
0
1
0
0
1

1
1
4
4
2991
0
1
11
268435456
1000
50
7
0
1
0
1
0
0
1
1
1
4
4
3008
0
0
9
134217728
1000
500
1
0
1
0
0
1

1
1
8
2
3030
0
1
12
268435456
2000
50
57
1
1
0
1
0
0
1
0
1
1
2
1
3043
0
1
11
268435456
1000
250
34
0
1
0
1
0
0
1
1
1
1
1
3044
0
0
9
67108864
3000
50
1
0
1
0
0
1

1
1
2
1
3071
0
2
10
268435456
1000
100
1000
1
0
1
0
0
1

1
1
2
1
3091
0
2
10
67108864
2000
250
1000
1
0
1
0
0
1

1
1
2
2
3115
0
0
9
67108864
3000
50
1
0
1
0
0
1

1
1
8
4
3127
0
0
9
268435456
2000
250
1
0
1
0
0
1

1
1
2
1
3156
0
2
10
268435456
2000
250
10
1
0
1
0
0
1

1
1
1
1
3182
0
1
12
268435456
3000
100
61
1
1
0
1
0
0
1
0
1
1
2
1
3198
0
1
11
134217728
2000
250
41
0
1
0
1
0
0
1
1
1
2
1
3214
0
2
10
134217728
1000
500
10
1
0
1
0
0
1

1
1
1
1
3224
0
1
12
134217728
3000
250
11
1
1
0
1
0
0
1
0
1
1
1
1
3237
0
0
9
268435456
3000
50
1
0
1
0
0
1

1
1
8
1
3254
0
2
10
134217728
4000
100
10
1
0
1
0
0
1

1
1
2
1
3281
0
2
10
134217728
4000
1000
10
1
0
1
0
0
1

1
1
8
2
3311
0
2
10
268435456
2000
50
1000
1
0
1
0
0
1

1
1
8
1
3339
0
0
9
134217728
1000
500
1
0
1
0
0
1

1
1
4
1
3359
0
0
9
134217728
1000
250
1
0
1
0
0
1

1
1
1
1
3376
0
0
9
268435456
3000
250
1
0
1
0
0
1

1
1
1
1
3380
0
0
9
134217728
1000
250
1
0
1
0
0
1

1
1
2
1
3382
0
2
10
268435456
1000
100
100
1
0
1
0
0
1

1
1
1
1
3402
0
1
11
134217728
1000
100
40
0
1
0
1
0
0
1
1
1
8
4
3418
0
0
9
268435456
3000
250
1
0
1
0
0
1

1
1
8
2
3448
0
2
10
134217728
2000
50
10
1
0
1
0
0
1

1
1
8
4
3451
0
0
9
67108864
1000
50
1
0
1
0
0
1

1
1
1
1
3467
0
0
9
134217728
4000
50
1
0
1
0
0
1

1
1
4
1
3493
0
1
12
134217728
2000
250
58
1
1
0
1
0
0
1
0
1
1
1
1
3506
0
2
10
268435456
1000
500
100
1
0
1
0
0
1

1
1
4
2
3525
0
2
10
67108864
2000
1000
5
1
0
1
0
0
1

1
1
1
1
3538
0
1
12
268435456
3000
250
20
1
1
0
1
0
0
1
0
1
1
1
1
3547
0
0
9
67108864
3000
1000
1
0
1
0
0
1

1
1
2
1
3570
0
1
12
134217728
3000
50
47
1
1
0
1
0
0
1
0
1
1
8
1
3585
0
1
12
67108864
2000
500
64
1
1
0
1
0
0
1
0
1
1
2
1
3589
0
1
12
67108864
1000
250
4
1
1
0
1
0
0
1
0
1
1
4
2
3617
0
0
9
67108864
1000
50
1
0
1
0
0
1

1
1
2
1
3646
0
2
10
268435456
2000
500
10
1
0
1
0
0
1

1
1
4
2
3653
0
1
12
134217728
2000
1000
30
1
1
0
1
0
0
1
0
1
1
8
4
3681
0
1
12
67108864
2000
250
16
1
1
0
1
0
0
1
0
1
1
8
2
3696
0
0
9
134217728
2000
500
1
0
1
0
0
1

1
1
8
8
3711
0
0
9
134217728
3000
250
1
0
1
0
0
1

1
1
2
1
3717
0
2
10
67108864
4000
1000
1000
1
0
1
0
0
1

1
1
1
1
3720
0
0
9
268435456
2000
250
1
0
1
0
0
1

1
1
4
2
3734
0
1
11
268435456
1000
100
3
0
1
0
1
0
0
1
1
1
2
1
3742
0
2
10
134217728
1000
100
1
1
0
1
0
0
1

1
1
1
1
3752
0
1
11
67108864
2000
50
69
0
1
0
1
0
0
1
1
1
2
2
3756
0
1
12
134217728
4000
1000
70
1
1
0
1
0
0
1
0
1
1
8
2
3760
0
2
10
134217728
2000
50
100
1
0
1
0
0
1

1
1
4
2
3762
0
2
10
67108864
4000
250
10
1
0
1
0
0
1

1
1
2
1
3779
0
2
10
134217728
1000
100
1000
1
0
1
0
0
1

1
1
8
2
3791
0
1
12
67108864
1000
1000
35
1
1
0
1
0
0
1
0
1
1
2
1
3817
0
2
10
67108864
2000
1000
1000
1
0
1
0
0
1

1
1
2
1
3828
0
1
12
67108864
2000
500
64
1
1
0
1
0
0
1
0
1
1
1
1
3837
0
1
12
67108864
3000
50
93
1
1
0
1
0
0
1
0
1
1
1
1
3856
0
1
12
268435456
3000
100
69
1
1
0
1
0
0
1
0
1
1
1
1
3870
0
2
10
67108864
4000
100
10
1
0
1
0
0
1

1
1
4
1
3900
0
0
9
67108864
2000
100
1
0
1
0
0
1

1
1
1
1
3919
0
1
12
268435456
1000
100
27
1
1
0
1
0
0
1
0
1
1
8
8
3946
0
1
12
134217728
4000
50
75
1
1
0
1
0
0
1
0
1
1
1
1
3961
0
2
10
67108864
2000
500
100
1
0
1
0
0
1

1
1
1
1
3988
0
0
9
268435456
1000
500
1
0
1
0
0
1

1
1
8
1
3998
0
1
12
67108864
2000
50
4
1
1
0
1
0
0
1
0
1
1
2
2
4018
0
1
12
134217728
2000
250
96
1
1
0
1
0
0
1
0
1
1
2
1
4020
0
1
11
268435456
3000
500
65
0
1
0
1
0
0
1
1
1
4
1
4046
0
1
12
134217728
1000
1000
90
1
1
0
1
0
0
1
0
1
1
8
4
4061
0
0
9
67108864
2000
50
1
0
1
0
0
1

1
1
1
1
4082
0
2
10
67108864
2000
50
5
1
0
1
0
0
1

1
1
1
1
4110
0
1
12
134217728
2000
50
50
1
1
0
1
0
0
1
0
1
1
8
8
4126
0
0
9
67108864
1000
100
1
0
1
0
0
1

1
1
2
1
4134
0
0
9
134217728
1000
50
1
0
1
0
0
1

1
1
2
1
4140
0
1
12
67108864
3000
250
27
1
1
0
1
0
0
1
0
1
1
1
1
4144
0
0
9
67108864
1000
100
1
0
1
0
0
1

1
1
4
2
4173
0
0
9
268435456
3000
500
1
0
1
0
0
1

1
1
2
1
4192
0
0
9
134217728
2000
250
1
0
1
0
0
1

1
1
1
1
4217
0
2
10
67108864
3000
250
1000
1
0
1
0
0
1

1
1
8
1
4237
0
1
12
67108864
2000
50
7
1
1
0
1
0
0
1
0
1
1
1
1
4251
0
2
10
134217728
2000
1000
1
1
0
1
0
0
1

1
1
1
1
4263
0
2
10
67108864
2000
1000
100
1
0
1
0
0
1

1
1
8
1
4281
0
0
9
268435456
3000
250
1
0
1
0
0
1

1
1
1
1
4294
0
2
10
134217728
3000
250
10
1
0
1
0
0
1

1
1
2
1
4316
0
0
9
268435456
3000
100
1
0
1
0
0
1

1
1
4
1
4326
0
2
10
67108864
2000
1000
5
1
0
1
0
0
1

1
1
4
4
4352
0
1
12
67108864
4000
1000
7
1
1
0
1
0
0
1
0
1
1
2
2
4371
0
0
9
67108864
3000
1000
1
0
1
0
0
1

1
1
4
4
4379
0
0
9
268435456
1000
50
1
0
1
0
0
1

1
1
2
1
4391
0
0
9
268435456
1000
100
1
0
1
0
0
1

1
1
1
1
4409
0
2
10
268435456
3000
100
100
1
0
1
0
0
1

1
1
2
2
4425
0
1
11
134217728
2000
50
78
0
1
0
1
0
0
1
1
1
4
2
4442
0
1
12
67108864
2000
250
60
1
1
0
1
0
0
1
0
1
1
1
1
4452
0
2
10
134217728
1000
100
100
1
0
1
0
0
1

1
1
4
1
4481
0
2
10
134217728
2000
100
1
1
0
1
0
0
1

1
1
8
8
4490
0
1
12
67108864
2000
500
56
1
1
0
1
0
0
1
0
1
1
8
4
4500
0
1
11
268435456
3000
100
23
0
1
0
1
0
0
1
1
1
1
1
4518
0
0
9
268435456
2000
100
1
0
1
0
0
1

1
1
1
1
4527
0
2
10
268435456
2000
50
1
1
0
1
0
0
1

1
1
4
4
4537
0
2
10
134217728
2000
500
10
1
0
1
0
0
1

1
1
4
2
4559
0
1
11
67108864
4000
1000
20
0
1
0
1
0
0
1
1
1
4
4
4570
0
0
9
134217728
1000
250
1
0
1
0
0
1

1
1
1
1
4588
0
0
9
268435456
3000
500
1
0
1
0
0
1

1
1
4
4
4612
0
1
12
134217728
1000
500
82
1
1
0
1
0
0
1
0
1
1
4
4
4629
0
0
9
268435456
1000
100
1
0
1
0
0
1

1
1
8
2
4630
0
2
10
134217728
3000
50
1000
1
0
1
0
0
1

1
1
8
8
4638
0
0
9
268435456
2000
500
1
0
1
0
0
1

1
1
1
1
4654
0
0
9
134217728
4000
100
1
0
1
0
0
1

1
1
4
1
4684
0
0
9
67108864
4000
1000
1
0
1
0
0
1

1
1
8
2
4689
0
0
9
268435456
3000
500
1
0
1
0
0
1

1
1
8
4
4703
0
1
11
134217728
2000
50
58
0
1
0
1
0
0
1
1
1
2
2
4724
0
2
10
134217728
4000
500
100
1
0
1
0
0
1

1
1
2
1
4753
0
0
9
268435456
1000
500
1
0
1
0
0
1

1
1
8
8
4766
0
2
10
134217728
1000
50
10
1
0
1
0
0
1

1
1
8
1
4787
0
0
9
268435456
2000
50
1
0
1
0
0
1

1
1
8
2
4814
0
2
10
67108864
2000
1000
5
1
0
1
0
0
1

1
1
2
1
4838
0
2
10
67108864
2000
250
100
1
0
1
0
0
1

1
1
4
4
4862
0
1
11
134217728
3000
250
27
0
1
0
1
0
0
1
1
1
8
8
4872
0
1
12
134217728
3000
250
53
1
1
0
1
0
0
1
0
1
1
2
1
4892
0
1
12
67108864
2000
50
74
1
1
0
1
0
0
1
0
1
1
1
1
4918
0
0
9
268435456
3000
500
1
0
1
0
0
1

1
1
1
1
4938
0
2
10
134217728
4000
1000
1
1
0
1
0
0
1

1
1
8
8
4943
0
2
10
268435456
3000
50
5
1
0
1
0
0
1

1
1
4
4
4962
0
1
12
67108864
4000
50
46
1
1
0
1
0
0
1
0
1
1
2
1
4974
0
1
12
268435456
3000
50
11
1
1
0
1
0
0
1
0
1
1
2
2
4998
0
0
9
134217728
3000
100
1
0
1
0
0
1

1
1
4
1
5002
0
2
10
268435456
1000
500
1
1
0
1
0
0
1

1
1
4
2
5007
0
1
12
268435456
3000
50
38
1
1
0
1
0
0
1
0
1
1
2
1
5008
0
2
10
134217728
3000
500
10
1
0
1
0
0
1

1
1
4
2
5022
0
2
10
67108864
3000
50
10
1
0
1
0
0
1

1
1
8
2
5024
0
1
12
67108864
2000
500
76
1
1
0
1
0
0
1
0
1
1
2
1
5039
0
1
11
134217728
2000
250
35
0
1
0
1
0
0
1
1
1
4
4
5046
0
1
12
268435456
1000
250
35
1
1
0
1
0
0
1
0
1
1
2
1
5073
0
1
12
134217728
1000
1000
64
1
1
0
1
0
0
1
0
1
1
4
2
5099
0
2
10
134217728
2000
50
1
1
0
1
0
0
1

1
1
8
2
5104
0
2
10
134217728
1000
100
1000
1
0
1
0
0
1

1
1
8
2
5132
0
2
10
268435456
3000
250
100
1
0
1
0
0
1

1
1
1
1
5134
0
2
10
67108864
3000
1000
10
1
0
1
0
0
1

1
1
2
1
5161
0
2
10
268435456
2000
50
1000
1
0
1
0
0
1

1
1
8
1
5164
0
2
10
67108864
1000
500
1000
1
0
1
0
0
1

1
1
4
1
5170
0
0
9
67108864
3000
250
1
0
1
0
0
1

1
1
4
2
5191
0
0
9
67108864
3000
100
1
0
1
0
0
1

1
1
4
4
5214
0
0
9
67108864
4000
1000
1
0
1
0
0
1

1
1
4
2
5224
0
2
10
134217728
4000
250
1
1
0
1
0
0
1

1
1
4
4
5254
0
1
12
268435456
2000
50
9
1
1
0
1
0
0
1
0
1
1
8
2
5281
0
0
9
268435456
3000
500
1
0
1
0
0
1

1
1
4
2
5306
0
2
10
268435456
3000
100
100
1
0
1
0
0
1

1
1
8
8
5317
0
0
9
67108864
4000
100
1
0
1
0
0
1

1
1
8
2
5322
0
0
9
134217728
3000
250
1
0
1
0
0
1

1
1
2
1
5331
0
2
10
67108864
3000
1000
10
1
0
1
0
0
1

1
1
4
1
5332
0
2
10
67108864
3000
500
1000
1
0
1
0
0
1

1
1
4
4
5351
0
1
11
134217728
2000
100
24
0
1
0
1
0
0
1
1
1
1
1
5372
0
1
12
268435456
3000
500
57
1
1
0
1
0
0
1
0
1
1
4
4
5392
0
1
12
134217728
2000
1000
42
1
1
0
1
0
0
1
0
1
1
1
1
5416
0
2
10
134217728
4000
1000
5
1
0
1
0
0
1

1
1
1
1
5418
0
0
9
134217728
4000
50
1
0
1
0
0
1

1
1
8
8
5444
0
1
12
268435456
3000
250
81
1
1
0
1
0
0
1
0
1
1
2
1
5473
0
2
10
134217728
4000
500
1
1
0
1
0
0
1

1
1
8
4
5503
0
2
10
268435456
2000
50
1
1
0
1
0
0
1

1
1
2
1
5526
0
1
11
134217728
2000
1000
40
0
1
0
1
0
0
1
1
1
8
2
5535
0
0
9
67108864
3000
1000
1
0
1
0
0
1

1
1
1
1
5561
0
0
9
67108864
4000
1000
1
0
1
0
0
1

1
1
8
2
5573
0
1
11
134217728
2000
500
51
0
1
0
1
0
0
1
1
1
1
1
5591
0
0
9
134217728
2000
250
1
0
1
0
0
1

1
1
2
1
5606
0
0
9
134217728
4000
500
1
0
1
0
0
1

1
1
2
1
5612
0
2
10
134217728
3000
500
100
1
0
1
0
0
1

1
1
2
1
5621
0
0
9
67108864
2000
500
1
0
1
0
0
1

1
1
1
1
5632
0
2
10
134217728
3000
500
5
1
0
1
0
0
1

1
1
2
1
5645
0
0
9
134217728
3000
50
1
0
1
0
0
1

1
1
8
8
5671
0
0
9
268435456
3000
500
1
0
1
0
0
1

1
1
4
4
5694
0
2
10
67108864
4000
250
10
1
0
1
0
0
1

1
1
8
4
5716
0
1
11
268435456
2000
250
34
0
1
0
1
0
0
1
1
1
8
8
5737
0
0
9
134217728
2000
250
1
0
1
0
0
1

1
1
2
1
5749
0
0
9
67108864
4000
250
1
0
1
0
0
1

1
1
1
1
5775
0
1
11
268435456
3000
500
54
0
1
0
1
0
0
1
1
1
4
4
5787
0
2
10
67108864
3000
250
10
1
0
1
0
0
1

1
1
2
1
5797
0
1
12
134217728
2000
250
1
1
1
0
1
0
0
1
0
1
1
1
1
5824
0
1
11
134217728
1000
50
65
0
1
0
1
0
0
1
1
1
4
2
5840
0
1
11
67108864
2000
1000
45
0
1
0
1
0
0
1
1
1
8
4
5863
0
0
9
67108864
2000
250
1
0
1
0
0
1

1
1
8
1
5891
0
1
11
67108864
1000
250
93
0
1
0
1
0
0
1
1
1
2
2
5915
0
0
9
67108864
4000
1000
1
0
1
0
0
1

1
1
2
1
5926
0
0
9
134217728
2000
100
1
0
1
0
0
1

1
1
2
2
5933
0
0
9
134217728
2000
50
1
0
1
0
0
1

1
1
8
8
5952
0
1
12
67108864
3000
500
61
1
1
0
1
0
0
1
0
1
1
8
4
5974
0
0
9
67108864
3000
1000
1
0
1
0
0
1

1
1
2
2
5995
0
1
11
67108864
3000
100
35
0
1
0
1
0
0
1
1
1
2
1
6022
0
2
10
268435456
1000
500
1
1
0
1
0
0
1

1
1
1
1
6050
0
0
9
134217728
2000
1000
1
0
1
0
0
1

1
1
2
1
6071
0
1
12
67108864
4000
50
36
1
1
0
1
0
0
1
0
1
1
8
1
6090
0
2
10
134217728
2000
250
5
1
0
1
0
0
1

1
1
2
1
6115
0
2
10
268435456
2000
500
1
1
0
1
0
0
1

1
1
4
2
6138
0
0
9
67108864
2000
250
1
0
1
0
0
1

1
1
2
1
6159
0
2
10
67108864
2000
50
10
1
0
1
0
0
1

1
1
4
2
6183
0
0
9
268435456
3000
500
1
0
1
0
0
1

1
1
4
2
6205
0
0
9
67108864
1000
500
1
0
1
0
0
1

1
1
4
2
6220
0
0
9
134217728
3000
500
1
0
1
0
0
1

1
1
4
4
6221
0
1
12
268435456
3000
500
11
1
1
0
1
0
0
1
0
1
1
1
1
6239
0
1
12
268435456
3000
250
26
1
1
0
1
0
0
1
0
1
1
1
1
6255
0
2
10
134217728
1000
500
1
1
0
1
0
0
1

1
1
8
2
6285
0
0
9
268435456
3000
500
1
0
1
0
0
1

1
1
8
1
6302
0
1
12
134217728
1000
250
77
1
1
0
1
0
0
1
0
1
1
2
1
6321
0
0
9
268435456
2000
100
1
0
1
0
0
1

1
1
2
2
6351
0
0
9
134217728
2000
1000
1
0
1
0
0
1

1
1
1
1
6353
0
1
12
134217728
4000
50
53
1
1
0
1
0
0
1
0
1
1
1
1
6354
0
0
9
134217728
4000
500
1
0
1
0
0
1

1
1
2
1
6382
0
0
9
67108864
4000
1000
1
0
1
0
0
1

1
1
1
1
6401
0
1
12
134217728
2000
250
53
1
1
0
1
0
0
1
0
1
1
4
4
6415
0
1
11
268435456
3000
500
41
0
1
0
1
0
0
1
1
1
4
1
6439
0
0
9
268435456
3000
500
1
0
1
0
0
1

1
1
4
2
6460
0
0
9
67108864
1000
100
1
0
1
0
0
1

1
1
8
8
6481
0
2
10
134217728
2000
100
1000
1
0
1
0
0
1

1
1
4
2
6489
0
2
10
67108864
4000
1000
10
1
0
1
0
0
1

1
1
2
2
6504
0
2
10
268435456
1000
500
5
1
0
1
0
0
1

1
1
4
1
6521
0
0
9
134217728
4000
250
1
0
1
0
0
1

1
1
2
1
6526
0
2
10
268435456
3000
100
1000
1
0
1
0
0
1

1
1
4
1
6541
0
2
10
134217728
4000
100
1000
1
0
1
0
0
1

1
1
8
4
6545
0
1
11
268435456
3000
500
12
0
1
0
1
0
0
1
1
1
8
8
6555
0
0
9
268435456
1000
50
1
0
1
0
0
1

1
1
2
1
6556
0
1
12
67108864
1000
50
23
1
1
0
1
0
0
1
0
1
1
4
1
6561
0
2
10
67108864
2000
1000
1000
1
0
1
0
0
1

1
1
8
2
6567
0
1
12
268435456
3000
50
76
1
1
0
1
0
0
1
0
1
1
4
1
6597
0
2
10
134217728
3000
500
100
1
0
1
0
0
1

1
1
1
1
6604
0
1
11
67108864
1000
50
77
0
1
0
1
0
0
1
1
1
2
2
6606
0
2
10
67108864
1000
100
1
1
0
1
0
0
1

1
1
8
2
6617
0
0
9
134217728
1000
500
1
0
1
0
0
1

1
1
1
1
6623
0
0
9
67108864
2000
100
1
0
1
0
0
1

1
1
8
8
6652
0
1
11
268435456
2000
250
45
0
1
0
1
0
0
1
1
1
8
2
6679
0
1
11
67108864
3000
250
7
0
1
0
1
0
0
1
1
1
8
4
6695
0
2
10
67108864
1000
100
1
1
0
1
0
0
1

1
1
4
2
6707
0
1
11
134217728
1000
100
67
0
1
0
1
0
0
1
1
1
4
4
6730
0
0
9
67108864
4000
50
1
0
1
0
0
1

1
1
2
1
6758
0
1
11
67108864
1000
50
62
0
1
0
1
0
0
1
1
1
1
1
6773
0
1
12
268435456
3000
100
91
1
1
0
1
0
0
1
0
1
1
8
2
6803
0
0
9
134217728
4000
50
1
0
1
0
0
1

1
1
1
1
6808
0
0
9
67108864
3000
250
1
0
1
0
0
1

1
1
4
2
6837
0
1
11
134217728
4000
1000
60
0
1
0
1
0
0
1
1
1
2
2
6839
0
0
9
134217728
1000
500
1
0
1
0
0
1

1
1
8
4
6842
0
1
11
268435456
3000
250
57
0
1
0
1
0
0
1
1
1
1
1
6851
0
0
9
268435456
2000
250
1
0
1
0
0
1

1
1
1
1
6864
0
2
10
134217728
1000
50
1
1
0
1
0
0
1

1
1
2
1
6873
0
1
11
67108864
2000
1000
89
0
1
0
1
0
0
1
1
1
8
8
6880
0
2
10
134217728
2000
500
10
1
0
1
0
0
1

1
1
2
1
6889
0
2
10
67108864
4000
500
10
1
0
1
0
0
1

1
1
8
1
6896
0
0
9
67108864
1000
1000
1
0
1
0
0
1

1
1
1
1
6926
0
1
11
67108864
1000
50
44
0
1
0
1
0
0
1
1
1
8
4
6938
0
1
12
67108864
3000
50
93
1
1
0
1
0
0
1
0
1
1
8
2
6956
0
1
12
268435456
3000
500
24
1
1
0
1
0
0
1
0
1
1
1
1
6957
0
2
10
268435456
3000
50
5
1
0
1
0
0
1

1
1
8
8
6980
0
2
10
67108864
2000
100
5
1
0
1
0
0
1

1
1
1
1
6986
0
2
10
134217728
2000
500
10
1
0
1
0
0
1

1
1
4
2
6991
0
2
10
67108864
1000
1000
1000
1
0
1
0
0
1

1
1
4
1
6997
0
0
9
67108864
3000
50
1
0
1
0
0
1

1
1
8
2
7021
0
1
12
268435456
1000
500
24
1
1
0
1
0
0
1
0
1
1
4
2
7037
0
0
9
268435456
3000
50
1
0
1
0
0
1

1
1
8
2
7040
0
2
10
268435456
2000
100
1
1
0
1
0
0
1

1
1
8
2
7068
0
2
10
268435456
2000
250
5
1
0
1
0
0
1

1
1
2
1
7090
0
1
12
134217728
2000
50
44
1
1
0
1
0
0
1
0
1
1
8
8
7114
0
2
10
67108864
1000
500
1000
1
0
1
0
0
1

1
1
1
1
7125
0
2
10
268435456
3000
50
10
1
0
1
0
0
1

1
1
8
1
7139
0
1
12
268435456
1000
50
68
1
1
0
1
0
0
1
0
1
1
1
1
7166
0
1
12
134217728
4000
250
36
1
1
0
1
0
0
1
0
1
1
8
2
7178
0
1
11
134217728
4000
1000
47
0
1
0
1
0
0
1
1
1
8
8
7200
0
2
10
67108864
3000
50
100
1
0
1
0
0
1

1
1
8
8
7216
0
2
10
134217728
3000
1000
100
1
0
1
0
0
1

1
1
4
1
7245
0
2
10
268435456
2000
500
100
1
0
1
0
0
1

1
1
2
1
7259
0
1
12
134217728
1000
1000
83
1
1
0
1
0
0
1
0
1
1
1
1
7278
0
0
9
268435456
2000
100
1
0
1
0
0
1

1
1
2
2
7294
0
2
10
134217728
1000
1000
10
1
0
1
0
0
1

1
1
8
8
7298
0
0
9
268435456
2000
500
1
0
1
0
0
1

1
1
2
1
7326
0
1
11
134217728
3000
250
61
0
1
0
1
0
0
1
1
1
1
1
7346
0
1
11
67108864
2000
50
88
0
1
0
1
0
0
1
1
1
8
8
7350
0
2
10
134217728
4000
50
5
1
0
1
0
0
1

1
1
2
1
7359
0
1
11
268435456
3000
250
29
0
1
0
1
0
0
1
1
1
1
1
7364
0
0
9
134217728
4000
50
1
0
1
0
0
1

1
1
2
2
7390
0
0
9
67108864
4000
1000
1
0
1
0
0
1

1
1
1
1
7395
0
2
10
67108864
4000
100
1000
1
0
1
0
0
1

1
1
2
2
7407
0
1
12
67108864
1000
1000
5
1
1
0
1
0
0
1
0
1
1
2
2
7411
0
2
10
67108864
2000
250
1000
1
0
1
0
0
1

1
1
2
1
7415
0
0
9
268435456
3000
250
1
0
1
0
0
1

1
1
8
8
7442
0
0
9
67108864
4000
50
1
0
1
0
0
1

1
1
8
8
7468
0
0
9
134217728
3000
50
1
0
1
0
0
1

1
1
1
1
7473
0
1
12
67108864
3000
100
63
1
1
0
1
0
0
1
0
1
1
2
2
7494
0
1
11
134217728
2000
500
13
0
1
0
1
0
0
1
1
1
4
1
7518
0
2
10
67108864
2000
100
10
1
0
1
0
0
1

1
1
8
1
7533
0
2
10
268435456
2000
500
1
1
0
1
0
0
1

1
1
2
1
7561
0
1
11
67108864
3000
50
87
0
1
0
1
0
0
1
1
1
8
4
7587
0
1
12
268435456
3000
500
10
1
1
0
1
0
0
1
0
1
1
4
2
7601
0
1
12
134217728
2000
100
93
1
1
0
1
0
0
1
0
1
1
2
2
7603
0
0
9
268435456
3000
100
1
0
1
0
0
1

1
1
1
1
7626
0
1
12
134217728
3000
500
51
1
1
0
1
0
0
1
0
1
1
8
4
7653
0
2
10
268435456
1000
100
100
1
0
1
0
0
1

1
1
2
1
7666
0
0
9
134217728
1000
1000
1
0
1
0
0
1

1
1
8
1
7686
0
0
9
67108864
3000
50
1
0
1
0
0
1

1
1
8
1
7714
0
1
11
67108864
2000
250
1
0
1
0
1
0
0
1
1
1
2
2
7720
0
0
9
134217728
3000
1000
1
0
1
0
0
1

1
1
1
1
7744
0
2
10
268435456
2000
100
5
1
0
1
0
0
1

1
1
2
1
7764
0
0
9
134217728
3000
250
1
0
1
0
0
1

1
1
4
1
7791
0
0
9
268435456
2000
100
1
0
1
0
0
1

1
1
8
4
7819
0
2
10
268435456
1000
250
1000
1
0
1
0
0
1

1
1
1
1
7845
0
2
10
67108864
3000
250
5
1
0
1
0
0
1

1
1
8
1
7866
0
1
11
268435456
2000
500
28
0
1
0
1
0
0
1
1
1
1
1
7885
0
1
11
268435456
3000
500
19
0
1
0
1
0
0
1
1
1
8
4
7910
0
0
9
67108864
4000
100
1
0
1
0
0
1

1
1
1
1
7917
0
0
9
134217728
2000
250
1
0
1
0
0
1

1
1
2
1
7945
0
1
12
268435456
3000
50
97
1
1
0
1
0
0
1
0
1
1
1
1
7954
0
1
12
67108864
2000
1000
37
1
1
0
1
0
0
1
0
1
1
4
2
7971
0
0
9
268435456
1000
50
1
0
1
0
0
1

1
1
8
4
7983
0
0
9
268435456
2000
500
1
0
1
0
0
1

1
1
8
4
7986
0
2
10
268435456
2000
500
5
1
0
1
0
0
1

1
1
8
2
7992
0
1
11
268435456
1000
500
26
0
1
0
1
0
0
1
1
1
8
2
8022
0
0
9
134217728
3000
50
1
0
1
0
0
1

1
1
8
8
8026
0
2
10
67108864
3000
50
1
1
0
1
0
0
1

1
1
4
1
8036
0
1
11
268435456
1000
100
7
0
1
0
1
0
0
1
1
1
1
1
8061
0
2
10
67108864
2000
250
1
1
0
1
0
0
1

1
1
1
1
8071
0
0
9
67108864
4000
1000
1
0
1
0
0
1

1
1
1
1
8074
0
1
11
134217728
3000
500
40
0
1
0
1
0
0
1
1
1
4
2
8089
0
0
9
67108864
3000
1000
1
0
1
0
0
1

1
1
1
1
8093
0
0
9
268435456
3000
500
1
0
1
0
0
1

1
1
2
1
8118
0
0
9
134217728
2000
500
1
0
1
0
0
1

1
1
2
2
8122
0
1
11
67108864
4000
100
88
0
1
0
1
0
0
1
1
1
1
1
8130
0
1
12
134217728
3000
500
92
1
1
0
1
0
0
1
0
1
1
4
2
8153
0
2
10
134217728
4000
250
10
1
0
1
0
0
1

1
1
1
1
8178
0
2
10
134217728
2000
250
10
1
0
1
0
0
1

1
1
8
4
8187
0
2
10
268435456
3000
500
1000
1
0
1
0
0
1

1
1
4
4
8201
0
0
9
67108864
2000
100
1
0
1
0
0
1

1
1
4
2
8202
0
2
10
134217728
1000
100
100
1
0
1
0
0
1

1
1
1
1
8209
0
1
12
67108864
2000
1000
16
1
1
0
1
0
0
1
0
1
1
4
2
8215
0
2
10
134217728
3000
500
5
1
0
1
0
0
1

1
1
2
2
8232
0
0
9
134217728
1000
100
1
0
1
0
0
1

1
1
8
1
8261
0
2
10
67108864
1000
500
5
1
0
1
0
0
1

1
1
1
1
8290
0
1
12
134217728
4000
1000
28
1
1
0
1
0
0
1
0
1
1
2
1
8291
0
2
10
268435456
2000
500
5
1
0
1
0
0
1

1
1
2
1
8315
0
1
11
268435456
2000
500
35
0
1
0
1
0
0
1
1
1
8
8
8329
0
2
10
67108864
1000
100
1
1
0
1
0
0
1

1
1
2
1
8359
0
0
9
268435456
2000
50
1
0
1
0
0
1

1
1
8
1
8362
0
1
12
268435456
1000
500
0
1
1
0
1
0
0
1
0
1
1
1
1
8373
0
0
9
67108864
1000
50
1
0
1
0
0
1

1
1
2
1
8383
0
0
9
67108864
3000
100
1
0
1
0
0
1

1
1
2
1
8400
0
1
11
134217728
1000
100
1
0
1
0
1
0
0
1
1
1
1
1
8405
0
1
11
67108864
2000
50
28
0
1
0
1
0
0
1
1
1
2
2
8406
0
0
9
67108864
1000
500
1
0
1
0
0
1

1
1
2
2
8407
0
0
9
134217728
1000
500
1
0
1
0
0
1

1
1
2
2
8419
0
0
9
134217728
1000
50
1
0
1
0
0
1

1
1
8
1
8448
0
2
10
268435456
3000
500
100
1
0
1
0
0
1

1
1
8
2
8474
0
0
9
67108864
4000
250
1
0
1
0
0
1

1
1
8
4
8491
0
2
10
268435456
3000
500
1
1
0
1
0
0
1

1
1
8
8
8519
0
2
10
67108864
4000
50
1
1
0
1
0
0
1

1
1
8
8
8527
0
2
10
67108864
2000
250
1000
1
0
1
0
0
1

1
1
4
4
8530
0
0
9
67108864
3000
1000
1
0
1
0
0
1

1
1
2
2
8557
0
1
11
268435456
3000
500
8
0
1
0
1
0
0
1
1
1
4
2
8565
0
2
10
134217728
4000
100
1000
1
0
1
0
0
1

1
1
1
1
8590
0
1
12
134217728
4000
50
30
1
1
0
1
0
0
1
0
1
1
1
1
8610
0
2
10
67108864
3000
1000
1000
1
0
1
0
0
1

1
1
4
2
8629
0
2
10
67108864
2000
100
1
1
0
1
0
0
1

1
1
2
1
8646
0
1
11
67108864
3000
50
57
0
1
0
1
0
0
1
1
1
4
2
8655
0
2
10
268435456
1000
50
1
1
0
1
0
0
1

1
1
4
2
8663
0
1
12
134217728
4000
1000
33
1
1
0
1
0
0
1
0
1
1
2
1
8677
0
1
11
67108864
3000
1000
16
0
1
0
1
0
0
1
1
1
4
1
8687
0
2
10
268435456
2000
50
1
1
0
1
0
0
1

1
1
2
2
8717
0
2
10
134217728
4000
250
1000
1
0
1
0
0
1

1
1
1
1
8719
0
0
9
134217728
3000
250
1
0
1
0
0
1

1
1
8
8
8744
0
0
9
67108864
4000
500
1
0
1
0
0
1

1
1
4
2
8767
0
0
9
268435456
1000
50
1
0
1
0
0
1

1
1
4
4
8789
0
1
12
67108864
3000
50
7
1
1
0
1
0
0
1
0
1
1
4
2
8817
0
0
9
268435456
2000
100
1
0
1
0
0
1

1
1
2
1
8845
0
0
9
67108864
1000
500
1
0
1
0
0
1

1
1
8
2
8853
0
1
12
134217728
4000
1000
5
1
1
0
1
0
0
1
0
1
1
2
1
8883
0
2
10
67108864
1000
1000
1000
1
0
1
0
0
1

1
1
4
2
8903
0
2
10
67108864
4000
250
5
1
0
1
0
0
1

1
1
8
8
8913
0
1
11
67108864
2000
100
83
0
1
0
1
0
0
1
1
1
2
1
8923
0
0
9
134217728
1000
500
1
0
1
0
0
1

1
1
1
1
8946
0
2
10
67108864
2000
250
1000
1
0
1
0
0
1

1
1
2
1
8964
0
0
9
268435456
2000
50
1
0
1
0
0
1

1
1
4
2
8993
0
2
10
268435456
3000
250
5
1
0
1
0
0
1

1
1
4
1
9003
0
2
10
268435456
2000
500
5
1
0
1
0
0
1

1
1
2
1
9024
0
0
9
134217728
4000
1000
1
0
1
0
0
1

1
1
1
1
9026
0
1
12
268435456
1000
100
46
1
1
0
1
0
0
1
0
1
1
1
1
9030
0
2
10
67108864
2000
1000
100
1
0
1
0
0
1

1
1
8
2
9051
0
2
10
268435456
3000
50
100
1
0
1
0
0
1

1
1
1
1
9079
0
2
10
134217728
4000
50
100
1
0
1
0
0
1

1
1
1
1
9092
0
0
9
67108864
3000
50
1
0
1
0
0
1

1
1
8
8
9098
0
1
11
268435456
3000
100
84
0
1
0
1
0
0
1
1
1
2
1
9110
0
1
11
268435456
3000
500
69
0
1
0
1
0
0
1
1
1
2
1
9115
0
1
12
134217728
4000
500
95
1
1
0
1
0
0
1
0
1
1
1
1
9124
0
0
9
134217728
1000
1000
1
0
1
0
0
1

1
1
1
1
9136
0
0
9
67108864
4000
500
1
0
1
0
0
1

1
1
4
4
9162
0
0
9
67108864
4000
1000
1
0
1
0
0
1

1
1
8
1
9191
0
1
12
268435456
2000
500
56
1
1
0
1
0
0
1
0
1
1
4
2
9208
0
0
9
268435456
3000
500
1
0
1
0
0
1

1
1
4
4
9230
0
0
9
67108864
2000
500
1
0
1
0
0
1

1
1
1
1
9241
0
1
11
67108864
3000
100
8
0
1
0
1
0
0
1
1
1
1
1
9249
0
0
9
67108864
2000
100
1
0
1
0
0
1

1
1
4
2
9267
0
0
9
268435456
3000
500
1
0
1
0
0
1

1
1
4
4
9278
0
1
12
67108864
3000
500
72
1
1
0
1
0
0
1
0
1
1
2
1
9295
0
2
10
67108864
4000
250
10
1
0
1
0
0
1

1
1
4
1
9297
0
0
9
67108864
3000
100
1
0
1
0
0
1

1
1
4
2
9304
0
2
10
268435456
3000
500
100
1
0
1
0
0
1

1
1
8
4
9324
0
1
12
268435456
2000
100
34
1
1
0
1
0
0
1
0
1
1
2
1
9340
0
1
12
134217728
4000
1000
85
1
1
0
1
0
0
1
0
1
1
1
1
9363
0
2
10
268435456
1000
500
100
1
0
1
0
0
1

1
1
4
1
9386
0
1
12
134217728
3000
50
4
1
1
0
1
0
0
1
0
1
1
2
2
9416
0
1
12
268435456
3000
50
69
1
1
0
1
0
0
1
0
1
1
1
1
9433
0
2
10
268435456
2000
500
5
1
0
1
0
0
1

1
1
4
4
9454
0
1
11
134217728
1000
1000
87
0
1
0
1
0
0
1
1
1
2
1
9481
0
2
10
134217728
3000
100
5
1
0
1
0
0
1

1
1
1
1
9501
0
1
12
268435456
3000
500
74
1
1
0
1
0
0
1
0
1
1
1
1
9530
0
1
11
67108864
2000
50
67
0
1
0
1
0
0
1
1
1
4
4
9547
0
2
10
268435456
3000
500
5
1
0
1
0
0
1

1
1
4
1
9561
0
2
10
67108864
2000
250
1000
1
0
1
0
0
1

1
1
4
2
9563
0
1
12
134217728
3000
1000
89
1
1
0
1
0
0
1
0
1
1
1
1
9586
0
1
11
134217728
2000
50
60
0
1
0
1
0
0
1
1
1
2
1
9615
0
2
10
268435456
3000
250
1000
1
0
1
0
0
1

1
1
4
4
9637
0
1
11
134217728
4000
1000
54
0
1
0
1
0
0
1
1
1
1
1
9641
0
2
10
67108864
2000
100
10
1
0
1
0
0
1

1
1
4
2
9666
0
0
9
67108864
2000
250
1
0
1
0
0
1

1
1
4
2
9689
0
2
10
67108864
4000
50
10
1
0
1
0
0
1

1
1
2
2
9712
0
0
9
268435456
1000
50
1
0
1
0
0
1

1
1
8
2
9736
0
2
10
67108864
4000
1000
10
1
0
1
0
0
1

1
1
1
1
9749
0
1
12
134217728
4000
1000
65
1
1
0
1
0
0
1
0
1
1
2
2
9756
0
0
9
268435456
1000
100
1
0
1
0
0
1

1
1
8
8
9783
0
0
9
268435456
2000
250
1
0
1
0
0
1

1
1
8
1
9793
0
0
9
67108864
1000
250
1
0
1
0
0
1

1
1
2
1
9823
0
1
12
268435456
3000
500
61
1
1
0
1
0
0
1
0
1
1
8
2
9844
0
2
10
67108864
3000
100
5
1
0
1
0
0
1

1
1
2
1
9845
0
1
12
268435456
2000
100
92
1
1
0
1
0
0
1
0
1
1
2
1
9869
0
1
11
67108864
2000
100
90
0
1
0
1
0
0
1
1
1
1
1
9871
0
2
10
134217728
2000
250
1
1
0
1
0
0
1

1
1
4
4
9887
0
0
9
134217728
3000
500
1
0
1
0
0
1

1
1
1
1
9895
0
2
10
268435456
2000
500
100
1
0
1
0
0
1

1
1
1
1
9907
0
2
10
268435456
1000
500
1000
1
0
1
0
0
1

1
1
4
4
9908
0
0
9
268435456
3000
500
1
0
1
0
0
1

1
1
4
1
9938
0
1
12
268435456
2000
500
37
1
1
0
1
0
0
1
0
1
1
8
1
9947
0
0
9
67108864
3000
250
1
0
1
0
0
1

1
1
2
1
9956
0
2
10
134217728
4000
250
100
1
0
1
0
0
1

1
1
1
1
9957
0
1
12
67108864
2000
500
66
1
1
0
1
0
0
1
0
1
1
8
2
9958
0
0
9
268435456
1000
500
1
0
1
0
0
1

1
1
1
1
9959
0
2
10
67108864
2000
250
1000
1
0
1
0
0
1

1
1
8
2
9989
0
0
9
268435456
2000
250
1
0
1
0
0
1

1
1
8
8
10012
0
2
10
134217728
1000
250
1000
1
0
1
0
0
1

1
1
1
1
10033
0
2
10
268435456
2000
500
1000
1
0
1
0
0
1

1
1
2
1
10035
0
1
12
268435456
3000
500
24
1
1
0
1
0
0
1
0
1
1
4
2
10048
0
0
9
268435456
2000
500
1
0
1
0
0
1

1
1
8
2
10055
0
2
10
268435456
2000
250
1000
1
0
1
0
0
1

1
1
2
1
10077
0
2
10
268435456
3000
500
100
1
0
1
0
0
1

1
1
1
1
10080
0
0
9
67108864
1000
500
1
0
1
0
0
1

1
1
8
1
10104
0
0
9
134217728
3000
500
1
0
1
0
0
1

1
1
4
4
10117
0
2
10
134217728
1000
500
100
1
0
1
0
0
1

1
1
4
2
10125
0
0
9
67108864
2000
100
1
0
1
0
0
1

1
1
2
1
10139
0
2
10
134217728
2000
250
1000
1
0
1
0
0
1

1
1
4
4
10155
0
0
9
268435456
3000
500
1
0
1
0
0
1

1
1
8
4
10156
0
2
10
134217728
1000
100
1
1
0
1
0
0
1

1
1
2
1
10174
0
1
11
67108864
4000
50
87
0
1
0
1
0
0
1
1
1
8
8
10198
0
1
12
268435456
1000
50
19
1
1
0
1
0
0
1
0
1
1
1
1
10226
0
2
10
67108864
4000
500
100
1
0
1
0
0
1

1
1
4
2
10253
0
2
10
268435456
1000
500
1
1
0
1
0
0
1

1
1
1
1
10278
0
2
10
134217728
2000
100
10
1
0
1
0
0
1

1
1
1
1
10298
0
1
12
67108864
1000
100
4
1
1
0
1
0
0
1
0
1
1
1
1
10318
0
2
10
67108864
1000
50
1000
1
0
1
0
0
1

1
1
4
2
10339
0
1
11
134217728
4000
1000
20
0
1
0
1
0
0
1
1
1
8
8
10359
0
1
12
67108864
3000
1000
48
1
1
0
1
0
0
1
0
1
1
1
1
10388
0
2
10
268435456
3000
100
5
1
0
1
0
0
1

1
1
2
1
10394
0
1
11
134217728
4000
250
77
0
1
0
1
0
0
1
1
1
4
2
10423
0
0
9
134217728
1000
100
1
0
1
0
0
1

1
1
8
8
10430
0
1
12
67108864
2000
1000
92
1
1
0
1
0
0
1
0
1
1
1
1
10436
0
0
9
67108864
1000
100
1
0
1
0
0
1

1
1
2
2
10461
0
2
10
134217728
2000
1000
10
1
0
1
0
0
1

1
1
4
4
10484
0
2
10
134217728
2000
1000
10
1
0
1
0
0
1

1
1
2
1
10498
0
1
12
268435456
3000
50
27
1
1
0
1
0
0
1
0
1
1
8
2
10520
0
0
9
67108864
1000
1000
1
0
1
0
0
1

1
1
2
1
10526
0
0
9
268435456
3000
500
1
0
1
0
0
1

1
1
2
1
10539
0
2
10
134217728
2000
50
100
1
0
1
0
0
1

1
1
2
1
10549
0
1
11
67108864
3000
50
28
0
1
0
1
0
0
1
1
1
2
1
10579
0
2
10
268435456
1000
250
1
1
0
1
0
0
1

1
1
4
2
10591
0
0
9
67108864
1000
500
1
0
1
0
0
1

1
1
2
1
10604
0
2
10
134217728
2000
100
1000
1
0
1
0
0
1

1
1
2
1
10625
0
1
11
268435456
3000
500
61
0
1
0
1
0
0
1
1
1
4
1
10634
0
1
12
134217728
3000
50
22
1
1
0
1
0
0
1
0
1
1
8
4
10642
0
0
9
268435456
3000
500
1
0
1
0
0
1

1
1
1
1
10662
0
1
11
134217728
3000
500
93
0
1
0
1
0
0
1
1
1
1
1
10676
0
2
10
67108864
1000
250
5
1
0
1
0
0
1

1
1
1
1
10688
0
0
9
67108864
4000
1000
1
0
1
0
0
1

1
1
4
2
10689
0
1
12
67108864
2000
50
28
1
1
0
1
0
0
1
0
1
1
4
2
10717
0
2
10
134217728
1000
50
5
1
0
1
0
0
1

1
1
8
2
10727
0
0
9
134217728
1000
100
1
0
1
0
0
1

1
1
8
1
10754
0
2
10
67108864
1000
1000
100
1
0
1
0
0
1

1
1
8
8
10771
0
1
12
67108864
3000
1000
78
1
1
0
1
0
0
1
0
1
1
1
1
10792
0
1
11
268435456
3000
50
68
0
1
0
1
0
0
1
1
1
4
4
10816
0
2
10
134217728
1000
1000
5
1
0
1
0
0
1

1
1
4
4
10835
0
1
12
268435456
1000
250
66
1
1
0
1
0
0
1
0
1
1
1
1
10848
0
1
11
67108864
2000
1000
4
0
1
0
1
0
0
1
1
1
8
1
10877
0
2
10
268435456
2000
250
100
1
0
1
0
0
1

1
1
2
1
10898
0
2
10
67108864
2000
250
1
1
0
1
0
0
1

1
1
8
8
10925
0
1
12
67108864
3000
50
15
1
1
0
1
0
0
1
0
1
1
8
4
10937
0
1
11
268435456
2000
500
23
0
1
0
1
0
0
1
1
1
1
1
10955
0
2
10
268435456
1000
100
1000
1
0
1
0
0
1

1
1
2
1
10961
0
2
10
134217728
2000
500
1
1
0
1
0
0
1

1
1
4
1
10988
0
1
12
134217728
1000
250
14
1
1
0
1
0
0
1
0
1
1
8
1
11002
0
2
10
67108864
1000
500
10
1
0
1
0
0
1

1
1
2
1
11027
0
1
12
268435456
1000
250
94
1
1
0
1
0
0
1
0
1
1
2
2
11057
0
0
9
134217728
3000
500
1
0
1
0
0
1

1
1
2
2
11076
0
2
10
67108864
4000
500
5
1
0
1
0
0
1

1
1
2
1
11103
0
0
9
268435456
1000
500
1
0
1
0
0
1

1
1
1
1
11129
0
0
9
268435456
3000
100
1
0
1
0
0
1

1
1
8
8
11157
0
0
9
134217728
4000
100
1
0
1
0
0
1

1
1
8
4
11179
0
0
9
268435456
1000
100
1
0
1
0
0
1

1
1
1
1
11186
0
1
11
67108864
4000
1000
55
0
1
0
1
0
0
1
1
1
4
4
11212
0
0
9
67108864
3000
250
1
0
1
0
0
1

1
1
2
1
11216
0
1
11
134217728
1000
1000
9
0
1
0
1
0
0
1
1
1
4
2
11244
0
0
9
134217728
1000
500
1
0
1
0
0
1

1
1
4
1
11272
0
1
12
67108864
2000
100
86
1
1
0
1
0
0
1
0
1
1
1
1
11278
0
0
9
268435456
2000
500
1
0
1
0
0
1

1
1
1
1
11299
0
0
9
67108864
3000
500
1
0
1
0
0
1

1
1
2
1
11309
0
0
9
268435456
1000
500
1
0
1
0
0
1

1
1
2
1
11338
0
2
10
67108864
1000
500
10
1
0
1
0
0
1

1
1
8
2
11347
0
2
10
67108864
2000
500
10
1
0
1
0
0
1

1
1
8
8
11363
0
1
11
268435456
2000
50
40
0
1
0
1
0
0
1
1
1
4
2
11366
0
2
10
268435456
2000
250
5
1
0
1
0
0
1

1
1
8
8
11392
0
0
9
268435456
3000
500
1
0
1
0
0
1

1
1
4
1
11394
0
2
10
67108864
2000
1000
5
1
0
1
0
0
1

1
1
4
2
11395
0
0
9
67108864
3000
1000
1
0
1
0
0
1

1
1
1
1
11424
0
2
10
67108864
2000
500
1000
1
0
1
0
0
1

1
1
8
8
11445
0
2
10
268435456
1000
500
100
1
0
1
0
0
1

1
1
1
1
11461
0
1
11
67108864
1000
100
5
0
1
0
1
0
0
1
1
1
8
2
11468
0
1
12
67108864
2000
100
67
1
1
0
1
0
0
1
0
1
1
8
8
11495
0
1
12
67108864
4000
500
9
1
1
0
1
0
0
1
0
1
1
4
1
11500
0
1
11
268435456
2000
100
50
0
1
0
1
0
0
1
1
1
8
8
11514
0
1
12
268435456
1000
50
69
1
1
0
1
0
0
1
0
1
1
1
1
11534
0
1
12
134217728
3000
50
47
1
1
0
1
0
0
1
0
1
1
4
4
11561
0
1
11
134217728
4000
500
59
0
1
0
1
0
0
1
1
1
1
1
11590
0
0
9
268435456
1000
250
1
0
1
0
0
1

1
1
4
1
11607
0
1
11
268435456
2000
500
13
0
1
0
1
0
0
1
1
1
2
1
11632
0
1
12
67108864
1000
250
97
1
1
0
1
0
0
1
0
1
1
8
1
11660
0
0
9
67108864
4000
100
1
0
1
0
0
1

1
1
2
2
11688
0
2
10
67108864
3000
100
10
1
0
1
0
0
1

1
1
1
1
11706
0
0
9
134217728
1000
500
1
0
1
0
0
1

1
1
1
1
11731
0
2
10
268435456
2000
500
10
1
0
1
0
0
1

1
1
1
1
11750
0
2
10
134217728
1000
1000
1
1
0
1
0
0
1

1
1
1
1
11758
0
1
12
67108864
3000
50
42
1
1
0
1
0
0
1
0
1
1
4
1
11779
0
0
9
134217728
3000
1000
1
0
1
0
0
1

1
1
1
1
11803
0
0
9
67108864
3000
500
1
0
1
0
0
1

1
1
1
1
11829
0
1
11
134217728
4000
50
39
0
1
0
1
0
0
1
1
1
8
8
11839
0
1
12
67108864
4000
1000
75
1
1
0
1
0
0
1
0
1
1
4
4
11866
0
2
10
134217728
3000
1000
100
1
0
1
0
0
1

1
1
1
1
11872
0
1
12
134217728
2000
50
41
1
1
0
1
0
0
1
0
1
1
2
1
11888
0
2
10
134217728
3000
50
5
1
0
1
0
0
1

1
1
4
4
11893
0
1
11
134217728
1000
100
30
0
1
0
1
0
0
1
1
1
8
4
11898
0
1
12
134217728
1000
500
85
1
1
0
1
0
0
1
0
1
1
8
8
11900
0
0
9
67108864
2000
50
1
0
1
0
0
1

1
1
1
1
11924
0
1
12
134217728
4000
500
45
1
1
0
1
0
0
1
0
1
1
2
1
11930
0
2
10
67108864
4000
250
1
1
0
1
0
0
1

1
1
1
1
11934
0
1
11
268435456
2000
100
3
0
1
0
1
0
0
1
1
1
1
1
11952
0
2
10
134217728
3000
50
1000
1
0
1
0
0
1

1
1
1
1
11967
0
0
9
67108864
1000
1000
1
0
1
0
0
1

1
1
2
1
11970
0
0
9
67108864
2000
50
1
0
1
0
0
1

1
1
2
1
11988
0
0
9
134217728
4000
500
1
0
1
0
0
1

1
1
4
2
11994
0
0
9
67108864
3000
50
1
0
1
0
0
1

1
1
8
2
12008
0
1
11
268435456
3000
250
48
0
1
0
1
0
0
1
1
1
4
4
12038
0
0
9
134217728
3000
500
1
0
1
0
0
1

1
1
8
4
12040
0
0
9
268435456
1000
500
1
0
1
0
0
1

1
1
8
1
12055
0
0
9
268435456
2000
250
1
0
1
0
0
1

1
1
8
4
12083
0
2
10
134217728
1000
50
100
1
0
1
0
0
1

1
1
4
4
12088
0
0
9
134217728
3000
250
1
0
1
0
0
1

1
1
2
2
12100
0
0
9
67108864
4000
50
1
0
1
0
0
1

1
1
4
1
12111
0
2
10
67108864
1000
250
1000
1
0
1
0
0
1

1
1
4
4
12140
0
0
9
67108864
4000
100
1
0
1
0
0
1

1
1
8
1
12166
0
1
12
268435456
3000
100
30
1
1
0
1
0
0
1
0
1
1
2
1
12187
0
2
10
268435456
3000
250
1000
1
0
1
0
0
1

1
1
1
1
12202
0
2
10
134217728
4000
500
5
1
0
1
0
0
1

1
1
2
1
12224
0
1
11
134217728
4000
250
54
0
1
0
1
0
0
1
1
1
1
1
12242
0
2
10
134217728
3000
50
1000
1
0
1
0
0
1

1
1
4
2
12243
0
2
10
134217728
2000
50
100
1
0
1
0
0
1

1
1
8
2
12264
0
0
9
67108864
2000
50
1
0
1
0
0
1

1
1
1
1
12284
0
1
11
134217728
1000
100
49
0
1
0
1
0
0
1
1
1
8
2
12298
0
1
12
268435456
2000
250
18
1
1
0
1
0
0
1
0
1
1
8
4
12303
0
0
9
67108864
2000
50
1
0
1
0
0
1

1
1
8
8
12317
0
2
10
67108864
1000
1000
5
1
0
1
0
0
1

1
1
4
1
12335
0
0
9
268435456
3000
250
1
0
1
0
0
1

1
1
4
1
12364
0
2
10
134217728
4000
500
100
1
0
1
0
0
1

1
1
4
2
12371
0
2
10
268435456
1000
500
1000
1
0
1
0
0
1

1
1
4
2
12392
0
1
12
67108864
2000
1000
18
1
1
0
1
0
0
1
0
1
1
8
8
12420
0
2
10
134217728
1000
1000
5
1
0
1
0
0
1

1
1
2
2
12431
0
1
11
134217728
4000
500
9
0
1
0
1
0
0
1
1
1
4
2
12446
0
2
10
67108864
3000
250
1000
1
0
1
0
0
1

1
1
8
1
12464
0
2
10
134217728
2000
50
5
1
0
1
0
0
1

1
1
4
2
12482
0
1
11
268435456
1000
250
12
0
1
0
1
0
0
1
1
1
1
1
12510
0
0
9
268435456
3000
250
1
0
1
0
0
1

1
1
1
1
12531
0
2
10
134217728
2000
1000
1000
1
0
1
0
0
1

1
1
2
2
12536
0
0
9
67108864
3000
100
1
0
1
0
0
1

1
1
1
1
12542
0
2
10
134217728
2000
250
10
1
0
1
0
0
1

1
1
1
1
12569
0
2
10
67108864
1000
250
100
1
0
1
0
0
1

1
1
1
1
12570
0
2
10
134217728
4000
1000
1000
1
0
1
0
0
1

1
1
1
1
12572
0
1
11
268435456
1000
100
25
0
1
0
1
0
0
1
1
1
8
1
12588
0
2
10
268435456
1000
500
1
1
0
1
0
0
1

1
1
2
1
12605
0
1
12
67108864
3000
250
24
1
1
0
1
0
0
1
0
1
1
8
4
12611
0
2
10
134217728
3000
500
10
1
0
1
0
0
1

1
1
8
1
12617
0
1
11
268435456
1000
250
57
0
1
0
1
0
0
1
1
1
1
1
12629
0
1
11
268435456
2000
50
96
0
1
0
1
0
0
1
1
1
1
1
12656
0
0
9
134217728
4000
50
1
0
1
0
0
1

1
1
4
4
12682
0
2
10
67108864
2000
1000
1
1
0
1
0
0
1

1
1
1
1
12690
0
0
9
134217728
3000
500
1
0
1
0
0
1

1
1
1
1
12719
0
1
11
134217728
4000
50
55
0
1
0
1
0
0
1
1
1
4
1
12738
0
0
9
67108864
3000
1000
1
0
1
0
0
1

1
1
4
4
12765
0
0
9
67108864
4000
250
1
0
1
0
0
1

1
1
8
4
12787
0
0
9
268435456
1000
50
1
0
1
0
0
1

1
1
2
1
12798
0
1
12
67108864
2000
250
60
1
1
0
1
0
0
1
0
1
1
2
1
12801
0
1
12
134217728
2000
250
55
1
1
0
1
0
0
1
0
1
1
1
1
12805
0
1
12
134217728
2000
250
41
1
1
0
1
0
0
1
0
1
1
2
2
12822
0
1
11
268435456
3000
500
22
0
1
0
1
0
0
1
1
1
1
1
12833
0
2
10
134217728
3000
100
100
1
0
1
0
0
1

1
1
4
2
12845
0
0
9
67108864
3000
500
1
0
1
0
0
1

1
1
8
4
12846
0
2
10
67108864
1000
500
10
1
0
1
0
0
1

1
1
8
8
12861
0
2
10
268435456
2000
500
5
1
0
1
0
0
1

1
1
4
2
12882
0
0
9
268435456
2000
100
1
0
1
0
0
1

1
1
8
8
12894
0
1
11
67108864
4000
100
23
0
1
0
1
0
0
1
1
1
2
1
12909
0
0
9
268435456
3000
50
1
0
1
0
0
1

1
1
1
1
12910
0
2
10
134217728
2000
50
10
1
0
1
0
0
1

1
1
2
2
12915
0
2
10
67108864
1000
100
1000
1
0
1
0
0
1

1
1
4
2
12924
0
0
9
268435456
3000
500
1
0
1
0
0
1

1
1
8
8
12926
0
2
10
134217728
3000
1000
1
1
0
1
0
0
1

1
1
2
1
12949
0
0
9
134217728
3000
250
1
0
1
0
0
1

1
1
2
1
12952
0
1
12
67108864
1000
250
82
1
1
0
1
0
0
1
0
1
1
1
1
12963
0
0
9
268435456
3000
500
1
0
1
0
0
1

1
1
4
2
12966
0
0
9
67108864
1000
1000
1
0
1
0
0
1

1
1
8
8
12989
0
1
11
268435456
2000
500
55
0
1
0
1
0
0
1
1
1
2
2
13004
0
0
9
268435456
1000
500
1
0
1
0
0
1

1
1
1
1
13032
0
0
9
134217728
3000
500
1
0
1
0
0
1

1
1
1
1
13052
0
1
11
67108864
3000
250
39
0
1
0
1
0
0
1
1
1
8
2
13057
0
2
10
268435456
1000
250
1000
1
0
1
0
0
1

1
1
4
4
13064
0
1
11
268435456
3000
100
53
0
1
0
1
0
0
1
1
1
2
1
13085
0
0
9
134217728
3000
1000
1
0
1
0
0
1

1
1
4
2
13088
0
1
12
268435456
3000
500
56
1
1
0
1
0
0
1
0
1
1
4
2
13091
0
1
12
134217728
3000
1000
20
1
1
0
1
0
0
1
0
1
1
8
1
13099
0
2
10
268435456
3000
100
5
1
0
1
0
0
1

1
1
4
1
13107
0
2
10
268435456
3000
500
1000
1
0
1
0
0
1

1
1
4
2
13114
0
1
12
67108864
4000
1000
67
1
1
0
1
0
0
1
0
1
1
8
1
13139
0
2
10
134217728
1000
250
5
1
0
1
0
0
1

1
1
4
2
13144
0
2
10
268435456
3000
500
1000
1
0
1
0
0
1

1
1
8
8
13158
0
1
11
268435456
1000
250
75
0
1
0
1
0
0
1
1
1
8
1
13167
0
0
9
134217728
3000
500
1
0
1
0
0
1

1
1
8
4
13190
0
1
12
268435456
3000
500
70
1
1
0
1
0
0
1
0
1
1
1
1
13196
0
1
12
67108864
1000
100
77
1
1
0
1
0
0
1
0
1
1
2
1
13209
0
0
9
134217728
3000
1000
1
0
1
0
0
1

1
1
1
1
13229
0
1
12
134217728
2000
1000
73
1
1
0
1
0
0
1
0
1
1
2
1
13231
0
1
11
67108864
2000
500
69
0
1
0
1
0
0
1
1
1
8
8
13234
0
0
9
134217728
4000
1000
1
0
1
0
0
1

1
1
1
1
13240
0
0
9
67108864
2000
50
1
0
1
0
0
1

1
1
2
1
13241
0
1
12
268435456
1000
50
55
1
1
0
1
0
0
1
0
1
1
8
8
13242
0
1
11
134217728
1000
250
77
0
1
0
1
0
0
1
1
1
2
1
13267
0
0
9
134217728
2000
500
1
0
1
0
0
1

1
1
8
4
13296
0
0
9
134217728
2000
500
1
0
1
0
0
1

1
1
1
1
13323
0
0
9
134217728
1000
250
1
0
1
0
0
1

1
1
1
1
13338
0
2
10
134217728
3000
1000
1000
1
0
1
0
0
1

1
1
8
1
13365
0
0
9
134217728
1000
1000
1
0
1
0
0
1

1
1
8
1
13367
0
2
10
67108864
1000
100
1000
1
0
1
0
0
1

1
1
4
1
13372
0
2
10
268435456
1000
500
1000
1
0
1
0
0
1

1
1
1
1
13402
0
2
10
268435456
2000
100
5
1
0
1
0
0
1

1
1
2
1
13425
0
0
9
134217728
1000
500
1
0
1
0
0
1

1
1
8
8
13441
0
1
11
268435456
3000
250
94
0
1
0
1
0
0
1
1
1
4
2
13452
0
0
9
67108864
3000
1000
1
0
1
0
0
1

1
1
4
2
13454
0
2
10
268435456
3000
250
10
1
0
1
0
0
1

1
1
2
1
13456
0
0
9
268435456
3000
250
1
0
1
0
0
1

1
1
8
8
13483
0
2
10
134217728
2000
1000
10
1
0
1
0
0
1

1
1
2
1
13513
0
2
10
268435456
1000
500
1000
1
0
1
0
0
1

1
1
4
4
13517
0
2
10
268435456
3000
100
5
1
0
1
0
0
1

1
1
2
1
13518
0
0
9
134217728
2000
250
1
0
1
0
0
1

1
1
4
2
13546
0
0
9
134217728
1000
250
1
0
1
0
0
1

1
1
1
1
13550
0
1
11
134217728
4000
100
12
0
1
0
1
0
0
1
1
1
8
4
13576
0
2
10
268435456
2000
500
100
1
0
1
0
0
1

1
1
1
1
13599
0
1
12
268435456
3000
250
68
1
1
0
1
0
0
1
0
1
1
8
4
13616
0
1
12
134217728
2000
1000
66
1
1
0
1
0
0
1
0
1
1
2
1
13635
0
0
9
67108864
4000
100
1
0
1
0
0
1

1
1
4
4
13653
0
1
11
134217728
3000
1000
27
0
1
0
1
0
0
1
1
1
4
2
13670
0
1
12
134217728
1000
1000
68
1
1
0
1
0
0
1
0
1
1
4
4
13675
0
1
12
67108864
1000
100
67
1
1
0
1
0
0
1
0
1
1
1
1
13703
0
0
9
67108864
3000
250
1
0
1
0
0
1

1
1
2
1
13708
0
2
10
268435456
3000
250
100
1
0
1
0
0
1

1
1
4
4
13733
0
0
9
134217728
1000
250
1
0
1
0
0
1

1
1
8
4
13759
0
1
12
67108864
2000
100
80
1
1
0
1
0
0
1
0
1
1
4
1
13773
0
0
9
134217728
4000
50
1
0
1
0
0
1

1
1
1
1
13800
0
0
9
134217728
3000
1000
1
0
1
0
0
1

1
1
4
2
13806
0
2
10
134217728
1000
250
10
1
0
1
0
0
1

1
1
1
1
13829
0
1
11
67108864
4000
250
86
0
1
0
1
0
0
1
1
1
8
8
13850
0
2
10
134217728
3000
100
5
1
0
1
0
0
1

1
1
4
1
13862
0
1
11
134217728
3000
250
65
0
1
0
1
0
0
1
1
1
2
1
13871
0
1
11
67108864
4000
50
58
0
1
0
1
0
0
1
1
1
4
2
13901
0
2
10
67108864
4000
250
5
1
0
1
0
0
1

1
1
4
1
13907
0
0
9
67108864
3000
250
1
0
1
0
0
1

1
1
1
1
13931
0
0
9
134217728
3000
1000
1
0
1
0
0
1

1
1
4
4
13937
0
2
10
134217728
1000
50
1000
1
0
1
0
0
1

1
1
2
2
13946
0
0
9
134217728
3000
100
1
0
1
0
0
1

1
1
2
1
13975
0
0
9
67108864
4000
500
1
0
1
0
0
1

1
1
1
1
13978
0
0
9
67108864
2000
50
1
0
1
0
0
1

1
1
4
1
13993
0
1
11
268435456
3000
250
19
0
1
0
1
0
0
1
1
1
1
1
13999
0
2
10
268435456
1000
500
1
1
0
1
0
0
1

1
1
1
1
14001
0
1
11
134217728
3000
500
63
0
1
0
1
0
0
1
1
1
4
2
14029
0
1
12
67108864
4000
500
74
1
1
0
1
0
0
1
0
1
1
1
1
14037
0
0
9
268435456
2000
50
1
0
1
0
0
1

1
1
4
2
14050
0
0
9
134217728
3000
250
1
0
1
0
0
1

1
1
8
8
14063
0
2
10
268435456
3000
500
1
1
0
1
0
0
1

1
1
4
2
14078
0
2
10
134217728
4000
250
10
1
0
1
0
0
1

1
1
8
8
14093
0
1
12
67108864
4000
1000
20
1
1
0
1
0
0
1
0
1
1
1
1
14103
0
0
9
268435456
3000
100
1
0
1
0
0
1

1
1
8
1
14133
0
1
12
268435456
1000
100
2
1
1
0
1
0
0
1
0
1
1
1
1
14150
0
0
9
134217728
1000
1000
1
0
1
0
0
1

1
1
8
1
14155
0
0
9
268435456
2000
500
1
0
1
0
0
1

1
1
1
1
14173
0
2
10
134217728
4000
50
5
1
0
1
0
0
1

1
1
2
1
14179
0
2
10
134217728
1000
250
1
1
0
1
0
0
1

1
1
2
1
14199
0
2
10
67108864
3000
100
10
1
0
1
0
0
1

1
1
4
2
14228
0
1
11
67108864
2000
500
43
0
1
0
1
0
0
1
1
1
4
2
14256
0
1
11
134217728
1000
100
43
0
1
0
1
0
0
1
1
1
4
4
14280
0
2
10
67108864
4000
250
100
1
0
1
0
0
1

1
1
4
2
14293
0
0
9
268435456
2000
50
1
0
1
0
0
1

1
1
1
1
14317
0
1
11
134217728
4000
1000
10
0
1
0
1
0
0
1
1
1
2
1
14322
0
0
9
134217728
2000
50
1
0
1
0
0
1

1
1
2
1
14326
0
0
9
268435456
3000
250
1
0
1
0
0
1

1
1
1
1
14355
0
1
12
268435456
2000
100
84
1
1
0
1
0
0
1
0
1
1
2
2
14356
0
2
10
134217728
1000
250
100
1
0
1
0
0
1

1
1
4
2
14379
0
2
10
134217728
4000
250
1000
1
0
1
0
0
1

1
1
1
1
14395
0
2
10
134217728
2000
1000
1000
1
0
1
0
0
1

1
1
2
2
14405
0
0
9
134217728
3000
500
1
0
1
0
0
1

1
1
1
1
14410
0
0
9
268435456
3000
250
1
0
1
0
0
1

1
1
4
2
14435
0
1
12
67108864
3000
50
58
1
1
0
1
0
0
1
0
1
1
2
2
14441
0
1
12
268435456
1000
500
21
1
1
0
1
0
0
1
0
1
1
2
2
14450
0
1
11
268435456
1000
500
48
0
1
0
1
0
0
1
1
1
1
1
14453
0
2
10
268435456
3000
500
10
1
0
1
0
0
1

1
1
8
8
14469
0
1
11
268435456
2000
50
89
0
1
0
1
0
0
1
1
1
1
1
14482
0
0
9
268435456
3000
500
1
0
1
0
0
1

1
1
8
1
14488
0
1
11
134217728
1000
50
12
0
1
0
1
0
0
1
1
1
8
8
14515
0
2
10
134217728
3000
250
10
1
0
1
0
0
1

1
1
1
1
14532
0
0
9
268435456
3000
500
1
0
1
0
0
1

1
1
1
1
14538
0
2
10
67108864
3000
500
1
1
0
1
0
0
1

1
1
4
2
14566
0
1
12
268435456
1000
500
46
1
1
0
1
0
0
1
0
1
1
1
1
14584
0
0
9
268435456
3000
500
1
0
1
0
0
1

1
1
4
1
14599
0
1
11
67108864
4000
250
32
0
1
0
1
0
0
1
1
1
2
1
14615
0
2
10
67108864
4000
1000
5
1
0
1
0
0
1

1
1
8
8
14633
0
0
9
268435456
1000
50
1
0
1
0
0
1

1
1
2
1
14641
0
1
12
268435456
2000
250
57
1
1
0
1
0
0
1
0
1
1
1
1
14664
0
0
9
134217728
3000
1000
1
0
1
0
0
1

1
1
8
2
14669
0
2
10
268435456
2000
500
10
1
0
1
0
0
1

1
1
2
1
14678
0
2
10
268435456
3000
50
5
1
0
1
0
0
1

1
1
8
4
14691
0
1
12
67108864
4000
100
27
1
1
0
1
0
0
1
0
1
1
1
1
14700
0
2
10
134217728
4000
500
100
1
0
1
0
0
1

1
1
1
1
14723
0
1
12
134217728
1000
500
45
1
1
0
1
0
0
1
0
1
1
4
2
14734
0
1
11
268435456
1000
100
78
0
1
0
1
0
0
1
1
1
8
8
14760
0
1
12
268435456
3000
50
3
1
1
0
1
0
0
1
0
1
1
4
2
14772
0
1
11
134217728
4000
1000
62
0
1
0
1
0
0
1
1
1
2
2
14778
0
0
9
67108864
4000
500
1
0
1
0
0
1

1
1
1
1
14792
0
0
9
67108864
2000
500
1
0
1
0
0
1

1
1
2
2
14802
0
0
9
67108864
4000
50
1
0
1
0
0
1

1
1
4
2
14822
0
0
9
268435456
3000
500
1
0
1
0
0
1

1
1
2
2
14851
0
1
11
134217728
3000
1000
23
0
1
0
1
0
0
1
1
1
4
2
14856
0
0
9
134217728
3000
500
1
0
1
0
0
1

1
1
8
4
14869
0
0
9
268435456
3000
50
1
0
1
0
0
1

1
1
8
8
14899
0
1
11
67108864
3000
100
40
0
1
0
1
0
0
1
1
1
8
2
14929
0
0
9
268435456
3000
50
1
0
1
0
0
1

1
1
4
1
14949
0
2
10
67108864
1000
500
5
1
0
1
0
0
1

1
1
8
4
14976
0
1
12
268435456
2000
100
71
1
1
0
1
0
0
1
0
1
1
2
1
14977
0
2
10
67108864
2000
500
100
1
0
1
0
0
1

1
1
1
1
14991
0
0
9
67108864
1000
1000
1
0
1
0
0
1

1
1
1
1
15000
0
2
10
67108864
4000
250
1
1
0
1
0
0
1

1
1
4
2
15019
0
2
10
268435456
2000
500
1000
1
0
1
0
0
1

1
1
4
2
15037
0
0
9
134217728
2000
500
1
0
1
0
0
1

1
1
1
1
15046
0
2
10
134217728
1000
1000
10
1
0
1
0
0
1

1
1
1
1
15057
0
0
9
268435456
3000
250
1
0
1
0
0
1

1
1
1
1
15078
0
2
10
134217728
4000
1000
1000
1
0
1
0
0
1

1
1
4
1
15089
0
1
12
134217728
1000
250
13
1
1
0
1
0
0
1
0
1
1
2
2
15096
0
1
12
67108864
3000
100
53
1
1
0
1
0
0
1
0
1
1
1
1
15106
0
1
11
268435456
3000
250
15
0
1
0
1
0
0
1
1
1
2
1
15118
0
1
12
268435456
1000
50
6
1
1
0
1
0
0
1
0
1
1
1
1
15130
0
0
9
67108864
1000
250
1
0
1
0
0
1

1
1
8
1
15156
0
2
10
268435456
1000
250
1000
1
0
1
0
0
1

1
1
4
2
15164
0
0
9
67108864
1000
1000
1
0
1
0
0
1

1
1
4
2
15166
0
2
10
268435456
3000
50
1
1
0
1
0
0
1

1
1
2
2
15183
0
0
9
134217728
2000
1000
1
0
1
0
0
1

1
1
4
2
15200
0
0
9
134217728
1000
250
1
0
1
0
0
1

1
1
1
1
15217
0
0
9
134217728
4000
1000
1
0
1
0
0
1

1
1
2
1
15221
0
2
10
134217728
2000
100
1
1
0
1
0
0
1

1
1
1
1
15225
0
2
10
67108864
2000
100
1000
1
0
1
0
0
1

1
1
1
1
15251
0
1
11
268435456
1000
250
3
0
1
0
1
0
0
1
1
1
1
1
15281
0
1
12
134217728
2000
1000
90
1
1
0
1
0
0
1
0
1
1
2
1
15290
0
0
9
134217728
3000
1000
1
0
1
0
0
1

1
1
1
1
15298
0
2
10
67108864
4000
500
100
1
0
1
0
0
1

1
1
2
1
15317
0
2
10
67108864
3000
1000
10
1
0
1
0
0
1

1
1
1
1
15333
0
2
10
134217728
1000
500
5
1
0
1
0
0
1

1
1
2
1
15351
0
2
10
67108864
3000
100
100
1
0
1
0
0
1

1
1
2
1
15360
0
1
12
134217728
1000
1000
24
1
1
0
1
0
0
1
0
1
1
1
1
15361
0
2
10
67108864
2000
250
1000
1
0
1
0
0
1

1
1
2
1
15365
0
1
11
134217728
2000
1000
29
0
1
0
1
0
0
1
1
1
4
1
15394
0
2
10
268435456
3000
500
1
1
0
1
0
0
1

1
1
4
2
15395
0
1
11
134217728
2000
1000
10
0
1
0
1
0
0
1
1
1
2
1
15421
0
2
10
67108864
3000
1000
1000
1
0
1
0
0
1

1
1
1
1
15442
0
1
12
134217728
2000
100
63
1
1
0
1
0
0
1
0
1
1
4
2
15468
0
1
12
134217728
3000
500
68
1
1
0
1
0
0
1
0
1
1
1
1
15470
0
0
9
134217728
3000
500
1
0
1
0
0
1

1
1
2
1
15489
0
1
11
67108864
1000
50
36
0
1
0
1
0
0
1
1
1
4
1
15501
0
1
12
134217728
1000
100
76
1
1
0
1
0
0
1
0
1
1
1
1
15507
0
2
10
268435456
3000
50
1000
1
0
1
0
0
1

1
1
2
1
15510
0
0
9
67108864
2000
50
1
0
1
0
0
1

1
1
4
2
15524
0
2
10
134217728
4000
100
1000
1
0
1
0
0
1

1
1
1
1
15527
0
1
11
268435456
1000
100
81
0
1
0
1
0
0
1
1
1
4
2
15551
0
2
10
268435456
3000
50
1
1
0
1
0
0
1

1
1
2
1
15559
0
0
9
134217728
4000
250
1
0
1
0
0
1

1
1
1
1
15565
0
2
10
67108864
2000
100
10
1
0
1
0
0
1

1
1
2
1
15573
0
2
10
268435456
3000
500
1000
1
0
1
0
0
1

1
1
8
1
15581
0
0
9
268435456
3000
100
1
0
1
0
0
1

1
1
1
1
15582
0
2
10
268435456
1000
250
5
1
0
1
0
0
1

1
1
4
1
15605
0
1
11
134217728
3000
500
47
0
1
0
1
0
0
1
1
1
4
2
15617
0
2
10
134217728
2000
50
10
1
0
1
0
0
1

1
1
2
1
15639
0
1
12
67108864
3000
1000
89
1
1
0
1
0
0
1
0
1
1
4
1
15651
0
1
12
134217728
3000
100
5
1
1
0
1
0
0
1
0
1
1
1
1
15667
0
0
9
268435456
1000
250
1
0
1
0
0
1

1
1
8
8
15694
0
2
10
134217728
1000
50
100
1
0
1
0
0
1

1
1
2
1
15719
0
2
10
67108864
1000
500
10
1
0
1
0
0
1

1
1
2
1
15735
0
0
9
134217728
2000
100
1
0
1
0
0
1

1
1
2
1
15745
0
0
9
134217728
1000
100
1
0
1
0
0
1

1
1
2
1
15769
0
0
9
268435456
3000
500
1
0
1
0
0
1

1
1
1
1
15795
0
1
11
134217728
4000
500
22
0
1
0
1
0
0
1
1
1
4
1
15811
0
1
11
67108864
2000
50
33
0
1
0
1
0
0
1
1
1
8
8
15812
0
2
10
67108864
1000
50
100
1
0
1
0
0
1

1
1
4
1
15813
0
0
9
134217728
2000
500
1
0
1
0
0
1

1
1
4
2
15840
0
0
9
134217728
3000
100
1
0
1
0
0
1

1
1
8
8
15858
0
2
10
268435456
1000
100
5
1
0
1
0
0
1

1
1
4
4
15886
0
2
10
134217728
1000
1000
100
1
0
1
0
0
1

1
1
8
1
15912
0
2
10
134217728
4000
50
10
1
0
1
0
0
1

1
1
1
1
15923
0
0
9
134217728
2000
50
1
0
1
0
0
1

1
1
2
1
15933
0
2
10
67108864
3000
50
100
1
0
1
0
0
1

1
1
1
1
15958
0
0
9
67108864
1000
250
1
0
1
0
0
1

1
1
2
1
15984
0
0
9
67108864
1000
50
1
0
1
0
0
1

1
1
4
1
16011
0
0
9
134217728
4000
250
1
0
1
0
0
1

1
1
4
2
16029
0
2
10
268435456
2000
100
1000
1
0
1
0
0
1

1
1
8
8
16030
0
1
12
134217728
4000
250
96
1
1
0
1
0
0
1
0
1
1
8
4
16048
0
1
12
134217728
3000
100
56
1
1
0
1
0
0
1
0
1
1
4
2
16076
0
1
11
134217728
4000
100
13
0
1
0
1
0
0
1
1
1
1
1
16089
0
1
12
67108864
1000
50
90
1
1
0
1
0
0
1
0
1
1
8
1
16105
0
0
9
134217728
1000
100
1
0
1
0
0
1

1
1
1
1
16118
0
2
10
67108864
2000
50
1
1
0
1
0
0
1

1
1
2
1
16125
0
2
10
268435456
1000
250
5
1
0
1
0
0
1

1
1
2
2
16153
0
0
9
134217728
2000
1000
1
0
1
0
0
1

1
1
4
2
16165
0
0
9
268435456
2000
100
1
0
1
0
0
1

1
1
2
1
16168
0
2
10
67108864
4000
250
1
1
0
1
0
0
1

1
1
4
1
16197
0
0
9
67108864
3000
100
1
0
1
0
0
1

1
1
4
2
16201
0
1
11
268435456
3000
500
83
0
1
0
1
0
0
1
1
1
4
2
16219
0
1
11
67108864
2000
500
62
0
1
0
1
0
0
1
1
1
4
2
16249
0
0
9
268435456
2000
100
1
0
1
0
0
1

1
1
1
1
16260
0
0
9
268435456
3000
500
1
0
1
0
0
1

1
1
1
1
16272
0
0
9
134217728
2000
100
1
0
1
0
0
1

1
1
8
2
16284
0
0
9
67108864
1000
1000
1
0
1
0
0
1

1
1
8
4
16296
0
0
9
67108864
1000
250
1
0
1
0
0
1

1
1
4
2
16307
0
0
9
67108864
1000
250
1
0
1
0
0
1

1
1
1
1
16322
0
0
9
67108864
1000
1000
1
0
1
0
0
1

1
1
4
2
16351
0
2
10
67108864
3000
500
5
1
0
1
0
0
1

1
1
2
2
16358
0
0
9
134217728
1000
1000
1
0
1
0
0
1

1
1
4
1
16387
0
2
10
67108864
4000
500
1
1
0
1
0
0
1

1
1
1
1
16403
0
0
9
67108864
3000
1000
1
0
1
0
0
1

1
1
1
1
16425
0
1
12
67108864
1000
250
70
1
1
0
1
0
0
1
0
1
1
8
4
16444
0
0
9
67108864
2000
50
1
0
1
0
0
1

1
1
4
4
16462
0
0
9
67108864
4000
500
1
0
1
0
0
1

1
1
1
1
16480
0
1
11
134217728
1000
500
57
0
1
0
1
0
0
1
1
1
1
1
16487
0
2
10
67108864
1000
1000
10
1
0
1
0
0
1

1
1
8
1
16493
0
2
10
134217728
2000
500
5
1
0
1
0
0
1

1
1
1
1
16507
0
1
12
268435456
2000
100
38
1
1
0
1
0
0
1
0
1
1
4
2
16513
0
0
9
67108864
2000
100
1
0
1
0
0
1

1
1
2
1
16522
0
2
10
268435456
3000
500
5
1
0
1
0
0
1

1
1
2
1
16531
0
2
10
268435456
3000
500
1000
1
0
1
0
0
1

1
1
8
4
16559
0
1
12
67108864
1000
250
98
1
1
0
1
0
0
1
0
1
1
1
1
16560
0
2
10
67108864
1000
100
100
1
0
1
0
0
1

1
1
2
1
16566
0
1
11
67108864
2000
100
93
0
1
0
1
0
0
1
1
1
4
4
16576
0
0
9
67108864
2000
1000
1
0
1
0
0
1

1
1
8
1
16592
0
1
11
268435456
3000
100
59
0
1
0
1
0
0
1
1
1
1
1
16609
0
2
10
134217728
3000
500
100
1
0
1
0
0
1

1
1
4
1
16629
0
2
10
134217728
4000
500
100
1
0
1
0
0
1

1
1
2
2
16653
0
0
9
67108864
4000
100
1
0
1
0
0
1

1
1
1
1
16667
0
0
9
67108864
3000
250
1
0
1
0
0
1

1
1
2
2
16670
0
2
10
268435456
2000
500
10
1
0
1
0
0
1

1
1
1
1
16689
0
0
9
67108864
1000
1000
1
0
1
0
0
1

1
1
8
1
16693
0
1
11
67108864
1000
100
29
0
1
0
1
0
0
1
1
1
1
1
16722
0
2
10
134217728
3000
100
5
1
0
1
0
0
1

1
1
1
1
16746
0
1
12
67108864
3000
100
48
1
1
0
1
0
0
1
0
1
1
8
8
16755
0
1
12
134217728
4000
250
28
1
1
0
1
0
0
1
0
1
1
1
1
16769
0
2
10
67108864
4000
50
100
1
0
1
0
0
1

1
1
2
1
16793
0
1
12
67108864
1000
50
26
1
1
0
1
0
0
1
0
1
1
4
4
16822
0
0
9
268435456
1000
500
1
0
1
0
0
1

1
1
4
4
16839
0
1
11
268435456
1000
100
55
0
1
0
1
0
0
1
1
1
1
1
16843
0
0
9
268435456
3000
100
1
0
1
0
0
1

1
1
8
8
16859
0
2
10
134217728
4000
500
1000
1
0
1
0
0
1

1
1
2
1
16869
0
0
9
67108864
4000
1000
1
0
1
0
0
1

1
1
4
2
16877
0
2
10
134217728
1000
500
100
1
0
1
0
0
1

1
1
1
1
16904
0
1
11
134217728
4000
250
16
0
1
0
1
0
0
1
1
1
1
1
16918
0
0
9
67108864
3000
100
1
0
1
0
0
1

1
1
1
1
16920
0
2
10
268435456
3000
100
100
1
0
1
0
0
1

1
1
1
1
16937
0
0
9
67108864
2000
100
1
0
1
0
0
1

1
1
4
1
16948
0
0
9
134217728
3000
250
1
0
1
0
0
1

1
1
8
1
16965
0
2
10
67108864
4000
100
100
1
0
1
0
0
1

1
1
8
1
16989
0
0
9
268435456
3000
500
1
0
1
0
0
1

1
1
4
4
17004
0
2
10
134217728
3000
500
1000
1
0
1
0
0
1

1
1
4
2
17031
0
1
12
134217728
4000
250
11
1
1
0
1
0
0
1
0
1
1
2
2
17052
0
2
10
268435456
1000
100
5
1
0
1
0
0
1

1
1
8
1
17058
0
1
12
268435456
3000
250
37
1
1
0
1
0
0
1
0
1
1
1
1
17083
0
1
12
134217728
1000
100
72
1
1
0
1
0
0
1
0
1
1
4
2
17084
0
0
9
268435456
3000
100
1
0
1
0
0
1

1
1
2
1
17090
0
1
11
268435456
2000
500
79
0
1
0
1
0
0
1
1
1
4
1
17105
0
1
12
67108864
1000
250
81
1
1
0
1
0
0
1
0
1
1
4
2
17108
0
0
9
67108864
1000
1000
1
0
1
0
0
1

1
1
1
1
17120
0
2
10
67108864
2000
250
100
1
0
1
0
0
1

1
1
8
2
17131
0
0
9
268435456
1000
250
1
0
1
0
0
1

1
1
1
1
17140
0
2
10
134217728
4000
250
5
1
0
1
0
0
1

1
1
8
8
17170
0
2
10
134217728
4000
500
1000
1
0
1
0
0
1

1
1
8
8
17189
0
0
9
268435456
2000
500
1
0
1
0
0
1

1
1
1
1
17216
0
2
10
67108864
2000
1000
100
1
0
1
0
0
1

1
1
4
1
17228
0
1
11
67108864
1000
500
61
0
1
0
1
0
0
1
1
1
4
2
17253
0
0
9
67108864
3000
250
1
0
1
0
0
1

1
1
4
2
17272
0
2
10
67108864
4000
1000
5
1
0
1
0
0
1

1
1
2
1
17275
0
2
10
67108864
1000
500
100
1
0
1
0
0
1

1
1
2
1
17299
0
2
10
134217728
1000
100
1000
1
0
1
0
0
1

1
1
2
2
17319
0
2
10
268435456
2000
50
5
1
0
1
0
0
1

1
1
1
1
17341
0
2
10
134217728
2000
500
5
1
0
1
0
0
1

1
1
1
1
17345
0
2
10
67108864
1000
250
5
1
0
1
0
0
1

1
1
2
1
17369
0
0
9
134217728
2000
1000
1
0
1
0
0
1

1
1
8
1
17373
0
0
9
134217728
3000
250
1
0
1
0
0
1

1
1
1
1
17375
0
0
9
268435456
3000
500
1
0
1
0
0
1

1
1
1
1
17382
0
1
11
134217728
4000
50
29
0
1
0
1
0
0
1
1
1
2
2
17384
0
2
10
268435456
1000
50
1000
1
0
1
0
0
1

1
1
2
1
17401
0
0
9
67108864
3000
100
1
0
1
0
0
1

1
1
2
1
17427
0
2
10
134217728
3000
100
10
1
0
1
0
0
1

1
1
2
1
17444
0
0
9
67108864
4000
100
1
0
1
0
0
1

1
1
8
1
17454
0
2
10
134217728
3000
250
1000
1
0
1
0
0
1

1
1
4
1
17457
0
2
10
67108864
3000
50
5
1
0
1
0
0
1

1
1
1
1
17468
0
2
10
134217728
3000
100
100
1
0
1
0
0
1

1
1
4
2
17478
0
0
9
67108864
2000
500
1
0
1
0
0
1

1
1
2
1
17487
0
1
11
134217728
2000
500
58
0
1
0
1
0
0
1
1
1
1
1
17505
0
0
9
268435456
3000
100
1
0
1
0
0
1

1
1
2
1
17508
0
2
10
67108864
3000
250
5
1
0
1
0
0
1

1
1
2
1
17522
0
1
11
67108864
3000
500
17
0
1
0
1
0
0
1
1
1
4
2
17551
0
0
9
134217728
2000
500
1
0
1
0
0
1

1
1
1
1
17579
0
1
12
134217728
3000
250
52
1
1
0
1
0
0
1
0
1
1
4
4
17606
0
2
10
268435456
3000
100
1000
1
0
1
0
0
1

1
1
2
1
17620
0
2
10
134217728
4000
1000
100
1
0
1
0
0
1

1
1
4
2
17624
0
1
12
67108864
4000
500
61
1
1
0
1
0
0
1
0
1
1
1
1
17642
0
2
10
268435456
1000
50
1
1
0
1
0
0
1

1
1
8
1
17666
0
1
11
134217728
2000
100
2
0
1
0
1
0
0
1
1
1
4
1
17696
0
2
10
268435456
1000
100
100
1
0
1
0
0
1

1
1
4
2
17699
0
0
9
67108864
1000
100
1
0
1
0
0
1

1
1
4
4
17709
0
2
10
134217728
4000
50
5
1
0
1
0
0
1

1
1
8
2
17717
0
0
9
67108864
2000
100
1
0
1
0
0
1

1
1
8
4
17731
0
2
10
268435456
1000
250
1
1
0
1
0
0
1

1
1
2
1
17756
0
2
10
268435456
2000
250
5
1
0
1
0
0
1

1
1
2
2
17772
0
0
9
67108864
1000
250
1
0
1
0
0
1

1
1
8
4
17776
0
1
12
67108864
1000
1000
19
1
1
0
1
0
0
1
0
1
1
8
4
17804
0
0
9
134217728
1000
1000
1
0
1
0
0
1

1
1
1
1
17810
0
1
12
134217728
2000
500
3
1
1
0
1
0
0
1
0
1
1
8
4
17835
0
0
9
268435456
1000
500
1
0
1
0
0
1

1
1
2
2
17844
0
2
10
134217728
1000
100
10
1
0
1
0
0
1

1
1
4
1
17857
0
0
9
134217728
3000
500
1
0
1
0
0
1

1
1
8
4
17866
0
2
10
134217728
3000
500
1
1
0
1
0
0
1

1
1
1
1
17884
0
1
11
268435456
1000
500
7
0
1
0
1
0
0
1
1
1
2
2
17907
0
1
11
268435456
3000
500
96
0
1
0
1
0
0
1
1
1
8
2
17929
0
1
12
134217728
4000
250
24
1
1
0
1
0
0
1
0
1
1
4
2
17934
0
0
9
268435456
2000
50
1
0
1
0
0
1

1
1
1
1
17950
0
0
9
134217728
1000
1000
1
0
1
0
0
1

1
1
8
2
17957
0
1
11
268435456
1000
250
37
0
1
0
1
0
0
1
1
1
1
1
17987
0
2
10
134217728
4000
100
1000
1
0
1
0
0
1

1
1
2
1
18013
0
1
11
134217728
2000
50
70
0
1
0
1
0
0
1
1
1
4
2
18023
0
1
12
134217728
3000
250
60
1
1
0
1
0
0
1
0
1
1
8
4
18037
0
0
9
134217728
4000
500
1
0
1
0
0
1

1
1
2
1
18048
0
2
10
268435456
1000
250
1
1
0
1
0
0
1

1
1
8
2
18063
0
0
9
134217728
3000
500
1
0
1
0
0
1

1
1
8
8
18085
0
0
9
134217728
1000
250
1
0
1
0
0
1

1
1
2
1
18105
0
1
11
134217728
1000
100
10
0
1
0
1
0
0
1
1
1
1
1
18129
0
1
12
134217728
3000
500
53
1
1
0
1
0
0
1
0
1
1
2
1
18138
0
0
9
268435456
2000
250
1
0
1
0
0
1

1
1
4
2
18162
0
2
10
134217728
3000
50
10
1
0
1
0
0
1

1
1
1
1
18170
0
1
11
268435456
3000
50
2
0
1
0
1
0
0
1
1
1
2
2
18199
0
0
9
134217728
2000
500
1
0
1
0
0
1

1
1
2
1
18207
0
2
10
134217728
1000
250
1
1
0
1
0
0
1

1
1
1
1
18225
0
2
10
268435456
2000
500
100
1
0
1
0
0
1

1
1
8
1
18250
0
2
10
268435456
3000
500
5
1
0
1
0
0
1

1
1
1
1
18275
0
2
10
268435456
3000
50
1
1
0
1
0
0
1

1
1
4
4
18303
0
1
11
134217728
3000
1000
67
0
1
0
1
0
0
1
1
1
1
1
18312
0
1
12
67108864
2000
500
12
1
1
0
1
0
0
1
0
1
1
1
1
18316
0
1
11
134217728
2000
500
96
0
1
0
1
0
0
1
1
1
2
1
18335
0
2
10
268435456
2000
250
1
1
0
1
0
0
1

1
1
8
1
18362
0
0
9
134217728
2000
50
1
0
1
0
0
1

1
1
4
2
18367
0
0
9
134217728
1000
500
1
0
1
0
0
1

1
1
1
1
18369
0
1
11
134217728
2000
50
16
0
1
0
1
0
0
1
1
1
4
2
18389
0
2
10
134217728
3000
250
1
1
0
1
0
0
1

1
1
1
1
18408
0
2
10
67108864
3000
100
10
1
0
1
0
0
1

1
1
8
2
18422
0
2
10
67108864
3000
1000
5
1
0
1
0
0
1

1
1
8
1
18434
0
2
10
268435456
3000
50
100
1
0
1
0
0
1

1
1
4
2
18438
0
2
10
134217728
1000
1000
1000
1
0
1
0
0
1

1
1
1
1
18449
0
2
10
134217728
1000
1000
1
1
0
1
0
0
1

1
1
8
1
18457
0
1
12
67108864
4000
100
88
1
1
0
1
0
0
1
0
1
1
4
4
18486
0
0
9
134217728
3000
100
1
0
1
0
0
1

1
1
1
1
18500
0
1
12
134217728
1000
250
63
1
1
0
1
0
0
1
0
1
1
1
1
18510
0
2
10
67108864
4000
100
1
1
0
1
0
0
1

1
1
1
1
18516
0
2
10
67108864
4000
1000
5
1
0
1
0
0
1

1
1
4
4
18545
0
2
10
268435456
2000
50
5
1
0
1
0
0
1

1
1
2
1
18570
0
0
9
268435456
3000
50
1
0
1
0
0
1

1
1
8
1
18590
0
0
9
134217728
3000
250
1
0
1
0
0
1

1
1
1
1
18592
0
2
10
268435456
1000
500
1
1
0
1
0
0
1

1
1
8
4
18595
0
2
10
268435456
1000
50
5
1
0
1
0
0
1

1
1
1
1
18598
0
2
10
268435456
3000
100
10
1
0
1
0
0
1

1
1
1
1
18626
0
2
10
67108864
1000
500
10
1
0
1
0
0
1

1
1
1
1
18650
0
0
9
268435456
2000
100
1
0
1
0
0
1

1
1
1
1
18673
0
2
10
134217728
2000
100
1
1
0
1
0
0
1

1
1
8
2
18689
0
1
12
134217728
2000
50
41
1
1
0
1
0
0
1
0
1
1
4
4
18699
0
1
12
67108864
3000
500
32
1
1
0
1
0
0
1
0
1
1
1
1
18700
0
0
9
67108864
4000
100
1
0
1
0
0
1

1
1
1
1
18713
0
2
10
134217728
1000
500
1
1
0
1
0
0
1

1
1
1
1
18739
0
0
9
268435456
3000
500
1
0
1
0
0
1

1
1
2
1
18769
0
0
9
134217728
4000
100
1
0
1
0
0
1

1
1
4
1
18772
0
0
9
134217728
3000
500
1
0
1
0
0
1

1
1
2
1
18776
0
2
10
67108864
1000
500
1
1
0
1
0
0
1

1
1
1
1
18781
0
2
10
134217728
1000
500
10
1
0
1
0
0
1

1
1
4
2
18806
0
1
11
67108864
4000
100
56
0
1
0
1
0
0
1
1
1
8
2
18830
0
0
9
67108864
2000
500
1
0
1
0
0
1

1
1
1
1
18856
0
1
11
268435456
3000
100
82
0
1
0
1
0
0
1
1
1
1
1
18878
0
2
10
268435456
1000
50
100
1
0
1
0
0
1

1
1
1
1
18901
0
2
10
134217728
3000
500
1000
1
0
1
0
0
1

1
1
2
1
18931
0
2
10
134217728
3000
50
10
1
0
1
0
0
1

1
1
1
1
18960
0
1
11
67108864
4000
500
42
0
1
0
1
0
0
1
1
1
1
1
18973
0
0
9
268435456
2000
50
1
0
1
0
0
1

1
1
8
4
18996
0
0
9
134217728
3000
250
1
0
1
0
0
1

1
1
1
1
19023
0
1
11
268435456
1000
50
90
0
1
0
1
0
0
1
1
1
2
1
19042
0
1
11
67108864
2000
250
19
0
1
0
1
0
0
1
1
1
8
4
19070
0
2
10
268435456
3000
50
100
1
0
1
0
0
1

1
1
2
1
19097
0
2
10
134217728
3000
1000
1000
1
0
1
0
0
1

1
1
1
1
19112
0
0
9
268435456
3000
500
1
0
1
0
0
1

1
1
2
2
19119
0
1
12
67108864
4000
250
39
1
1
0
1
0
0
1
0
1
1
2
2
19139
0
2
10
134217728
1000
250
1
1
0
1
0
0
1

1
1
1
1
19159
0
2
10
134217728
4000
1000
5
1
0
1
0
0
1

1
1
8
4
19181
0
0
9
67108864
2000
100
1
0
1
0
0
1

1
1
8
2
19196
0
0
9
268435456
3000
500
1
0
1
0
0
1

1
1
1
1
19207
0
2
10
268435456
1000
500
10
1
0
1
0
0
1

1
1
4
4
19214
0
0
9
67108864
4000
500
1
0
1
0
0
1

1
1
4
4
19224
0
2
10
134217728
3000
50
1000
1
0
1
0
0
1

1
1
8
8
19237
0
2
10
134217728
1000
250
100
1
0
1
0
0
1

1
1
8
4
19264
0
1
11
67108864
1000
100
94
0
1
0
1
0
0
1
1
1
4
4
19266
0
1
11
67108864
4000
500
97
0
1
0
1
0
0
1
1
1
8
1
19283
0
2
10
134217728
2000
250
5
1
0
1
0
0
1

1
1
8
8
19293
0
0
9
268435456
1000
50
1
0
1
0
0
1

1
1
4
2
19316
0
2
10
67108864
3000
500
1
1
0
1
0
0
1

1
1
2
1
19322
0
0
9
134217728
3000
500
1
0
1
0
0
1

1
1
8
4
19325
0
1
12
268435456
1000
100
5
1
1
0
1
0
0
1
0
1
1
2
2
19326
0
0
9
67108864
4000
1000
1
0
1
0
0
1

1
1
8
1
19341
0
1
11
134217728
3000
100
96
0
1
0
1
0
0
1
1
1
2
2
19354
0
2
10
67108864
3000
50
100
1
0
1
0
0
1

1
1
1
1
19377
0
0
9
67108864
1000
50
1
0
1
0
0
1

1
1
2
1
19407
0
1
11
67108864
4000
50
94
0
1
0
1
0
0
1
1
1
2
1
19415
0
1
11
268435456
3000
50
50
0
1
0
1
0
0
1
1
1
2
1
19432
0
2
10
67108864
4000
250
1000
1
0
1
0
0
1

1
1
2
1
19438
0
1
12
67108864
3000
1000
58
1
1
0
1
0
0
1
0
1
1
4
4
19464
0
0
9
67108864
1000
100
1
0
1
0
0
1

1
1
1
1
19475
0
0
9
134217728
2000
500
1
0
1
0
0
1

1
1
1
1
19480
0
1
12
268435456
3000
250
68
1
1
0
1
0
0
1
0
1
1
4
2
19484
0
1
12
67108864
1000
1000
33
1
1
0
1
0
0
1
0
1
1
2
1
19491
0
2
10
67108864
1000
500
100
1
0
1
0
0
1

1
1
2
1
19505
0
1
11
67108864
4000
250
17
0
1
0
1
0
0
1
1
1
4
1
19521
0
2
10
134217728
3000
100
5
1
0
1
0
0
1

1
1
2
1
19545
0
2
10
268435456
3000
100
1
1
0
1
0
0
1

1
1
4
2
19551
0
1
11
67108864
4000
250
40
0
1
0
1
0
0
1
1
1
4
2
19567
0
0
9
134217728
4000
250
1
0
1
0
0
1

1
1
4
1
19577
0
2
10
268435456
3000
500
1000
1
0
1
0
0
1

1
1
4
2
19606
0
0
9
67108864
3000
500
1
0
1
0
0
1

1
1
8
1
19611
0
1
11
134217728
3000
250
89
0
1
0
1
0
0
1
1
1
8
1
19616
0
2
10
134217728
3000
500
1
1
0
1
0
0
1

1
1
2
1
19634
0
0
9
134217728
2000
50
1
0
1
0
0
1

1
1
1
1
19660
0
1
12
67108864
1000
1000
0
1
1
0
1
0
0
1
0
1
1
4
4
19670
0
2
10
268435456
3000
50
1
1
0
1
0
0
1

1
1
4
2
19671
0
2
10
134217728
3000
1000
10
1
0
1
0
0
1

1
1
1
1
19697
0
2
10
67108864
3000
500
1000
1
0
1
0
0
1

1
1
8
2
19708
0
0
9
134217728
4000
100
1
0
1
0
0
1

1
1
4
2
19719
0
2
10
268435456
3000
50
100
1
0
1
0
0
1

1
1
4
2
19730
0
1
12
67108864
2000
250
60
1
1
0
1
0
0
1
0
1
1
1
1
19736
0
1
11
67108864
4000
50
36
0
1
0
1
0
0
1
1
1
1
1
19764
0
0
9
67108864
3000
500
1
0
1
0
0
1

1
1
2
2
19770
0
1
11
67108864
1000
250
45
0
1
0
1
0
0
1
1
1
2
1
19778
0
0
9
67108864
2000
100
1
0
1
0
0
1

1
1
8
8
19802
0
2
10
67108864
1000
50
1
1
0
1
0
0
1

1
1
1
1
19812
0
0
9
67108864
4000
100
1
0
1
0
0
1

1
1
8
8
19832
0
0
9
134217728
4000
500
1
0
1
0
0
1

1
1
1
1
19836
0
1
11
67108864
1000
1000
7
0
1
0
1
0
0
1
1
1
2
2
19841
0
2
10
134217728
1000
1000
1000
1
0
1
0
0
1

1
1
8
4
19871
0
2
10
134217728
4000
50
100
1
0
1
0
0
1

1
1
1
1
19877
0
0
9
134217728
2000
100
1
0
1
0
0
1

1
1
1
1
19878
0
1
11
134217728
1000
1000
79
0
1
0
1
0
0
1
1
1
2
1
19904
0
0
9
134217728
2000
50
1
0
1
0
0
1

1
1
2
1
19931
0
1
12
67108864
2000
50
45
1
1
0
1
0
0
1
0
1
1
1
1
19944
0
0
9
134217728
4000
500
1
0
1
0
0
1

1
1
8
8
19970
0
1
11
67108864
3000
250
12
0
1
0
1
0
0
1
1
1
2
1
19982
0
0
9
268435456
2000
500
1
0
1
0
0
1

1
1
1
1
19985
0
2
10
268435456
3000
100
1000
1
0
1
0
0
1

1
1
1
1
20006
0
1
11
268435456
3000
50
4
0
1
0
1
0
0
1
1
1
1
1
20029
0
0
9
134217728
3000
100
1
0
1
0
0
1

1
1
4
2
20040
0
1
11
268435456
3000
500
21
0
1
0
1
0
0
1
1
1
8
8
20066
0
2
10
268435456
1000
50
10
1
0
1
0
0
1

1
1
4
4
20067
0
1
11
134217728
3000
1000
36
0
1
0
1
0
0
1
1
1
4
2
20094
0
1
12
67108864
2000
100
34
1
1
0
1
0
0
1
0
1
1
4
1
20101
0
2
10
67108864
1000
100
1
1
0
1
0
0
1

1
1
1
1
20122
0
2
10
268435456
3000
500
1000
1
0
1
0
0
1

1
1
4
1
20127
0
0
9
268435456
3000
100
1
0
1
0
0
1

1
1
1
1
20140
0
2
10
67108864
2000
100
10
1
0
1
0
0
1

1
1
1
1
20168
0
2
10
67108864
4000
500
100
1
0
1
0
0
1

1
1
4
2
20179
0
2
10
67108864
1000
100
1
1
0
1
0
0
1

1
1
4
4
20206
0
2
10
268435456
2000
250
5
1
0
1
0
0
1

1
1
2
2
20218
0
2
10
268435456
3000
500
1
1
0
1
0
0
1

1
1
8
8
20245
0
1
11
268435456
1000
500
28
0
1
0
1
0
0
1
1
1
8
2
20274
0
2
10
67108864
1000
100
5
1
0
1
0
0
1

1
1
8
1
20296
0
1
11
134217728
2000
500
71
0
1
0
1
0
0
1
1
1
2
1
20324
0
1
12
67108864
3000
250
61
1
1
0
1
0
0
1
0
1
1
8
4
20348
0
2
10
67108864
3000
1000
1000
1
0
1
0
0
1

1
1
4
2
20354
0
0
9
134217728
1000
1000
1
0
1
0
0
1

1
1
2
1
20374
0
2
10
268435456
3000
250
100
1
0
1
0
0
1

1
1
8
4
20390
0
1
12
268435456
2000
500
38
1
1
0
1
0
0
1
0
1
1
8
1
20417
0
2
10
67108864
2000
250
1000
1
0
1
0
0
1

1
1
8
8
20430
0
1
11
67108864
3000
1000
7
0
1
0
1
0
0
1
1
1
8
4
20451
0
1
11
67108864
3000
250
34
0
1
0
1
0
0
1
1
1
8
2
20474
0
2
10
268435456
3000
500
10
1
0
1
0
0
1

1
1
8
8
20495
0
1
12
67108864
4000
500
36
1
1
0
1
0
0
1
0
1
1
1
1
20525
0
1
11
134217728
4000
1000
1
0
1
0
1
0
0
1
1
1
4
1
20526
0
1
11
268435456
3000
250
72
0
1
0
1
0
0
1
1
1
2
1
20536
0
0
9
67108864
1000
50
1
0
1
0
0
1

1
1
4
2
20557
0
2
10
134217728
3000
250
100
1
0
1
0
0
1

1
1
2
1
20576
0
0
9
268435456
1000
50
1
0
1
0
0
1

1
1
4
1
20592
0
2
10
67108864
1000
250
1000
1
0
1
0
0
1

1
1
1
1
20603
0
2
10
268435456
1000
500
1000
1
0
1
0
0
1

1
1
2
1
20627
0
1
12
67108864
2000
100
25
1
1
0
1
0
0
1
0
1
1
8
1
20656
0
1
11
67108864
2000
500
65
0
1
0
1
0
0
1
1
1
8
1
20671
0
1
12
67108864
1000
500
98
1
1
0
1
0
0
1
0
1
1
8
4
20683
0
0
9
268435456
3000
500
1
0
1
0
0
1

1
1
4
1
20707
0
1
11
67108864
3000
50
6
0
1
0
1
0
0
1
1
1
8
8
20729
0
2
10
268435456
3000
500
1
1
0
1
0
0
1

1
1
2
2
20743
0
1
12
67108864
4000
500
52
1
1
0
1
0
0
1
0
1
1
1
1
20767
0
0
9
268435456
3000
50
1
0
1
0
0
1

1
1
1
1
20769
0
0
9
134217728
3000
100
1
0
1
0
0
1

1
1
8
2
20779
0
2
10
134217728
4000
500
100
1
0
1
0
0
1

1
1
1
1
20781
0
2
10
67108864
1000
250
100
1
0
1
0
0
1

1
1
1
1
20809
0
1
11
134217728
3000
1000
29
0
1
0
1
0
0
1
1
1
4
2
20823
0
1
11
268435456
2000
500
16
0
1
0
1
0
0
1
1
1
2
1
20845
0
0
9
268435456
3000
500
1
0
1
0
0
1

1
1
1
1
20862
0
1
11
67108864
1000
250
76
0
1
0
1
0
0
1
1
1
8
2
20892
0
0
9
268435456
3000
50
1
0
1
0
0
1

1
1
1
1
20902
0
2
10
134217728
1000
500
10
1
0
1
0
0
1

1
1
4
2
20926
0
1
11
134217728
1000
100
42
0
1
0
1
0
0
1
1
1
4
4
20945
0
0
9
67108864
2000
100
1
0
1
0
0
1

1
1
1
1
20957
0
2
10
268435456
3000
50
1
1
0
1
0
0
1

1
1
2
2
20987
0
0
9
268435456
3000
500
1
0
1
0
0
1

1
1
1
1
21010
0
2
10
134217728
4000
500
1000
1
0
1
0
0
1

1
1
1
1
21039
0
2
10
134217728
3000
1000
1000
1
0
1
0
0
1

1
1
4
2
21042
0
0
9
67108864
3000
500
1
0
1
0
0
1

1
1
8
1
21053
0
1
11
268435456
2000
100
71
0
1
0
1
0
0
1
1
1
1
1
21058
0
0
9
67108864
3000
500
1
0
1
0
0
1

1
1
4
2
21062
0
2
10
67108864
2000
500
5
1
0
1
0
0
1

1
1
2
1
21071
0
2
10
134217728
3000
250
100
1
0
1
0
0
1

1
1
4
1
21073
0
2
10
268435456
3000
500
10
1
0
1
0
0
1

1
1
1
1
21095
0
1
12
268435456
2000
100
39
1
1
0
1
0
0
1
0
1
1
4
2
21106
0
0
9
268435456
3000
250
1
0
1
0
0
1

1
1
8
2
21133
0
0
9
67108864
4000
1000
1
0
1
0
0
1

1
1
4
4
21155
0
2
10
268435456
3000
500
1000
1
0
1
0
0
1

1
1
4
2
21170
0
0
9
268435456
1000
100
1
0
1
0
0
1

1
1
8
8
21197
0
1
12
67108864
1000
50
66
1
1
0
1
0
0
1
0
1
1
1
1
21221
0
2
10
67108864
2000
1000
100
1
0
1
0
0
1

1
1
8
4
21248
0
1
12
268435456
3000
500
90
1
1
0
1
0
0
1
0
1
1
1
1
21264
0
2
10
268435456
1000
50
10
1
0
1
0
0
1

1
1
1
1
21287
0
1
12
67108864
4000
50
28
1
1
0
1
0
0
1
0
1
1
4
4
21290
0
1
11
134217728
1000
500
57
0
1
0
1
0
0
1
1
1
8
8
21292
0
0
9
268435456
1000
500
1
0
1
0
0
1

1
1
8
8
21319
0
0
9
67108864
1000
250
1
0
1
0
0
1

1
1
4
4
21338
0
2
10
134217728
3000
1000
1000
1
0
1
0
0
1

1
1
4
2
21359
0
1
11
67108864
4000
250
7
0
1
0
1
0
0
1
1
1
1
1
21361
0
1
11
134217728
2000
500
41
0
1
0
1
0
0
1
1
1
1
1
21380
0
0
9
268435456
3000
50
1
0
1
0
0
1

1
1
1
1
21401
0
2
10
268435456
1000
50
1
1
0
1
0
0
1

1
1
8
8
21425
0
1
12
67108864
2000
250
6
1
1
0
1
0
0
1
0
1
1
4
4
21452
0
2
10
134217728
2000
50
1000
1
0
1
0
0
1

1
1
1
1
21471
0
1
12
134217728
2000
250
73
1
1
0
1
0
0
1
0
1
1
2
1
21494
0
2
10
67108864
3000
500
100
1
0
1
0
0
1

1
1
4
2
21499
0
1
12
268435456
1000
250
52
1
1
0
1
0
0
1
0
1
1
1
1
21520
0
1
12
268435456
3000
250
85
1
1
0
1
0
0
1
0
1
1
2
1
21536
0
1
11
67108864
3000
250
58
0
1
0
1
0
0
1
1
1
4
4
21542
0
0
9
67108864
4000
250
1
0
1
0
0
1

1
1
4
2
21558
0
0
9
67108864
2000
1000
1
0
1
0
0
1

1
1
8
4
21583
0
2
10
268435456
1000
250
1000
1
0
1
0
0
1

1
1
4
2
21602
0
2
10
67108864
3000
100
100
1
0
1
0
0
1

1
1
2
1
21625
0
1
11
67108864
3000
250
79
0
1
0
1
0
0
1
1
1
8
4
21631
0
1
11
67108864
1000
250
38
0
1
0
1
0
0
1
1
1
8
4
21652
0
1
12
134217728
3000
250
26
1
1
0
1
0
0
1
0
1
1
1
1
21676
0
2
10
268435456
3000
50
10
1
0
1
0
0
1

1
1
2
1
21693
0
1
11
134217728
4000
100
5
0
1
0
1
0
0
1
1
1
2
1
21703
0
0
9
67108864
4000
1000
1
0
1
0
0
1

1
1
4
2
21708
0
2
10
268435456
2000
100
10
1
0
1
0
0
1

1
1
2
1
21724
0
1
12
67108864
3000
50
64
1
1
0
1
0
0
1
0
1
1
2
2
21750
0
2
10
134217728
1000
250
1
1
0
1
0
0
1

1
1
4
2
21774
0
0
9
67108864
1000
1000
1
0
1
0
0
1

1
1
1
1
21800
0
2
10
67108864
2000
100
1000
1
0
1
0
0
1

1
1
8
2
21818
0
0
9
268435456
3000
500
1
0
1
0
0
1

1
1
4
2
21833
0
1
11
268435456
2000
250
92
0
1
0
1
0
0
1
1
1
1
1
21846
0
1
12
268435456
2000
100
45
1
1
0
1
0
0
1
0
1
1
2
1
21874
0
1
12
67108864
1000
1000
85
1
1
0
1
0
0
1
0
1
1
8
8
21898
0
0
9
134217728
2000
100
1
0
1
0
0
1

1
1
1
1
21926
0
1
12
134217728
2000
50
29
1
1
0
1
0
0
1
0
1
1
2
2
21947
0
0
9
67108864
3000
500
1
0
1
0
0
1

1
1
1
1
21955
0
2
10
268435456
2000
50
1
1
0
1
0
0
1

1
1
2
1
21969
0
0
9
67108864
4000
250
1
0
1
0
0
1

1
1
4
2
21992
0
0
9
268435456
2000
500
1
0
1
0
0
1

1
1
1
1
22020
0
1
12
134217728
3000
1000
68
1
1
0
1
0
0
1
0
1
1
1
1
22050
0
1
11
134217728
3000
100
93
0
1
0
1
0
0
1
1
1
8
1
22076
0
1
11
67108864
4000
1000
5
0
1
0
1
0
0
1
1
1
1
1
22081
0
1
12
268435456
3000
250
74
1
1
0
1
0
0
1
0
1
1
4
2
22093
0
0
9
134217728
2000
250
1
0
1
0
0
1

1
1
1
1
22105
0
0
9
134217728
3000
250
1
0
1
0
0
1

1
1
8
8
22124
0
0
9
67108864
3000
500
1
0
1
0
0
1

1
1
8
2
22138
0
1
12
67108864
4000
250
63
1
1
0
1
0
0
1
0
1
1
2
1
22157
0
1
12
67108864
1000
1000
16
1
1
0
1
0
0
1
0
1
1
2
1
22176
0
2
10
268435456
3000
100
10
1
0
1
0
0
1

1
1
4
4
22197
0
1
11
134217728
3000
100
31
0
1
0
1
0
0
1
1
1
4
4
22213
0
1
12
268435456
1000
500
85
1
1
0
1
0
0
1
0
1
1
2
1
22239
0
2
10
268435456
3000
500
5
1
0
1
0
0
1

1
1
4
4
22249
0
2
10
67108864
3000
50
1
1
0
1
0
0
1

1
1
8
4
22254
0
2
10
268435456
2000
100
1000
1
0
1
0
0
1

1
1
1
1
22284
0
2
10
268435456
3000
50
1
1
0
1
0
0
1

1
1
8
4
22294
0
2
10
268435456
3000
500
10
1
0
1
0
0
1

1
1
8
1
22315
0
1
12
134217728
4000
100
57
1
1
0
1
0
0
1
0
1
1
4
4
22325
0
0
9
67108864
2000
1000
1
0
1
0
0
1

1
1
1
1
22345
0
0
9
67108864
4000
250
1
0
1
0
0
1

1
1
4
2
22348
0
1
11
134217728
1000
500
8
0
1
0
1
0
0
1
1
1
8
4
22353
0
0
9
134217728
2000
250
1
0
1
0
0
1

1
1
1
1
22355
0
1
12
268435456
3000
100
76
1
1
0
1
0
0
1
0
1
1
1
1
22369
0
1
11
268435456
3000
250
94
0
1
0
1
0
0
1
1
1
2
1
22378
0
0
9
134217728
1000
250
1
0
1
0
0
1

1
1
8
1
22400
0
1
12
268435456
3000
500
64
1
1
0
1
0
0
1
0
1
1
8
2
22417
0
2
10
134217728
2000
250
1000
1
0
1
0
0
1

1
1
8
4
22440
0
1
12
134217728
3000
500
54
1
1
0
1
0
0
1
0
1
1
2
2
22459
0
0
9
268435456
2000
250
1
0
1
0
0
1

1
1
1
1
22486
0
1
11
134217728
3000
500
52
0
1
0
1
0
0
1
1
1
4
4
22510
0
1
12
268435456
1000
250
91
1
1
0
1
0
0
1
0
1
1
8
4
22535
0
2
10
268435456
1000
250
100
1
0
1
0
0
1

1
1
4
2
22564
0
0
9
67108864
1000
100
1
0
1
0
0
1

1
1
2
2
22577
0
0
9
268435456
1000
100
1
0
1
0
0
1

1
1
1
1
22580
0
2
10
67108864
1000
50
1000
1
0
1
0
0
1

1
1
1
1
22595
0
2
10
134217728
2000
250
1
1
0
1
0
0
1

1
1
2
1
22622
0
0
9
67108864
1000
50
1
0
1
0
0
1

1
1
2
1
22639
0
0
9
268435456
2000
100
1
0
1
0
0
1

1
1
4
2
22655
0
1
11
134217728
4000
500
2
0
1
0
1
0
0
1
1
1
8
8
22668
0
1
11
268435456
2000
100
40
0
1
0
1
0
0
1
1
1
8
1
22695
0
2
10
134217728
3000
1000
5
1
0
1
0
0
1

1
1
4
4
22711
0
2
10
268435456
1000
500
100
1
0
1
0
0
1

1
1
1
1
22736
0
1
11
134217728
3000
100
15
0
1
0
1
0
0
1
1
1
1
1
22752
0
0
9
134217728
4000
250
1
0
1
0
0
1

1
1
2
2
22778
0
1
11
67108864
1000
1000
22
0
1
0
1
0
0
1
1
1
1
1
22804
0
1
11
67108864
2000
100
28
0
1
0
1
0
0
1
1
1
8
2
22822
0
0
9
67108864
4000
500
1
0
1
0
0
1

1
1
1
1
22827
0
0
9
268435456
3000
100
1
0
1
0
0
1

1
1
8
4
22832
0
2
10
134217728
3000
1000
100
1
0
1
0
0
1

1
1
8
1
22834
0
2
10
268435456
2000
100
5
1
0
1
0
0
1

1
1
4
2
22841
0
2
10
67108864
1000
1000
100
1
0
1
0
0
1

1
1
4
2
22851
0
1
11
67108864
4000
500
40
0
1
0
1
0
0
1
1
1
2
1
22852
0
1
11
268435456
3000
500
15
0
1
0
1
0
0
1
1
1
8
2
22873
0
0
9
268435456
3000
500
1
0
1
0
0
1

1
1
1
1
22877
0
1
11
268435456
1000
50
96
0
1
0
1
0
0
1
1
1
4
1
22895
0
0
9
268435456
3000
50
1
0
1
0
0
1

1
1
8
1
22905
0
1
12
67108864
1000
1000
65
1
1
0
1
0
0
1
0
1
1
8
1
22925
0
1
11
268435456
2000
50
94
0
1
0
1
0
0
1
1
1
1
1
22934
0
0
9
134217728
3000
1000
1
0
1
0
0
1

1
1
4
1
22937
0
2
10
268435456
3000
500
100
1
0
1
0
0
1

1
1
2
1
22938
0
1
12
67108864
4000
500
84
1
1
0
1
0
0
1
0
1
1
2
2
22947
0
2
10
268435456
3000
250
10
1
0
1
0
0
1

1
1
2
1
22963
0
2
10
134217728
1000
500
1
1
0
1
0
0
1

1
1
8
4
22967
0
0
9
268435456
3000
100
1
0
1
0
0
1

1
1
8
2
22973
0
1
11
134217728
4000
100
96
0
1
0
1
0
0
1
1
1
1
1
22986
0
2
10
67108864
2000
50
1
1
0
1
0
0
1

1
1
4
4
22988
0
1
11
67108864
1000
500
88
0
1
0
1
0
0
1
1
1
1
1
22996
0
1
12
134217728
2000
500
95
1
1
0
1
0
0
1
0
1
1
8
2
23001
0
1
11
268435456
3000
500
44
0
1
0
1
0
0
1
1
1
8
2
23007
0
0
9
268435456
3000
500
1
0
1
0
0
1

1
1
2
1
23018
0
0
9
134217728
2000
250
1
0
1
0
0
1

1
1
2
2
23020
0
0
9
268435456
3000
50
1
0
1
0
0
1

1
1
1
1
23029
0
0
9
268435456
1000
50
1
0
1
0
0
1

1
1
8
1
23050
0
0
9
67108864
3000
500
1
0
1
0
0
1

1
1
2
1
23071
0
0
9
134217728
2000
250
1
0
1
0
0
1

1
1
2
2
23075
0
0
9
134217728
1000
1000
1
0
1
0
0
1

1
1
8
1
23077
0
0
9
134217728
4000
100
1
0
1
0
0
1

1
1
8
1
23094
0
0
9
268435456
3000
50
1
0
1
0
0
1

1
1
8
1
23120
0
0
9
67108864
4000
500
1
0
1
0
0
1

1
1
4
1
23141
0
0
9
134217728
3000
50
1
0
1
0
0
1

1
1
1
1
23145
0
0
9
134217728
1000
500
1
0
1
0
0
1

1
1
4
1
23154
0
0
9
268435456
3000
500
1
0
1
0
0
1

1
1
2
1
23174
0
0
9
268435456
2000
250
1
0
1
0
0
1

1
1
2
1
23200
0
0
9
134217728
2000
50
1
0
1
0
0
1

1
1
2
1
23225
0
0
9
67108864
1000
500
1
0
1
0
0
1

1
1
4
2
23250
0
0
9
67108864
3000
500
1
0
1
0
0
1

1
1
8
8
23275
0
0
9
134217728
1000
50
1
0
1
0
0
1

1
1
1
1
23284
0
0
9
268435456
1000
500
1
0
1
0
0
1

1
1
1
1
23307
0
0
9
134217728
4000
500
1
0
1
0
0
1

1
1
2
1
23316
0
0
9
67108864
2000
100
1
0
1
0
0
1

1
1
1
1
23320
0
0
9
268435456
2000
250
1
0
1
0
0
1

1
1
1
1
23346
0
0
9
134217728
2000
1000
1
0
1
0
0
1

1
1
8
1
23365
0
0
9
268435456
3000
500
1
0
1
0
0
1

1
1
1
1
23382
0
0
9
134217728
3000
500
1
0
1
0
0
1

1
1
4
1
23387
0
0
9
268435456
2000
100
1
0
1
0
0
1

1
1
4
2
23413
0
0
9
134217728
3000
500
1
0
1
0
0
1

