1500

0
1
1
1
4
0
2
10
67108864
3000
1000
10
1
0
1
0
0
1

0
1
4
2
33
0
2
10
134217728
3000
1000
10
1
0
1
0
0
1

0
1
4
4
60
0
1
11
67108864
4000
500
22
0
1
0
1
0
0
1
0
1
4
2
87
0
0
9
134217728
3000
500
1
0
1
0
0
1

0
1
1
1
102
0
0
9
67108864
1000
1000
1
0
1
0
0
1

0
1
2
1
125
0
1
11
67108864
4000
50
35
0
1
0
1
0
0
1
0
1
1
1
135
0
2
10
134217728
4000
500
10
1
0
1
0
0
1

0
1
4
2
165
0
2
10
67108864
3000
500
100
1
0
1
0
0
1

0
1
4
2
173
0
0
9
134217728
4000
100
1
0
1
0
0
1

0
1
4
1
190
0
2
10
134217728
4000
1000
1000
1
0
1
0
0
1

0
1
4
1
205
0
2
10
67108864
4000
100
1000
1
0
1
0
0
1

0
1
2
1
233
0
2
10
134217728
2000
100
1
1
0
1
0
0
1

0
1
4
2
241
0
0
9
268435456
2000
500
1
0
1
0
0
1

0
1
1
1
242
0
2
10
67108864
2000
500
100
1
0
1
0
0
1

0
1
2
2
267
0
0
9
134217728
4000
250
1
0
1
0
0
1

0
1
4
4
268
0
0
9
67108864
2000
1000
1
0
1
0
0
1

0
1
2
1
293
0
0
9
67108864
4000
1000
1
0
1
0
0
1

0
1
2
1
294
0
1
12
134217728
3000
50
12
1
1
0
1
0
0
1
0
0
1
4
1
296
0
0
9
268435456
3000
500
1
0
1
0
0
1

0
1
2
2
312
0
2
10
134217728
1000
500
1
1
0
1
0
0
1

0
1
2
2
336
0
2
10
268435456
2000
250
100
1
0
1
0
0
1

0
1
4
4
356
0
0
9
134217728
3000
500
1
0
1
0
0
1

0
1
1
1
370
0
1
11
268435456
1000
500
34
0
1
0
1
0
0
1
0
1
4
2
382
0
1
12
134217728
3000
50
97
1
1
0
1
0
0
1
0
0
1
4
2
388
0
0
9
134217728
3000
250
1
0
1
0
0
1

0
1
4
2
407
0
2
10
134217728
2000
100
100
1
0
1
0
0
1

0
1
2
2
423
0
2
10
67108864
3000
500
100
1
0
1
0
0
1

0
1
4
2
451
0
1
11
134217728
3000
500
13
0
1
0
1
0
0
1
0
1
2
1
472
0
2
10
134217728
1000
50
10
1
0
1
0
0
1

0
1
4
2
481
0
1
11
67108864
2000
250
10
0
1
0
1
0
0
1
0
1
1
1
484
0
1
11
268435456
3000
250
61
0
1
0
1
0
0
1
0
1
1
1
513
0
2
10
268435456
3000
250
1000
1
0
1
0
0
1

0
1
4
1
515
0
1
11
67108864
3000
500
33
0
1
0
1
0
0
1
0
1
1
1
542
0
0
9
134217728
4000
1000
1
0
1
0
0
1

0
1
4
2
547
0
2
10
67108864
2000
50
5
1
0
1
0
0
1

0
1
8
2
551
0
0
9
67108864
2000
250
1
0
1
0
0
1

0
1
4
2
571
0
0
9
134217728
2000
500
1
0
1
0
0
1

0
1
8
2
572
0
2
10
67108864
1000
500
100
1
0
1
0
0
1

0
1
8
1
575
0
2
10
67108864
2000
100
10
1
0
1
0
0
1

0
1
2
2
599
0
1
11
67108864
3000
100
39
0
1
0
1
0
0
1
0
1
8
2
625
0
1
11
134217728
2000
500
76
0
1
0
1
0
0
1
0
1
2
1
652
0
1
11
268435456
3000
100
22
0
1
0
1
0
0
1
0
1
1
1
654
0
1
11
134217728
1000
250
56
0
1
0
1
0
0
1
0
1
8
2
661
0
0
9
67108864
1000
1000
1
0
1
0
0
1

0
1
1
1
683
0
1
11
268435456
2000
500
65
0
1
0
1
0
0
1
0
1
2
1
701
0
2
10
67108864
3000
250
1000
1
0
1
0
0
1

0
1
1
1
714
0
1
12
67108864
1000
250
61
1
1
0
1
0
0
1
0
0
1
1
1
739
0
2
10
134217728
3000
100
10
1
0
1
0
0
1

0
1
8
2
750
0
0
9
67108864
2000
250
1
0
1
0
0
1

0
1
4
4
777
0
0
9
67108864
2000
1000
1
0
1
0
0
1

0
1
4
4
781
0
2
10
134217728
4000
100
100
1
0
1
0
0
1

0
1
1
1
791
0
2
10
67108864
1000
100
100
1
0
1
0
0
1

0
1
1
1
805
0
2
10
268435456
2000
500
1000
1
0
1
0
0
1

0
1
1
1
831
0
1
12
67108864
3000
250
58
1
1
0
1
0
0
1
0
0
1
8
1
859
0
1
11
67108864
4000
100
46
0
1
0
1
0
0
1
0
1
4
1
882
0
1
11
268435456
3000
500
61
0
1
0
1
0
0
1
0
1
8
1
884
0
2
10
134217728
4000
1000
1000
1
0
1
0
0
1

0
1
4
1
897
0
2
10
268435456
3000
500
1
1
0
1
0
0
1

0
1
2
1
914
0
1
11
67108864
3000
50
35
0
1
0
1
0
0
1
0
1
4
4
915
0
1
11
67108864
1000
250
84
0
1
0
1
0
0
1
0
1
4
4
938
0
0
9
67108864
1000
250
1
0
1
0
0
1

0
1
4
2
946
0
1
11
67108864
2000
250
83
0
1
0
1
0
0
1
0
1
1
1
968
0
1
11
134217728
4000
1000
99
0
1
0
1
0
0
1
0
1
2
1
989
0
2
10
268435456
3000
500
10
1
0
1
0
0
1

0
1
4
2
1003
0
2
10
268435456
2000
500
5
1
0
1
0
0
1

0
1
8
2
1025
0
0
9
134217728
3000
1000
1
0
1
0
0
1

0
1
8
8
1047
0
2
10
67108864
3000
500
10
1
0
1
0
0
1

0
1
2
1
1076
0
2
10
67108864
3000
50
100
1
0
1
0
0
1

0
1
8
4
1082
0
1
12
134217728
1000
250
30
1
1
0
1
0
0
1
0
0
1
1
1
1088
0
2
10
67108864
4000
250
10
1
0
1
0
0
1

0
1
2
1
1108
0
2
10
134217728
1000
500
10
1
0
1
0
0
1

0
1
1
1
1120
0
0
9
67108864
1000
500
1
0
1
0
0
1

0
1
8
8
1132
0
0
9
134217728
3000
50
1
0
1
0
0
1

0
1
4
2
1137
0
0
9
268435456
3000
500
1
0
1
0
0
1

0
1
2
1
1152
0
2
10
134217728
2000
250
5
1
0
1
0
0
1

0
1
8
8
1178
0
2
10
268435456
1000
50
1000
1
0
1
0
0
1

0
1
4
4
1188
0
1
12
67108864
3000
250
97
1
1
0
1
0
0
1
0
0
1
8
8
1206
0
0
9
268435456
3000
500
1
0
1
0
0
1

0
1
1
1
1231
0
1
11
134217728
3000
50
74
0
1
0
1
0
0
1
0
1
1
1
1232
0
1
12
67108864
4000
50
35
1
1
0
1
0
0
1
0
0
1
8
4
1241
0
1
12
67108864
1000
250
76
1
1
0
1
0
0
1
0
0
1
1
1
1261
0
1
11
134217728
3000
100
74
0
1
0
1
0
0
1
0
1
4
1
1262
0
2
10
67108864
4000
50
10
1
0
1
0
0
1

0
1
8
1
1279
0
2
10
134217728
1000
1000
100
1
0
1
0
0
1

0
1
8
4
1297
0
1
12
67108864
4000
250
10
1
1
0
1
0
0
1
0
0
1
2
1
1313
0
2
10
67108864
2000
500
5
1
0
1
0
0
1

0
1
8
1
1314
0
1
12
67108864
2000
1000
33
1
1
0
1
0
0
1
0
0
1
8
2
1321
0
1
12
67108864
2000
50
72
1
1
0
1
0
0
1
0
0
1
1
1
1336
0
0
9
268435456
2000
250
1
0
1
0
0
1

0
1
8
4
1360
0
0
9
134217728
3000
50
1
0
1
0
0
1

0
1
4
2
1380
0
1
12
134217728
1000
500
25
1
1
0
1
0
0
1
0
0
1
8
8
1391
0
0
9
268435456
3000
250
1
0
1
0
0
1

0
1
4
4
1414
0
0
9
67108864
1000
250
1
0
1
0
0
1

0
1
2
2
1416
0
1
12
268435456
3000
100
18
1
1
0
1
0
0
1
0
0
1
8
8
1441
0
2
10
268435456
2000
50
1
1
0
1
0
0
1

0
1
2
1
1447
0
2
10
134217728
3000
250
100
1
0
1
0
0
1

0
1
8
4
1450
0
0
9
67108864
3000
1000
1
0
1
0
0
1

0
1
2
2
1475
0
2
10
268435456
3000
250
10
1
0
1
0
0
1

0
1
4
1
1476
0
1
12
67108864
4000
50
22
1
1
0
1
0
0
1
0
0
1
4
1
1478
0
0
9
67108864
3000
500
1
0
1
0
0
1

0
1
8
4
1498
0
1
11
134217728
2000
500
21
0
1
0
1
0
0
1
0
1
4
1
1503
0
2
10
67108864
1000
100
5
1
0
1
0
0
1

0
1
1
1
1527
0
1
11
134217728
3000
500
17
0
1
0
1
0
0
1
0
1
2
1
1542
0
0
9
67108864
3000
50
1
0
1
0
0
1

0
1
1
1
1557
0
2
10
268435456
2000
50
1000
1
0
1
0
0
1

0
1
4
4
1586
0
1
11
134217728
1000
500
55
0
1
0
1
0
0
1
0
1
4
1
1601
0
1
11
268435456
2000
250
19
0
1
0
1
0
0
1
0
1
1
1
1617
0
0
9
67108864
2000
50
1
0
1
0
0
1

0
1
4
1
1637
0
1
12
268435456
3000
500
43
1
1
0
1
0
0
1
0
0
1
2
1
1657
0
2
10
67108864
1000
1000
1
1
0
1
0
0
1

0
1
8
2
1683
0
0
9
67108864
2000
250
1
0
1
0
0
1

0
1
8
1
1704
0
0
9
268435456
1000
50
1
0
1
0
0
1

0
1
2
1
1723
0
0
9
67108864
2000
500
1
0
1
0
0
1

0
1
4
1
1730
0
0
9
134217728
2000
100
1
0
1
0
0
1

0
1
1
1
1740
0
0
9
134217728
1000
50
1
0
1
0
0
1

0
1
1
1
1753
0
2
10
268435456
1000
50
1
1
0
1
0
0
1

0
1
2
2
1776
0
2
10
268435456
3000
50
1
1
0
1
0
0
1

0
1
4
2
1778
0
1
11
67108864
4000
50
0
0
1
0
1
0
0
1
0
1
2
1
1781
0
2
10
67108864
2000
500
10
1
0
1
0
0
1

0
1
8
2
1790
0
2
10
67108864
3000
50
5
1
0
1
0
0
1

0
1
2
1
1801
0
1
11
268435456
3000
500
24
0
1
0
1
0
0
1
0
1
2
1
1822
0
1
11
268435456
3000
250
55
0
1
0
1
0
0
1
0
1
4
1
1833
0
0
9
134217728
3000
1000
1
0
1
0
0
1

0
1
1
1
1850
0
1
11
67108864
1000
250
43
0
1
0
1
0
0
1
0
1
4
2
1868
0
0
9
268435456
3000
50
1
0
1
0
0
1

0
1
2
1
1885
0
1
12
67108864
4000
500
47
1
1
0
1
0
0
1
0
0
1
4
4
1887
0
1
11
134217728
1000
50
9
0
1
0
1
0
0
1
0
1
8
1
1916
0
2
10
268435456
2000
50
10
1
0
1
0
0
1

0
1
8
1
1923
0
2
10
134217728
1000
100
10
1
0
1
0
0
1

0
1
8
4
1927
0
0
9
67108864
4000
50
1
0
1
0
0
1

0
1
1
1
1950
0
0
9
67108864
2000
250
1
0
1
0
0
1

0
1
2
1
1959
0
2
10
67108864
4000
500
1000
1
0
1
0
0
1

0
1
4
2
1982
0
1
12
67108864
2000
250
99
1
1
0
1
0
0
1
0
0
1
4
4
1990
0
1
12
134217728
2000
1000
92
1
1
0
1
0
0
1
0
0
1
8
4
1997
0
2
10
268435456
2000
250
100
1
0
1
0
0
1

0
1
2
2
2000
0
0
9
134217728
3000
500
1
0
1
0
0
1

0
1
4
2
2022
0
1
11
67108864
4000
500
83
0
1
0
1
0
0
1
0
1
2
1
2037
0
0
9
268435456
1000
100
1
0
1
0
0
1

0
1
4
1
2054
0
1
11
67108864
2000
250
14
0
1
0
1
0
0
1
0
1
8
1
2071
0
1
12
268435456
2000
250
92
1
1
0
1
0
0
1
0
0
1
8
4
2095
0
1
11
134217728
1000
500
1
0
1
0
1
0
0
1
0
1
8
1
2105
0
1
11
268435456
1000
50
0
0
1
0
1
0
0
1
0
1
1
1
2117
0
0
9
134217728
4000
250
1
0
1
0
0
1

0
1
1
1
2144
0
0
9
268435456
1000
100
1
0
1
0
0
1

0
1
8
1
2145
0
2
10
67108864
2000
500
1000
1
0
1
0
0
1

0
1
4
1
2174
0
0
9
134217728
1000
1000
1
0
1
0
0
1

0
1
8
8
2182
0
2
10
67108864
1000
250
1000
1
0
1
0
0
1

0
1
8
4
2209
0
1
12
134217728
2000
100
44
1
1
0
1
0
0
1
0
0
1
8
2
2226
0
2
10
268435456
1000
50
100
1
0
1
0
0
1

0
1
2
1
2242
0
2
10
67108864
4000
1000
10
1
0
1
0
0
1

0
1
1
1
2268
0
1
12
134217728
2000
50
27
1
1
0
1
0
0
1
0
0
1
4
2
2277
0
0
9
134217728
3000
500
1
0
1
0
0
1

0
1
2
1
2281
0
2
10
67108864
3000
100
100
1
0
1
0
0
1

0
1
1
1
2302
0
2
10
134217728
2000
50
1
1
0
1
0
0
1

0
1
2
1
2328
0
1
11
134217728
2000
50
11
0
1
0
1
0
0
1
0
1
4
1
2329
0
0
9
67108864
4000
1000
1
0
1
0
0
1

0
1
4
4
2339
0
1
11
268435456
1000
500
38
0
1
0
1
0
0
1
0
1
2
1
2340
0
2
10
134217728
3000
1000
1
1
0
1
0
0
1

0
1
4
2
2356
0
1
11
268435456
1000
50
6
0
1
0
1
0
0
1
0
1
8
2
2378
0
1
12
67108864
2000
50
8
1
1
0
1
0
0
1
0
0
1
2
1
2401
0
0
9
268435456
3000
100
1
0
1
0
0
1

0
1
2
1
2430
0
1
12
268435456
3000
100
25
1
1
0
1
0
0
1
0
0
1
2
2
2444
0
1
11
268435456
3000
50
9
0
1
0
1
0
0
1
0
1
8
2
2474
0
0
9
67108864
2000
100
1
0
1
0
0
1

0
1
1
1
2488
0
2
10
134217728
4000
1000
1000
1
0
1
0
0
1

0
1
1
1
2514
0
2
10
134217728
1000
100
5
1
0
1
0
0
1

0
1
2
1
2527
0
0
9
67108864
1000
50
1
0
1
0
0
1

0
1
1
1
2546
0
1
12
67108864
4000
50
14
1
1
0
1
0
0
1
0
0
1
8
1
2547
0
0
9
134217728
1000
50
1
0
1
0
0
1

0
1
4
2
2558
0
0
9
268435456
2000
500
1
0
1
0
0
1

0
1
8
1
2580
0
1
12
268435456
1000
250
40
1
1
0
1
0
0
1
0
0
1
2
1
2585
0
2
10
268435456
1000
500
10
1
0
1
0
0
1

0
1
8
4
2613
0
2
10
134217728
2000
100
100
1
0
1
0
0
1

0
1
4
1
2625
0
2
10
67108864
4000
500
1
1
0
1
0
0
1

0
1
1
1
2643
0
0
9
67108864
4000
1000
1
0
1
0
0
1

0
1
1
1
2650
0
2
10
67108864
4000
100
1
1
0
1
0
0
1

0
1
2
1
2666
0
0
9
67108864
1000
250
1
0
1
0
0
1

0
1
1
1
2690
0
2
10
67108864
4000
1000
10
1
0
1
0
0
1

0
1
1
1
2699
0
0
9
67108864
3000
100
1
0
1
0
0
1

0
1
1
1
2722
0
0
9
268435456
3000
50
1
0
1
0
0
1

0
1
2
1
2723
0
0
9
268435456
3000
250
1
0
1
0
0
1

0
1
2
2
2749
0
0
9
134217728
2000
1000
1
0
1
0
0
1

0
1
8
4
2774
0
2
10
268435456
2000
50
1000
1
0
1
0
0
1

0
1
2
1
2798
0
0
9
134217728
1000
100
1
0
1
0
0
1

0
1
8
4
2816
0
2
10
67108864
4000
50
10
1
0
1
0
0
1

0
1
4
1
2823
0
1
12
268435456
2000
500
34
1
1
0
1
0
0
1
0
0
1
8
4
2832
0
0
9
134217728
3000
50
1
0
1
0
0
1

0
1
2
1
2855
0
2
10
67108864
2000
50
100
1
0
1
0
0
1

0
1
1
1
2874
0
2
10
134217728
2000
500
10
1
0
1
0
0
1

0
1
2
2
2883
0
2
10
268435456
3000
250
100
1
0
1
0
0
1

0
1
1
1
2890
0
1
11
134217728
2000
100
4
0
1
0
1
0
0
1
0
1
1
1
2900
0
2
10
134217728
4000
1000
5
1
0
1
0
0
1

0
1
1
1
2907
0
1
12
67108864
4000
250
11
1
1
0
1
0
0
1
0
0
1
4
2
2935
0
2
10
67108864
1000
1000
1
1
0
1
0
0
1

0
1
2
1
2944
0
1
11
268435456
1000
100
76
0
1
0
1
0
0
1
0
1
1
1
2969
0
0
9
134217728
2000
50
1
0
1
0
0
1

0
1
1
1
2974
0
0
9
268435456
1000
500
1
0
1
0
0
1

0
1
8
8
2989
0
0
9
67108864
2000
1000
1
0
1
0
0
1

0
1
1
1
3006
0
0
9
67108864
4000
250
1
0
1
0
0
1

0
1
1
1
3026
0
1
12
268435456
1000
500
30
1
1
0
1
0
0
1
0
0
1
1
1
3047
0
0
9
67108864
4000
500
1
0
1
0
0
1

0
1
1
1
3069
0
2
10
268435456
2000
500
100
1
0
1
0
0
1

0
1
8
1
3077
0
1
11
67108864
4000
250
7
0
1
0
1
0
0
1
0
1
4
4
3084
0
2
10
268435456
1000
250
1
1
0
1
0
0
1

0
1
8
4
3102
0
2
10
268435456
3000
500
100
1
0
1
0
0
1

0
1
2
1
3127
0
1
12
268435456
3000
50
89
1
1
0
1
0
0
1
0
0
1
2
1
3132
0
0
9
268435456
1000
100
1
0
1
0
0
1

0
1
4
1
3162
0
2
10
268435456
3000
500
5
1
0
1
0
0
1

0
1
1
1
3183
0
2
10
67108864
1000
250
100
1
0
1
0
0
1

0
1
4
2
3195
0
0
9
268435456
3000
500
1
0
1
0
0
1

0
1
2
1
3216
0
1
12
268435456
2000
50
52
1
1
0
1
0
0
1
0
0
1
1
1
3222
0
0
9
268435456
2000
500
1
0
1
0
0
1

0
1
8
8
3249
0
1
11
67108864
2000
50
37
0
1
0
1
0
0
1
0
1
1
1
3278
0
0
9
268435456
2000
500
1
0
1
0
0
1

0
1
1
1
3295
0
2
10
134217728
1000
1000
1000
1
0
1
0
0
1

0
1
2
1
3320
0
0
9
134217728
1000
500
1
0
1
0
0
1

0
1
8
2
3338
0
0
9
268435456
1000
500
1
0
1
0
0
1

0
1
2
1
3340
0
2
10
134217728
3000
100
10
1
0
1
0
0
1

0
1
4
2
3370
0
2
10
134217728
1000
50
10
1
0
1
0
0
1

0
1
2
1
3387
0
0
9
134217728
4000
250
1
0
1
0
0
1

0
1
1
1
3412
0
0
9
67108864
1000
500
1
0
1
0
0
1

0
1
4
2
3431
0
0
9
67108864
1000
100
1
0
1
0
0
1

0
1
8
1
3457
0
1
12
134217728
1000
1000
51
1
1
0
1
0
0
1
0
0
1
4
2
3486
0
0
9
134217728
3000
1000
1
0
1
0
0
1

0
1
8
4
3494
0
1
11
268435456
1000
500
51
0
1
0
1
0
0
1
0
1
8
1
3513
0
2
10
268435456
3000
50
10
1
0
1
0
0
1

0
1
2
1
3518
0
1
11
268435456
3000
50
48
0
1
0
1
0
0
1
0
1
2
1
3519
0
2
10
67108864
1000
500
5
1
0
1
0
0
1

0
1
8
1
3540
0
0
9
134217728
1000
250
1
0
1
0
0
1

0
1
2
1
3552
0
1
12
268435456
3000
500
69
1
1
0
1
0
0
1
0
0
1
1
1
3572
0
0
9
67108864
4000
1000
1
0
1
0
0
1

0
1
1
1
3578
0
0
9
67108864
1000
500
1
0
1
0
0
1

0
1
8
2
3592
0
0
9
268435456
3000
100
1
0
1
0
0
1

0
1
2
1
3593
0
0
9
134217728
3000
500
1
0
1
0
0
1

0
1
4
2
3618
0
1
12
67108864
1000
500
78
1
1
0
1
0
0
1
0
0
1
4
2
3648
0
0
9
67108864
1000
100
1
0
1
0
0
1

0
1
1
1
3665
0
1
11
67108864
1000
50
98
0
1
0
1
0
0
1
0
1
8
8
3668
0
2
10
268435456
3000
100
5
1
0
1
0
0
1

0
1
1
1
3681
0
2
10
67108864
2000
1000
100
1
0
1
0
0
1

0
1
1
1
3682
0
0
9
268435456
3000
250
1
0
1
0
0
1

0
1
4
1
3699
0
1
12
67108864
1000
50
40
1
1
0
1
0
0
1
0
0
1
2
1
3717
0
1
12
268435456
3000
500
93
1
1
0
1
0
0
1
0
0
1
2
1
3743
0
1
11
268435456
3000
500
77
0
1
0
1
0
0
1
0
1
1
1
3762
0
1
12
67108864
2000
50
87
1
1
0
1
0
0
1
0
0
1
4
2
3767
0
1
11
268435456
2000
500
74
0
1
0
1
0
0
1
0
1
2
1
3793
0
1
11
268435456
3000
250
42
0
1
0
1
0
0
1
0
1
2
2
3822
0
2
10
134217728
1000
500
5
1
0
1
0
0
1

0
1
1
1
3825
0
0
9
268435456
1000
100
1
0
1
0
0
1

0
1
8
8
3836
0
2
10
268435456
3000
250
1000
1
0
1
0
0
1

0
1
8
2
3850
0
2
10
268435456
1000
250
100
1
0
1
0
0
1

0
1
4
4
3852
0
0
9
268435456
3000
250
1
0
1
0
0
1

0
1
2
1
3861
0
1
11
268435456
3000
100
83
0
1
0
1
0
0
1
0
1
4
1
3883
0
1
11
134217728
4000
250
38
0
1
0
1
0
0
1
0
1
2
1
3892
0
1
12
268435456
1000
100
7
1
1
0
1
0
0
1
0
0
1
8
2
3909
0
1
11
134217728
2000
1000
14
0
1
0
1
0
0
1
0
1
8
1
3923
0
2
10
67108864
4000
50
1
1
0
1
0
0
1

0
1
1
1
3951
0
1
12
268435456
2000
50
47
1
1
0
1
0
0
1
0
0
1
4
2
3957
0
0
9
134217728
1000
1000
1
0
1
0
0
1

0
1
8
8
3958
0
2
10
268435456
1000
100
1000
1
0
1
0
0
1

0
1
8
2
3969
0
2
10
134217728
1000
50
5
1
0
1
0
0
1

0
1
8
2
3984
0
0
9
268435456
2000
50
1
0
1
0
0
1

0
1
2
1
3998
0
0
9
268435456
3000
500
1
0
1
0
0
1

0
1
8
4
4000
0
1
11
134217728
2000
50
26
0
1
0
1
0
0
1
0
1
1
1
4023
0
2
10
134217728
3000
250
1000
1
0
1
0
0
1

0
1
1
1
4029
0
1
11
134217728
1000
1000
80
0
1
0
1
0
0
1
0
1
1
1
4041
0
0
9
268435456
1000
250
1
0
1
0
0
1

0
1
1
1
4070
0
2
10
134217728
1000
1000
1000
1
0
1
0
0
1

0
1
1
1
4085
0
0
9
67108864
1000
50
1
0
1
0
0
1

0
1
1
1
4093
0
1
12
67108864
4000
50
53
1
1
0
1
0
0
1
0
0
1
2
2
4120
0
0
9
134217728
2000
100
1
0
1
0
0
1

0
1
1
1
4143
0
2
10
67108864
3000
50
100
1
0
1
0
0
1

0
1
4
2
4151
0
2
10
268435456
1000
500
5
1
0
1
0
0
1

0
1
2
1
4170
0
0
9
67108864
2000
250
1
0
1
0
0
1

0
1
2
2
4172
0
0
9
67108864
2000
1000
1
0
1
0
0
1

0
1
4
2
4197
0
2
10
134217728
3000
100
100
1
0
1
0
0
1

0
1
1
1
4198
0
0
9
67108864
4000
500
1
0
1
0
0
1

0
1
8
2
4201
0
2
10
67108864
1000
100
100
1
0
1
0
0
1

0
1
4
1
4210
0
1
11
67108864
4000
500
98
0
1
0
1
0
0
1
0
1
1
1
4217
0
2
10
268435456
2000
500
5
1
0
1
0
0
1

0
1
4
1
4234
0
0
9
134217728
1000
250
1
0
1
0
0
1

0
1
1
1
4263
0
1
12
268435456
3000
500
11
1
1
0
1
0
0
1
0
0
1
2
1
4288
0
0
9
67108864
2000
100
1
0
1
0
0
1

0
1
4
4
4309
0
0
9
134217728
1000
100
1
0
1
0
0
1

0
1
8
8
4312
0
1
12
134217728
3000
100
88
1
1
0
1
0
0
1
0
0
1
1
1
4336
0
2
10
134217728
1000
500
1000
1
0
1
0
0
1

0
1
4
1
4338
0
2
10
67108864
2000
1000
5
1
0
1
0
0
1

0
1
2
1
4355
0
2
10
268435456
3000
500
1000
1
0
1
0
0
1

0
1
8
1
4374
0
0
9
67108864
3000
500
1
0
1
0
0
1

0
1
1
1
4388
0
2
10
134217728
2000
1000
100
1
0
1
0
0
1

0
1
2
2
4407
0
1
11
67108864
1000
500
87
0
1
0
1
0
0
1
0
1
1
1
4429
0
0
9
268435456
3000
500
1
0
1
0
0
1

0
1
8
2
4458
0
1
11
134217728
1000
500
18
0
1
0
1
0
0
1
0
1
8
4
4477
0
1
11
67108864
1000
100
75
0
1
0
1
0
0
1
0
1
1
1
4503
0
0
9
134217728
4000
500
1
0
1
0
0
1

0
1
2
1
4511
0
1
12
268435456
2000
500
55
1
1
0
1
0
0
1
0
0
1
4
4
4533
0
2
10
268435456
1000
250
1000
1
0
1
0
0
1

0
1
8
2
4539
0
0
9
134217728
3000
50
1
0
1
0
0
1

0
1
4
2
4569
0
0
9
67108864
3000
50
1
0
1
0
0
1

0
1
8
1
4580
0
2
10
67108864
3000
50
5
1
0
1
0
0
1

0
1
8
4
4609
0
0
9
67108864
1000
500
1
0
1
0
0
1

0
1
4
2
4628
0
1
11
268435456
2000
100
60
0
1
0
1
0
0
1
0
1
1
1
4654
0
2
10
268435456
1000
50
5
1
0
1
0
0
1

0
1
2
1
4684
0
2
10
67108864
4000
250
1000
1
0
1
0
0
1

0
1
1
1
4688
0
1
11
67108864
4000
100
94
0
1
0
1
0
0
1
0
1
8
4
4714
0
0
9
268435456
3000
100
1
0
1
0
0
1

0
1
4
2
4741
0
2
10
67108864
3000
500
1000
1
0
1
0
0
1

0
1
1
1
4769
0
1
12
268435456
3000
250
6
1
1
0
1
0
0
1
0
0
1
4
2
4791
0
0
9
134217728
4000
500
1
0
1
0
0
1

0
1
1
1
4801
0
0
9
268435456
3000
50
1
0
1
0
0
1

0
1
4
4
4813
0
2
10
268435456
2000
100
1
1
0
1
0
0
1

0
1
4
4
4819
0
1
11
67108864
3000
100
1
0
1
0
1
0
0
1
0
1
1
1
4820
0
2
10
67108864
2000
250
10
1
0
1
0
0
1

0
1
2
2
4848
0
0
9
67108864
4000
1000
1
0
1
0
0
1

0
1
1
1
4863
0
0
9
134217728
2000
100
1
0
1
0
0
1

0
1
8
1
4885
0
0
9
268435456
3000
250
1
0
1
0
0
1

0
1
2
1
4894
0
2
10
67108864
4000
1000
1000
1
0
1
0
0
1

0
1
8
2
4911
0
2
10
268435456
2000
500
1000
1
0
1
0
0
1

0
1
8
4
4933
0
0
9
134217728
4000
50
1
0
1
0
0
1

0
1
4
2
4962
0
2
10
134217728
4000
500
100
1
0
1
0
0
1

0
1
8
4
4974
0
2
10
67108864
3000
500
10
1
0
1
0
0
1

0
1
4
2
4987
0
1
12
134217728
4000
100
47
1
1
0
1
0
0
1
0
0
1
1
1
4995
0
0
9
67108864
3000
1000
1
0
1
0
0
1

0
1
8
4
5020
0
2
10
134217728
4000
250
100
1
0
1
0
0
1

0
1
4
1
5032
0
1
12
134217728
4000
250
86
1
1
0
1
0
0
1
0
0
1
1
1
5049
0
0
9
134217728
4000
250
1
0
1
0
0
1

0
1
2
1
5063
0
1
11
268435456
3000
500
1
0
1
0
1
0
0
1
0
1
8
4
5070
0
2
10
67108864
3000
500
10
1
0
1
0
0
1

0
1
4
4
5090
0
2
10
268435456
3000
250
10
1
0
1
0
0
1

0
1
4
2
5091
0
0
9
67108864
3000
50
1
0
1
0
0
1

0
1
8
8
5101
0
2
10
67108864
2000
250
10
1
0
1
0
0
1

0
1
2
1
5115
0
0
9
268435456
3000
100
1
0
1
0
0
1

0
1
2
1
5142
0
1
11
268435456
3000
100
20
0
1
0
1
0
0
1
0
1
2
2
5170
0
1
12
268435456
3000
500
48
1
1
0
1
0
0
1
0
0
1
1
1
5191
0
0
9
67108864
1000
500
1
0
1
0
0
1

0
1
2
1
5199
0
2
10
67108864
1000
500
100
1
0
1
0
0
1

0
1
4
2
5216
0
0
9
134217728
3000
50
1
0
1
0
0
1

0
1
4
4
5232
0
2
10
268435456
3000
100
10
1
0
1
0
0
1

0
1
8
2
5258
0
2
10
268435456
1000
500
1000
1
0
1
0
0
1

0
1
2
2
5264
0
0
9
67108864
3000
100
1
0
1
0
0
1

0
1
4
2
5274
0
1
11
67108864
3000
50
30
0
1
0
1
0
0
1
0
1
8
1
5275
0
1
12
268435456
3000
50
73
1
1
0
1
0
0
1
0
0
1
1
1
5284
0
1
12
67108864
1000
500
20
1
1
0
1
0
0
1
0
0
1
1
1
5293
0
0
9
67108864
3000
50
1
0
1
0
0
1

0
1
4
4
5296
0
1
12
67108864
2000
50
65
1
1
0
1
0
0
1
0
0
1
2
1
5304
0
1
12
268435456
3000
500
20
1
1
0
1
0
0
1
0
0
1
2
1
5308
0
2
10
268435456
3000
500
100
1
0
1
0
0
1

0
1
2
1
5313
0
1
11
67108864
4000
100
27
0
1
0
1
0
0
1
0
1
2
2
5343
0
2
10
268435456
1000
500
1000
1
0
1
0
0
1

0
1
2
1
5369
0
1
12
134217728
1000
50
49
1
1
0
1
0
0
1
0
0
1
4
2
5395
0
2
10
268435456
3000
100
1
1
0
1
0
0
1

0
1
4
2
5423
0
0
9
268435456
3000
50
1
0
1
0
0
1

0
1
4
1
5424
0
1
12
67108864
3000
500
23
1
1
0
1
0
0
1
0
0
1
4
2
5431
0
1
12
134217728
2000
250
21
1
1
0
1
0
0
1
0
0
1
4
4
5454
0
0
9
268435456
1000
500
1
0
1
0
0
1

0
1
4
2
5460
0
1
12
268435456
1000
250
80
1
1
0
1
0
0
1
0
0
1
4
1
5479
0
1
11
134217728
1000
50
61
0
1
0
1
0
0
1
0
1
2
1
5484
0
2
10
134217728
2000
1000
10
1
0
1
0
0
1

0
1
4
1
5507
0
1
12
67108864
1000
100
80
1
1
0
1
0
0
1
0
0
1
8
1
5530
0
1
12
134217728
1000
50
88
1
1
0
1
0
0
1
0
0
1
2
1
5560
0
0
9
268435456
3000
100
1
0
1
0
0
1

0
1
8
2
5580
0
2
10
67108864
2000
250
10
1
0
1
0
0
1

0
1
8
1
5596
0
1
12
134217728
4000
250
79
1
1
0
1
0
0
1
0
0
1
8
4
5607
0
2
10
67108864
2000
250
10
1
0
1
0
0
1

0
1
1
1
5613
0
2
10
268435456
3000
50
1000
1
0
1
0
0
1

0
1
4
2
5641
0
0
9
67108864
3000
500
1
0
1
0
0
1

0
1
4
1
5670
0
2
10
67108864
1000
100
1000
1
0
1
0
0
1

0
1
4
2
5697
0
2
10
134217728
2000
100
100
1
0
1
0
0
1

0
1
2
1
5708
0
2
10
134217728
3000
1000
100
1
0
1
0
0
1

0
1
8
2
5736
0
1
12
67108864
4000
500
1
1
1
0
1
0
0
1
0
0
1
2
1
5743
0
2
10
67108864
1000
100
5
1
0
1
0
0
1

0
1
4
2
5772
0
0
9
67108864
3000
500
1
0
1
0
0
1

0
1
8
4
5786
0
1
12
268435456
3000
50
29
1
1
0
1
0
0
1
0
0
1
4
2
5787
0
1
12
268435456
3000
500
75
1
1
0
1
0
0
1
0
0
1
2
2
5794
0
0
9
134217728
3000
250
1
0
1
0
0
1

0
1
4
1
5824
0
2
10
268435456
3000
500
1
1
0
1
0
0
1

0
1
8
4
5830
0
1
12
134217728
1000
100
72
1
1
0
1
0
0
1
0
0
1
4
1
5838
0
1
11
67108864
3000
100
43
0
1
0
1
0
0
1
0
1
4
2
5858
0
1
11
268435456
3000
500
17
0
1
0
1
0
0
1
0
1
4
2
5877
0
2
10
67108864
2000
250
5
1
0
1
0
0
1

0
1
2
2
5898
0
0
9
134217728
1000
500
1
0
1
0
0
1

0
1
2
1
5907
0
0
9
134217728
4000
250
1
0
1
0
0
1

0
1
8
8
5925
0
0
9
268435456
3000
500
1
0
1
0
0
1

0
1
1
1
5943
0
2
10
268435456
1000
250
5
1
0
1
0
0
1

0
1
4
2
5948
0
2
10
134217728
4000
250
1
1
0
1
0
0
1

0
1
2
1
5949
0
2
10
268435456
1000
250
5
1
0
1
0
0
1

0
1
4
1
5959
0
1
12
268435456
2000
100
31
1
1
0
1
0
0
1
0
0
1
8
8
5960
0
0
9
67108864
4000
50
1
0
1
0
0
1

0
1
8
2
5987
0
1
11
67108864
2000
250
85
0
1
0
1
0
0
1
0
1
4
4
5997
0
2
10
268435456
2000
500
10
1
0
1
0
0
1

0
1
8
2
6014
0
2
10
268435456
3000
500
100
1
0
1
0
0
1

0
1
1
1
6024
0
2
10
67108864
4000
100
1
1
0
1
0
0
1

0
1
1
1
6053
0
1
11
67108864
3000
50
84
0
1
0
1
0
0
1
0
1
8
1
6055
0
1
12
134217728
2000
500
23
1
1
0
1
0
0
1
0
0
1
1
1
6071
0
1
11
268435456
1000
100
26
0
1
0
1
0
0
1
0
1
8
2
6087
0
0
9
268435456
2000
500
1
0
1
0
0
1

0
1
2
1
6108
0
0
9
268435456
2000
50
1
0
1
0
0
1

0
1
2
1
6128
0
1
11
134217728
3000
50
46
0
1
0
1
0
0
1
0
1
2
1
6147
0
0
9
67108864
2000
50
1
0
1
0
0
1

0
1
8
8
6153
0
0
9
67108864
2000
500
1
0
1
0
0
1

0
1
8
4
6171
0
1
12
67108864
4000
100
75
1
1
0
1
0
0
1
0
0
1
4
2
6174
0
2
10
268435456
2000
500
5
1
0
1
0
0
1

0
1
8
1
6193
0
1
11
134217728
4000
100
30
0
1
0
1
0
0
1
0
1
1
1
6200
0
1
12
67108864
1000
1000
86
1
1
0
1
0
0
1
0
0
1
2
1
6215
0
0
9
268435456
3000
50
1
0
1
0
0
1

0
1
2
1
6242
0
1
12
67108864
1000
50
50
1
1
0
1
0
0
1
0
0
1
2
2
6243
0
1
11
67108864
2000
100
57
0
1
0
1
0
0
1
0
1
4
2
6267
0
1
12
268435456
2000
250
97
1
1
0
1
0
0
1
0
0
1
8
2
6271
0
0
9
268435456
3000
50
1
0
1
0
0
1

0
1
1
1
6274
0
0
9
134217728
2000
1000
1
0
1
0
0
1

0
1
8
4
6291
0
1
12
67108864
3000
50
1
1
1
0
1
0
0
1
0
0
1
4
4
6305
0
2
10
134217728
1000
250
1000
1
0
1
0
0
1

0
1
8
4
6328
0
0
9
134217728
1000
500
1
0
1
0
0
1

0
1
4
2
6355
0
1
12
134217728
4000
1000
91
1
1
0
1
0
0
1
0
0
1
4
1
6363
0
2
10
134217728
1000
250
5
1
0
1
0
0
1

0
1
4
1
6367
0
1
12
134217728
1000
500
0
1
1
0
1
0
0
1
0
0
1
4
1
6369
0
2
10
134217728
3000
500
10
1
0
1
0
0
1

0
1
2
2
6373
0
0
9
268435456
2000
500
1
0
1
0
0
1

0
1
8
2
6395
0
0
9
268435456
3000
100
1
0
1
0
0
1

0
1
8
4
6413
0
2
10
67108864
4000
250
100
1
0
1
0
0
1

0
1
2
1
6421
0
2
10
134217728
1000
250
5
1
0
1
0
0
1

0
1
4
1
6427
0
2
10
67108864
1000
500
5
1
0
1
0
0
1

0
1
4
1
6452
0
0
9
268435456
3000
500
1
0
1
0
0
1

0
1
1
1
6462
0
2
10
134217728
4000
250
100
1
0
1
0
0
1

0
1
2
2
6471
0
0
9
268435456
3000
250
1
0
1
0
0
1

0
1
8
2
6472
0
1
11
268435456
3000
50
32
0
1
0
1
0
0
1
0
1
4
2
6483
0
0
9
134217728
3000
500
1
0
1
0
0
1

0
1
8
1
6497
0
2
10
268435456
3000
250
10
1
0
1
0
0
1

0
1
2
1
6525
0
2
10
134217728
3000
100
1000
1
0
1
0
0
1

0
1
2
2
6531
0
0
9
67108864
4000
250
1
0
1
0
0
1

0
1
2
2
6542
0
1
11
134217728
4000
100
85
0
1
0
1
0
0
1
0
1
4
4
6566
0
2
10
134217728
3000
250
100
1
0
1
0
0
1

0
1
8
4
6575
0
0
9
67108864
2000
500
1
0
1
0
0
1

0
1
2
1
6582
0
1
11
67108864
1000
1000
61
0
1
0
1
0
0
1
0
1
1
1
6585
0
0
9
67108864
4000
250
1
0
1
0
0
1

0
1
4
1
6591
0
0
9
134217728
4000
500
1
0
1
0
0
1

0
1
4
2
6621
0
2
10
134217728
2000
250
5
1
0
1
0
0
1

0
1
8
2
6632
0
0
9
67108864
3000
100
1
0
1
0
0
1

0
1
1
1
6641
0
0
9
134217728
4000
100
1
0
1
0
0
1

0
1
2
1
6668
0
2
10
67108864
4000
100
1
1
0
1
0
0
1

0
1
1
1
6678
0
2
10
67108864
2000
1000
1000
1
0
1
0
0
1

0
1
4
4
6706
0
2
10
67108864
2000
50
1000
1
0
1
0
0
1

0
1
2
2
6711
0
1
12
134217728
4000
1000
41
1
1
0
1
0
0
1
0
0
1
8
1
6713
0
2
10
268435456
3000
50
1000
1
0
1
0
0
1

0
1
4
1
6736
0
0
9
67108864
2000
500
1
0
1
0
0
1

0
1
4
4
6763
0
2
10
67108864
4000
250
1
1
0
1
0
0
1

0
1
1
1
6789
0
1
11
67108864
2000
500
0
0
1
0
1
0
0
1
0
1
1
1
6804
0
1
12
268435456
3000
100
87
1
1
0
1
0
0
1
0
0
1
4
2
6812
0
0
9
67108864
4000
500
1
0
1
0
0
1

0
1
2
1
6835
0
1
11
67108864
1000
50
95
0
1
0
1
0
0
1
0
1
8
2
6840
0
0
9
67108864
3000
250
1
0
1
0
0
1

0
1
8
1
6859
0
1
11
134217728
2000
250
52
0
1
0
1
0
0
1
0
1
8
8
6888
0
1
12
67108864
4000
50
78
1
1
0
1
0
0
1
0
0
1
1
1
6906
0
0
9
67108864
2000
250
1
0
1
0
0
1

0
1
4
4
6917
0
1
12
268435456
3000
250
17
1
1
0
1
0
0
1
0
0
1
1
1
6928
0
0
9
268435456
3000
100
1
0
1
0
0
1

0
1
4
2
6933
0
1
12
67108864
2000
100
97
1
1
0
1
0
0
1
0
0
1
4
1
6936
0
0
9
268435456
2000
100
1
0
1
0
0
1

0
1
1
1
6951
0
1
11
67108864
1000
100
64
0
1
0
1
0
0
1
0
1
8
2
6968
0
0
9
134217728
1000
500
1
0
1
0
0
1

0
1
4
1
6989
0
2
10
67108864
2000
1000
5
1
0
1
0
0
1

0
1
8
1
7016
0
0
9
268435456
2000
250
1
0
1
0
0
1

0
1
8
2
7026
0
0
9
67108864
4000
50
1
0
1
0
0
1

0
1
8
1
7041
0
1
11
67108864
4000
250
34
0
1
0
1
0
0
1
0
1
1
1
7057
0
1
12
268435456
3000
50
54
1
1
0
1
0
0
1
0
0
1
1
1
7083
0
1
12
134217728
2000
50
99
1
1
0
1
0
0
1
0
0
1
4
1
7097
0
0
9
67108864
4000
50
1
0
1
0
0
1

0
1
4
2
7111
0
1
11
134217728
1000
500
78
0
1
0
1
0
0
1
0
1
1
1
7117
0
0
9
134217728
1000
50
1
0
1
0
0
1

0
1
1
1
7137
0
1
12
134217728
3000
250
23
1
1
0
1
0
0
1
0
0
1
2
1
7141
0
1
12
134217728
3000
100
86
1
1
0
1
0
0
1
0
0
1
4
2
7169
0
2
10
268435456
1000
50
100
1
0
1
0
0
1

0
1
1
1
7182
0
2
10
67108864
4000
100
10
1
0
1
0
0
1

0
1
8
8
7203
0
0
9
268435456
3000
500
1
0
1
0
0
1

0
1
4
2
7217
0
2
10
67108864
4000
500
1000
1
0
1
0
0
1

0
1
8
1
7231
0
2
10
67108864
2000
500
1
1
0
1
0
0
1

0
1
8
2
7238
0
0
9
134217728
2000
50
1
0
1
0
0
1

0
1
4
1
7244
0
0
9
268435456
3000
50
1
0
1
0
0
1

0
1
1
1
7266
0
0
9
67108864
2000
500
1
0
1
0
0
1

0
1
2
1
7272
0
0
9
134217728
4000
50
1
0
1
0
0
1

0
1
2
1
7280
0
2
10
134217728
1000
50
1000
1
0
1
0
0
1

0
1
4
2
7307
0
2
10
67108864
2000
500
100
1
0
1
0
0
1

0
1
1
1
7324
0
1
12
268435456
1000
500
53
1
1
0
1
0
0
1
0
0
1
8
8
7335
0
2
10
134217728
4000
500
1
1
0
1
0
0
1

0
1
4
4
7359
0
0
9
134217728
2000
1000
1
0
1
0
0
1

0
1
1
1
7373
0
2
10
134217728
3000
250
1
1
0
1
0
0
1

0
1
1
1
7403
0
0
9
268435456
1000
500
1
0
1
0
0
1

0
1
8
1
7407
0
1
12
268435456
3000
500
11
1
1
0
1
0
0
1
0
0
1
8
8
7416
0
1
12
67108864
1000
50
49
1
1
0
1
0
0
1
0
0
1
2
1
7438
0
0
9
67108864
1000
1000
1
0
1
0
0
1

0
1
1
1
7454
0
2
10
134217728
3000
1000
10
1
0
1
0
0
1

0
1
2
1
7466
0
2
10
268435456
3000
250
1000
1
0
1
0
0
1

0
1
1
1
7489
0
1
12
268435456
2000
50
74
1
1
0
1
0
0
1
0
0
1
8
4
7518
0
2
10
268435456
2000
50
5
1
0
1
0
0
1

0
1
4
1
7530
0
2
10
134217728
1000
500
5
1
0
1
0
0
1

0
1
8
1
7542
0
2
10
134217728
1000
1000
1
1
0
1
0
0
1

0
1
1
1
7567
0
1
12
134217728
3000
100
95
1
1
0
1
0
0
1
0
0
1
8
4
7588
0
2
10
268435456
3000
50
1
1
0
1
0
0
1

0
1
1
1
7612
0
1
11
134217728
3000
250
31
0
1
0
1
0
0
1
0
1
2
2
7617
0
0
9
268435456
3000
250
1
0
1
0
0
1

0
1
2
1
7619
0
0
9
67108864
3000
50
1
0
1
0
0
1

0
1
4
4
7639
0
1
12
268435456
3000
500
56
1
1
0
1
0
0
1
0
0
1
2
1
7662
0
2
10
134217728
4000
100
5
1
0
1
0
0
1

0
1
8
4
7686
0
0
9
67108864
4000
500
1
0
1
0
0
1

0
1
4
2
7702
0
2
10
134217728
2000
100
1000
1
0
1
0
0
1

0
1
4
1
7723
0
0
9
67108864
4000
1000
1
0
1
0
0
1

0
1
8
2
7736
0
1
11
67108864
4000
100
26
0
1
0
1
0
0
1
0
1
1
1
7739
0
0
9
134217728
2000
250
1
0
1
0
0
1

0
1
4
1
7752
0
2
10
268435456
3000
500
1
1
0
1
0
0
1

0
1
8
8
7769
0
0
9
134217728
1000
50
1
0
1
0
0
1

0
1
1
1
7775
0
2
10
67108864
4000
1000
5
1
0
1
0
0
1

0
1
2
2
7803
0
1
11
67108864
2000
500
77
0
1
0
1
0
0
1
0
1
2
1
7830
0
0
9
134217728
1000
500
1
0
1
0
0
1

0
1
1
1
7859
0
2
10
67108864
4000
1000
10
1
0
1
0
0
1

0
1
2
1
7879
0
2
10
134217728
2000
250
100
1
0
1
0
0
1

0
1
1
1
7888
0
0
9
268435456
2000
500
1
0
1
0
0
1

0
1
8
1
7909
0
0
9
134217728
4000
250
1
0
1
0
0
1

0
1
2
1
7922
0
0
9
67108864
2000
1000
1
0
1
0
0
1

0
1
4
2
7948
0
2
10
134217728
2000
500
5
1
0
1
0
0
1

0
1
2
1
7967
0
2
10
268435456
2000
100
1000
1
0
1
0
0
1

0
1
8
4
7995
0
1
11
134217728
4000
500
30
0
1
0
1
0
0
1
0
1
4
1
8013
0
1
11
67108864
2000
50
11
0
1
0
1
0
0
1
0
1
2
1
8028
0
2
10
134217728
2000
1000
5
1
0
1
0
0
1

0
1
4
4
8043
0
2
10
134217728
1000
1000
100
1
0
1
0
0
1

0
1
8
4
8072
0
0
9
268435456
2000
100
1
0
1
0
0
1

0
1
4
1
8081
0
2
10
134217728
4000
250
10
1
0
1
0
0
1

0
1
8
8
8107
0
1
11
268435456
1000
500
87
0
1
0
1
0
0
1
0
1
4
2
8134
0
1
11
67108864
2000
50
41
0
1
0
1
0
0
1
0
1
1
1
8135
0
1
12
134217728
1000
1000
60
1
1
0
1
0
0
1
0
0
1
1
1
8160
0
0
9
134217728
2000
100
1
0
1
0
0
1

0
1
8
1
8186
0
0
9
134217728
1000
1000
1
0
1
0
0
1

0
1
2
1
8204
0
0
9
134217728
1000
250
1
0
1
0
0
1

0
1
2
1
8213
0
1
11
268435456
3000
50
20
0
1
0
1
0
0
1
0
1
8
8
8240
0
0
9
134217728
1000
500
1
0
1
0
0
1

0
1
4
4
8261
0
0
9
268435456
1000
500
1
0
1
0
0
1

0
1
8
4
8275
0
0
9
268435456
3000
500
1
0
1
0
0
1

0
1
1
1
8283
0
1
12
268435456
2000
50
98
1
1
0
1
0
0
1
0
0
1
1
1
8304
0
0
9
134217728
1000
250
1
0
1
0
0
1

0
1
1
1
8307
0
2
10
134217728
1000
50
1000
1
0
1
0
0
1

0
1
8
2
8315
0
0
9
268435456
1000
500
1
0
1
0
0
1

0
1
1
1
8333
0
2
10
134217728
1000
250
1
1
0
1
0
0
1

0
1
1
1
8363
0
0
9
268435456
3000
100
1
0
1
0
0
1

0
1
4
2
8377
0
2
10
268435456
1000
50
10
1
0
1
0
0
1

0
1
8
8
8385
0
0
9
268435456
2000
500
1
0
1
0
0
1

0
1
1
1
8411
0
2
10
67108864
2000
500
10
1
0
1
0
0
1

0
1
1
1
8432
0
1
12
134217728
4000
250
38
1
1
0
1
0
0
1
0
0
1
2
1
8444
0
1
11
268435456
3000
100
12
0
1
0
1
0
0
1
0
1
1
1
8470
0
0
9
67108864
2000
250
1
0
1
0
0
1

0
1
4
2
8482
0
2
10
268435456
1000
250
1000
1
0
1
0
0
1

0
1
2
1
8500
0
0
9
67108864
4000
500
1
0
1
0
0
1

0
1
8
4
8525
0
0
9
67108864
1000
1000
1
0
1
0
0
1

0
1
4
2
8537
0
2
10
134217728
2000
100
10
1
0
1
0
0
1

0
1
1
1
8561
0
0
9
134217728
2000
500
1
0
1
0
0
1

0
1
4
2
8590
0
2
10
67108864
1000
500
1
1
0
1
0
0
1

0
1
1
1
8598
0
0
9
67108864
4000
100
1
0
1
0
0
1

0
1
2
1
8609
0
0
9
67108864
1000
100
1
0
1
0
0
1

0
1
8
1
8632
0
2
10
268435456
3000
500
1
1
0
1
0
0
1

0
1
8
2
8634
0
1
12
134217728
2000
500
47
1
1
0
1
0
0
1
0
0
1
4
2
8655
0
1
11
67108864
3000
1000
54
0
1
0
1
0
0
1
0
1
8
1
8684
0
2
10
67108864
2000
1000
100
1
0
1
0
0
1

0
1
8
1
8701
0
2
10
134217728
1000
1000
1000
1
0
1
0
0
1

0
1
4
4
8716
0
1
11
268435456
2000
500
65
0
1
0
1
0
0
1
0
1
8
4
8742
0
2
10
268435456
1000
250
1
1
0
1
0
0
1

0
1
4
2
8763
0
1
11
67108864
4000
1000
40
0
1
0
1
0
0
1
0
1
1
1
8791
0
1
12
268435456
3000
100
87
1
1
0
1
0
0
1
0
0
1
8
4
8797
0
2
10
67108864
4000
1000
1000
1
0
1
0
0
1

0
1
1
1
8817
0
0
9
268435456
2000
250
1
0
1
0
0
1

0
1
4
2
8818
0
0
9
67108864
3000
50
1
0
1
0
0
1

0
1
4
2
8843
0
2
10
134217728
3000
1000
5
1
0
1
0
0
1

0
1
8
1
8847
0
2
10
134217728
4000
1000
5
1
0
1
0
0
1

0
1
1
1
8875
0
2
10
67108864
3000
100
1000
1
0
1
0
0
1

0
1
1
1
8876
0
2
10
67108864
1000
50
1
1
0
1
0
0
1

0
1
1
1
8891
0
1
12
268435456
3000
500
55
1
1
0
1
0
0
1
0
0
1
2
1
8914
0
1
11
134217728
4000
500
66
0
1
0
1
0
0
1
0
1
1
1
8931
0
0
9
134217728
1000
100
1
0
1
0
0
1

0
1
8
2
8961
0
2
10
67108864
4000
100
1
1
0
1
0
0
1

0
1
1
1
8970
0
0
9
67108864
3000
250
1
0
1
0
0
1

0
1
8
8
8993
0
2
10
67108864
2000
50
10
1
0
1
0
0
1

0
1
1
1
9002
0
0
9
134217728
1000
100
1
0
1
0
0
1

0
1
1
1
9016
0
2
10
134217728
3000
100
1
1
0
1
0
0
1

0
1
8
8
9034
0
2
10
268435456
2000
250
5
1
0
1
0
0
1

0
1
1
1
9048
0
0
9
268435456
3000
500
1
0
1
0
0
1

0
1
1
1
9050
0
1
12
67108864
3000
250
83
1
1
0
1
0
0
1
0
0
1
2
1
9078
0
1
11
67108864
3000
250
56
0
1
0
1
0
0
1
0
1
8
4
9086
0
1
12
67108864
2000
100
48
1
1
0
1
0
0
1
0
0
1
4
2
9103
0
1
12
134217728
3000
1000
95
1
1
0
1
0
0
1
0
0
1
2
2
9104
0
1
11
67108864
1000
250
57
0
1
0
1
0
0
1
0
1
2
1
9110
0
1
11
67108864
4000
100
85
0
1
0
1
0
0
1
0
1
8
2
9132
0
0
9
67108864
4000
1000
1
0
1
0
0
1

0
1
2
1
9154
0
2
10
134217728
2000
50
100
1
0
1
0
0
1

0
1
8
1
9177
0
1
12
134217728
3000
1000
66
1
1
0
1
0
0
1
0
0
1
2
1
9207
0
1
12
67108864
2000
100
25
1
1
0
1
0
0
1
0
0
1
1
1
9218
0
1
11
67108864
4000
1000
10
0
1
0
1
0
0
1
0
1
1
1
9247
0
0
9
67108864
1000
1000
1
0
1
0
0
1

0
1
8
1
9274
0
1
12
134217728
2000
1000
63
1
1
0
1
0
0
1
0
0
1
1
1
9303
0
1
12
67108864
4000
100
6
1
1
0
1
0
0
1
0
0
1
8
8
9312
0
0
9
268435456
1000
250
1
0
1
0
0
1

0
1
2
1
9329
0
2
10
67108864
4000
500
10
1
0
1
0
0
1

0
1
1
1
9349
0
1
12
268435456
1000
50
21
1
1
0
1
0
0
1
0
0
1
1
1
9369
0
0
9
67108864
1000
100
1
0
1
0
0
1

0
1
2
1
9390
0
0
9
134217728
3000
1000
1
0
1
0
0
1

0
1
4
4
9396
0
1
11
134217728
2000
50
58
0
1
0
1
0
0
1
0
1
1
1
9426
0
0
9
268435456
3000
100
1
0
1
0
0
1

0
1
1
1
9436
0
0
9
134217728
4000
500
1
0
1
0
0
1

0
1
2
1
9445
0
0
9
67108864
3000
50
1
0
1
0
0
1

0
1
2
1
9473
0
1
12
67108864
3000
100
14
1
1
0
1
0
0
1
0
0
1
8
1
9480
0
0
9
268435456
2000
250
1
0
1
0
0
1

0
1
2
2
9499
0
1
11
268435456
3000
500
39
0
1
0
1
0
0
1
0
1
4
2
9514
0
2
10
268435456
3000
500
5
1
0
1
0
0
1

0
1
8
8
9528
0
1
11
268435456
1000
500
44
0
1
0
1
0
0
1
0
1
4
1
9531
0
1
11
67108864
2000
50
34
0
1
0
1
0
0
1
0
1
8
1
9536
0
0
9
134217728
4000
1000
1
0
1
0
0
1

0
1
1
1
9553
0
2
10
268435456
3000
500
100
1
0
1
0
0
1

0
1
4
2
9570
0
2
10
134217728
3000
250
1000
1
0
1
0
0
1

0
1
1
1
9599
0
1
12
134217728
2000
250
46
1
1
0
1
0
0
1
0
0
1
2
2
9620
0
1
12
268435456
3000
500
94
1
1
0
1
0
0
1
0
0
1
8
8
9625
0
1
12
134217728
3000
500
10
1
1
0
1
0
0
1
0
0
1
4
1
9645
0
0
9
67108864
3000
250
1
0
1
0
0
1

0
1
1
1
9655
0
0
9
268435456
3000
500
1
0
1
0
0
1

0
1
1
1
9659
0
0
9
134217728
4000
50
1
0
1
0
0
1

0
1
1
1
9682
0
2
10
268435456
1000
500
1000
1
0
1
0
0
1

0
1
2
1
9694
0
0
9
67108864
2000
50
1
0
1
0
0
1

0
1
4
1
9712
0
1
12
134217728
2000
1000
20
1
1
0
1
0
0
1
0
0
1
1
1
9742
0
0
9
268435456
1000
500
1
0
1
0
0
1

0
1
1
1
9767
0
2
10
268435456
2000
500
1
1
0
1
0
0
1

0
1
2
2
9797
0
0
9
67108864
3000
50
1
0
1
0
0
1

0
1
4
1
9816
0
1
11
67108864
1000
50
91
0
1
0
1
0
0
1
0
1
4
1
9844
0
1
11
134217728
4000
500
64
0
1
0
1
0
0
1
0
1
8
1
9867
0
1
11
134217728
4000
500
51
0
1
0
1
0
0
1
0
1
4
4
9876
0
0
9
67108864
1000
50
1
0
1
0
0
1

0
1
1
1
9888
0
2
10
134217728
2000
100
100
1
0
1
0
0
1

0
1
1
1
9909
0
0
9
134217728
2000
50
1
0
1
0
0
1

0
1
1
1
9920
0
2
10
268435456
3000
250
10
1
0
1
0
0
1

0
1
4
2
9947
0
0
9
67108864
1000
1000
1
0
1
0
0
1

0
1
2
1
9958
0
0
9
134217728
4000
1000
1
0
1
0
0
1

0
1
2
1
9986
0
1
11
268435456
2000
500
25
0
1
0
1
0
0
1
0
1
4
4
9991
0
2
10
67108864
3000
250
5
1
0
1
0
0
1

0
1
4
1
10003
0
1
12
268435456
3000
50
78
1
1
0
1
0
0
1
0
0
1
1
1
10013
0
0
9
134217728
1000
50
1
0
1
0
0
1

0
1
1
1
10033
0
2
10
134217728
1000
1000
5
1
0
1
0
0
1

0
1
8
4
10058
0
2
10
134217728
3000
50
5
1
0
1
0
0
1

0
1
4
2
10082
0
1
12
134217728
2000
500
43
1
1
0
1
0
0
1
0
0
1
4
1
10102
0
0
9
268435456
3000
500
1
0
1
0
0
1

0
1
1
1
10113
0
2
10
268435456
1000
500
5
1
0
1
0
0
1

0
1
2
1
10137
0
2
10
134217728
1000
500
1000
1
0
1
0
0
1

0
1
8
2
10164
0
0
9
268435456
2000
500
1
0
1
0
0
1

0
1
4
1
10186
0
2
10
134217728
2000
250
100
1
0
1
0
0
1

0
1
4
2
10214
0
0
9
67108864
3000
50
1
0
1
0
0
1

0
1
2
1
10216
0
2
10
134217728
1000
1000
10
1
0
1
0
0
1

0
1
2
1
10240
0
0
9
134217728
3000
1000
1
0
1
0
0
1

0
1
2
2
10242
0
2
10
67108864
1000
500
10
1
0
1
0
0
1

0
1
8
2
10254
0
2
10
268435456
3000
500
100
1
0
1
0
0
1

0
1
2
2
10269
0
2
10
268435456
1000
50
5
1
0
1
0
0
1

0
1
2
1
10283
0
0
9
67108864
2000
100
1
0
1
0
0
1

0
1
2
1
10307
0
0
9
268435456
3000
50
1
0
1
0
0
1

0
1
8
8
10311
0
2
10
268435456
2000
50
100
1
0
1
0
0
1

0
1
1
1
10335
0
1
11
67108864
2000
500
57
0
1
0
1
0
0
1
0
1
1
1
10346
0
0
9
134217728
1000
250
1
0
1
0
0
1

0
1
2
1
10362
0
1
12
268435456
3000
50
8
1
1
0
1
0
0
1
0
0
1
1
1
10373
0
1
11
67108864
1000
1000
35
0
1
0
1
0
0
1
0
1
2
1
10392
0
0
9
67108864
1000
500
1
0
1
0
0
1

0
1
8
4
10420
0
1
11
268435456
3000
500
11
0
1
0
1
0
0
1
0
1
1
1
10445
0
1
11
134217728
1000
50
46
0
1
0
1
0
0
1
0
1
4
2
10462
0
2
10
268435456
2000
250
5
1
0
1
0
0
1

0
1
8
1
10475
0
0
9
134217728
3000
250
1
0
1
0
0
1

0
1
1
1
10492
0
0
9
268435456
3000
500
1
0
1
0
0
1

0
1
2
1
10511
0
1
11
67108864
2000
100
37
0
1
0
1
0
0
1
0
1
4
1
10534
0
0
9
134217728
4000
50
1
0
1
0
0
1

0
1
4
2
10547
0
0
9
134217728
1000
50
1
0
1
0
0
1

0
1
8
4
10551
0
0
9
67108864
4000
1000
1
0
1
0
0
1

0
1
2
1
10570
0
1
12
268435456
3000
100
35
1
1
0
1
0
0
1
0
0
1
4
1
10578
0
2
10
134217728
4000
250
5
1
0
1
0
0
1

0
1
4
2
10599
0
2
10
268435456
3000
100
100
1
0
1
0
0
1

0
1
8
4
10614
0
0
9
268435456
3000
500
1
0
1
0
0
1

0
1
2
1
10625
0
2
10
67108864
1000
250
1000
1
0
1
0
0
1

0
1
2
1
10647
0
0
9
134217728
1000
500
1
0
1
0
0
1

0
1
8
4
10648
0
2
10
134217728
2000
500
10
1
0
1
0
0
1

0
1
4
2
10649
0
0
9
268435456
2000
100
1
0
1
0
0
1

0
1
4
2
10652
0
1
12
134217728
2000
100
48
1
1
0
1
0
0
1
0
0
1
4
4
10657
0
2
10
134217728
2000
100
1
1
0
1
0
0
1

0
1
4
2
10668
0
0
9
268435456
3000
500
1
0
1
0
0
1

0
1
8
2
10688
0
0
9
134217728
1000
250
1
0
1
0
0
1

0
1
8
1
10712
0
1
12
134217728
4000
50
94
1
1
0
1
0
0
1
0
0
1
1
1
10714
0
2
10
268435456
1000
250
5
1
0
1
0
0
1

0
1
2
1
10724
0
2
10
134217728
1000
50
1
1
0
1
0
0
1

0
1
4
2
10731
0
2
10
268435456
3000
500
10
1
0
1
0
0
1

0
1
2
1
10754
0
2
10
67108864
2000
250
1000
1
0
1
0
0
1

0
1
2
1
10757
0
2
10
268435456
2000
100
1000
1
0
1
0
0
1

0
1
4
2
10773
0
1
11
134217728
2000
500
40
0
1
0
1
0
0
1
0
1
4
4
10792
0
1
11
67108864
1000
1000
63
0
1
0
1
0
0
1
0
1
2
1
10805
0
0
9
268435456
1000
50
1
0
1
0
0
1

0
1
8
1
10827
0
0
9
268435456
1000
100
1
0
1
0
0
1

0
1
2
2
10849
0
1
11
67108864
2000
50
5
0
1
0
1
0
0
1
0
1
4
1
10851
0
0
9
67108864
1000
500
1
0
1
0
0
1

0
1
1
1
10878
0
2
10
134217728
4000
500
100
1
0
1
0
0
1

0
1
4
4
10903
0
1
11
67108864
4000
250
51
0
1
0
1
0
0
1
0
1
4
1
10920
0
0
9
134217728
1000
1000
1
0
1
0
0
1

0
1
4
1
10932
0
0
9
67108864
2000
1000
1
0
1
0
0
1

0
1
4
4
10935
0
2
10
134217728
4000
250
1000
1
0
1
0
0
1

0
1
4
2
10941
0
2
10
268435456
3000
250
10
1
0
1
0
0
1

0
1
1
1
10965
0
0
9
134217728
4000
1000
1
0
1
0
0
1

0
1
8
4
10986
0
0
9
268435456
3000
50
1
0
1
0
0
1

0
1
2
1
11005
0
2
10
67108864
1000
1000
100
1
0
1
0
0
1

0
1
4
2
11028
0
0
9
268435456
3000
100
1
0
1
0
0
1

0
1
8
1
11043
0
1
11
268435456
3000
100
54
0
1
0
1
0
0
1
0
1
4
2
11054
0
1
12
268435456
3000
250
39
1
1
0
1
0
0
1
0
0
1
4
2
11065
0
1
11
134217728
3000
500
62
0
1
0
1
0
0
1
0
1
2
1
11077
0
2
10
268435456
3000
50
1000
1
0
1
0
0
1

0
1
1
1
11107
0
1
11
268435456
3000
250
41
0
1
0
1
0
0
1
0
1
4
2
11124
0
0
9
134217728
4000
250
1
0
1
0
0
1

0
1
8
1
11154
0
1
11
134217728
4000
250
42
0
1
0
1
0
0
1
0
1
2
2
11172
0
0
9
67108864
3000
500
1
0
1
0
0
1

0
1
4
2
11201
0
1
12
268435456
3000
500
43
1
1
0
1
0
0
1
0
0
1
2
1
11227
0
0
9
134217728
3000
250
1
0
1
0
0
1

0
1
1
1
11245
0
0
9
268435456
3000
50
1
0
1
0
0
1

0
1
4
1
11260
0
1
11
268435456
2000
100
91
0
1
0
1
0
0
1
0
1
1
1
11274
0
1
12
67108864
1000
50
77
1
1
0
1
0
0
1
0
0
1
1
1
11292
0
0
9
134217728
3000
250
1
0
1
0
0
1

0
1
1
1
11295
0
2
10
67108864
2000
500
100
1
0
1
0
0
1

0
1
1
1
11298
0
1
11
268435456
1000
500
72
0
1
0
1
0
0
1
0
1
4
2
11320
0
1
12
134217728
3000
500
50
1
1
0
1
0
0
1
0
0
1
1
1
11332
0
2
10
268435456
3000
250
5
1
0
1
0
0
1

0
1
8
2
11356
0
0
9
134217728
3000
1000
1
0
1
0
0
1

0
1
1
1
11377
0
1
12
67108864
3000
50
33
1
1
0
1
0
0
1
0
0
1
8
8
11391
0
0
9
134217728
1000
50
1
0
1
0
0
1

0
1
1
1
11417
0
2
10
67108864
3000
500
5
1
0
1
0
0
1

0
1
4
4
11428
0
2
10
67108864
4000
100
100
1
0
1
0
0
1

0
1
2
1
11429
0
0
9
67108864
2000
50
1
0
1
0
0
1

0
1
1
1
11430
0
1
12
268435456
3000
500
20
1
1
0
1
0
0
1
0
0
1
2
1
11458
0
1
12
67108864
2000
100
75
1
1
0
1
0
0
1
0
0
1
8
1
11475
0
2
10
268435456
1000
500
5
1
0
1
0
0
1

0
1
2
1
11478
0
2
10
134217728
1000
1000
5
1
0
1
0
0
1

0
1
2
2
11489
0
2
10
134217728
2000
1000
10
1
0
1
0
0
1

0
1
1
1
11515
0
0
9
268435456
3000
500
1
0
1
0
0
1

0
1
4
2
11545
0
2
10
134217728
4000
250
1
1
0
1
0
0
1

0
1
2
1
11563
0
0
9
134217728
2000
1000
1
0
1
0
0
1

0
1
1
1
11590
0
2
10
268435456
2000
100
1000
1
0
1
0
0
1

0
1
1
1
11612
0
2
10
268435456
3000
50
5
1
0
1
0
0
1

0
1
1
1
11618
0
1
12
268435456
3000
500
34
1
1
0
1
0
0
1
0
0
1
4
1
11647
0
2
10
268435456
1000
50
10
1
0
1
0
0
1

0
1
4
1
11667
0
0
9
67108864
1000
500
1
0
1
0
0
1

0
1
8
8
11691
0
1
11
67108864
4000
1000
60
0
1
0
1
0
0
1
0
1
8
1
11693
0
1
12
67108864
4000
250
68
1
1
0
1
0
0
1
0
0
1
1
1
11705
0
2
10
67108864
1000
1000
1000
1
0
1
0
0
1

0
1
8
4
11726
0
1
11
67108864
2000
500
9
0
1
0
1
0
0
1
0
1
1
1
11735
0
0
9
268435456
3000
250
1
0
1
0
0
1

0
1
2
1
11762
0
1
12
67108864
3000
100
52
1
1
0
1
0
0
1
0
0
1
8
8
11766
0
0
9
67108864
4000
50
1
0
1
0
0
1

0
1
8
8
11772
0
1
11
268435456
2000
500
54
0
1
0
1
0
0
1
0
1
2
1
11774
0
0
9
67108864
1000
250
1
0
1
0
0
1

0
1
8
4
11779
0
0
9
134217728
1000
500
1
0
1
0
0
1

0
1
2
1
11804
0
2
10
134217728
3000
50
100
1
0
1
0
0
1

0
1
8
4
11832
0
2
10
268435456
2000
250
10
1
0
1
0
0
1

0
1
8
2
11847
0
1
11
67108864
3000
100
58
0
1
0
1
0
0
1
0
1
8
8
11857
0
1
11
67108864
1000
250
50
0
1
0
1
0
0
1
0
1
2
1
11873
0
0
9
67108864
3000
100
1
0
1
0
0
1

0
1
2
1
11881
0
2
10
134217728
4000
1000
5
1
0
1
0
0
1

0
1
1
1
11887
0
0
9
67108864
4000
500
1
0
1
0
0
1

0
1
4
2
11892
0
2
10
134217728
3000
50
1000
1
0
1
0
0
1

0
1
8
1
11911
0
0
9
268435456
1000
50
1
0
1
0
0
1

0
1
8
1
11936
0
1
12
67108864
3000
100
13
1
1
0
1
0
0
1
0
0
1
1
1
11966
0
2
10
268435456
1000
100
10
1
0
1
0
0
1

0
1
4
1
11984
0
1
12
134217728
4000
500
46
1
1
0
1
0
0
1
0
0
1
2
1
11995
0
0
9
268435456
3000
100
1
0
1
0
0
1

0
1
4
2
12018
0
1
12
67108864
2000
1000
71
1
1
0
1
0
0
1
0
0
1
1
1
12046
0
2
10
134217728
4000
1000
1000
1
0
1
0
0
1

0
1
4
2
12051
0
1
12
268435456
3000
50
16
1
1
0
1
0
0
1
0
0
1
2
1
12080
0
1
11
67108864
4000
250
38
0
1
0
1
0
0
1
0
1
2
1
12088
0
2
10
268435456
3000
50
1
1
0
1
0
0
1

0
1
4
2
12116
0
1
11
268435456
3000
500
2
0
1
0
1
0
0
1
0
1
1
1
12130
0
0
9
134217728
2000
500
1
0
1
0
0
1

0
1
2
1
12158
0
1
11
67108864
1000
50
31
0
1
0
1
0
0
1
0
1
8
4
12170
0
1
11
268435456
2000
100
22
0
1
0
1
0
0
1
0
1
4
2
12186
0
2
10
134217728
4000
100
1000
1
0
1
0
0
1

0
1
8
1
12204
0
2
10
268435456
3000
250
1
1
0
1
0
0
1

0
1
1
1
12210
0
1
11
67108864
1000
1000
34
0
1
0
1
0
0
1
0
1
4
4
12214
0
2
10
268435456
2000
500
10
1
0
1
0
0
1

0
1
8
1
12225
0
1
11
134217728
3000
250
15
0
1
0
1
0
0
1
0
1
2
2
12226
0
1
11
134217728
3000
100
16
0
1
0
1
0
0
1
0
1
4
2
12229
0
1
11
134217728
2000
50
69
0
1
0
1
0
0
1
0
1
4
4
12252
0
1
12
134217728
3000
1000
69
1
1
0
1
0
0
1
0
0
1
1
1
12255
0
2
10
268435456
3000
500
10
1
0
1
0
0
1

0
1
4
1
12278
0
1
12
134217728
3000
50
36
1
1
0
1
0
0
1
0
0
1
4
2
12303
0
1
12
268435456
3000
500
60
1
1
0
1
0
0
1
0
0
1
8
2
12309
0
1
11
134217728
2000
100
15
0
1
0
1
0
0
1
0
1
4
4
12310
0
2
10
268435456
3000
100
1
1
0
1
0
0
1

0
1
1
1
12332
0
1
12
134217728
1000
50
4
1
1
0
1
0
0
1
0
0
1
1
1
12348
0
0
9
67108864
1000
1000
1
0
1
0
0
1

0
1
2
1
12368
0
2
10
268435456
3000
100
5
1
0
1
0
0
1

0
1
8
4
12385
0
0
9
134217728
3000
500
1
0
1
0
0
1

0
1
8
2
12406
0
1
11
134217728
3000
50
22
0
1
0
1
0
0
1
0
1
2
2
12426
0
2
10
134217728
1000
100
10
1
0
1
0
0
1

0
1
1
1
12455
0
0
9
268435456
3000
500
1
0
1
0
0
1

0
1
4
2
12466
0
1
12
134217728
2000
250
99
1
1
0
1
0
0
1
0
0
1
2
2
12474
0
0
9
134217728
3000
1000
1
0
1
0
0
1

0
1
4
2
12501
0
1
11
134217728
3000
50
9
0
1
0
1
0
0
1
0
1
2
1
12504
0
1
11
268435456
1000
50
74
0
1
0
1
0
0
1
0
1
2
1
12508
0
2
10
268435456
3000
250
1000
1
0
1
0
0
1

0
1
8
8
12538
0
1
12
134217728
3000
1000
61
1
1
0
1
0
0
1
0
0
1
2
1
12541
0
2
10
268435456
3000
250
100
1
0
1
0
0
1

0
1
8
2
12542
0
2
10
67108864
2000
500
100
1
0
1
0
0
1

0
1
2
1
12563
0
1
11
268435456
2000
100
20
0
1
0
1
0
0
1
0
1
2
1
12572
0
1
12
67108864
2000
50
36
1
1
0
1
0
0
1
0
0
1
4
1
12597
0
0
9
134217728
3000
250
1
0
1
0
0
1

0
1
1
1
12619
0
2
10
67108864
2000
250
5
1
0
1
0
0
1

0
1
4
2
12634
0
1
12
134217728
1000
100
41
1
1
0
1
0
0
1
0
0
1
2
1
12647
0
2
10
268435456
1000
100
1
1
0
1
0
0
1

0
1
8
2
12650
0
2
10
67108864
1000
1000
10
1
0
1
0
0
1

0
1
4
2
12676
0
2
10
268435456
3000
50
1000
1
0
1
0
0
1

0
1
1
1
12706
0
0
9
268435456
2000
250
1
0
1
0
0
1

0
1
8
4
12712
0
2
10
268435456
2000
100
1
1
0
1
0
0
1

0
1
8
4
12726
0
0
9
268435456
3000
250
1
0
1
0
0
1

0
1
4
2
12742
0
2
10
268435456
1000
500
1
1
0
1
0
0
1

0
1
8
4
12751
0
1
11
67108864
1000
50
49
0
1
0
1
0
0
1
0
1
2
1
12769
0
0
9
268435456
3000
500
1
0
1
0
0
1

0
1
4
4
12774
0
1
12
134217728
1000
500
2
1
1
0
1
0
0
1
0
0
1
2
1
12789
0
0
9
134217728
2000
500
1
0
1
0
0
1

0
1
1
1
12815
0
0
9
67108864
2000
1000
1
0
1
0
0
1

0
1
4
2
12836
0
2
10
268435456
3000
50
5
1
0
1
0
0
1

0
1
2
2
12848
0
2
10
134217728
1000
100
100
1
0
1
0
0
1

0
1
1
1
12862
0
2
10
268435456
3000
50
1
1
0
1
0
0
1

0
1
1
1
12887
0
1
12
268435456
3000
500
26
1
1
0
1
0
0
1
0
0
1
4
1
12910
0
1
11
134217728
3000
50
3
0
1
0
1
0
0
1
0
1
2
1
12925
0
1
12
268435456
2000
50
91
1
1
0
1
0
0
1
0
0
1
4
2
12933
0
2
10
134217728
2000
100
1
1
0
1
0
0
1

0
1
8
2
12954
0
2
10
268435456
3000
50
1
1
0
1
0
0
1

0
1
2
2
12955
0
0
9
268435456
2000
50
1
0
1
0
0
1

0
1
4
2
12962
0
2
10
67108864
3000
250
10
1
0
1
0
0
1

0
1
2
1
12986
0
2
10
268435456
2000
250
5
1
0
1
0
0
1

0
1
8
1
12998
0
2
10
67108864
3000
50
10
1
0
1
0
0
1

0
1
8
1
13018
0
1
11
268435456
3000
500
4
0
1
0
1
0
0
1
0
1
1
1
13022
0
2
10
67108864
2000
50
1000
1
0
1
0
0
1

0
1
2
1
13052
0
1
12
67108864
2000
250
28
1
1
0
1
0
0
1
0
0
1
8
2
13079
0
2
10
134217728
3000
500
5
1
0
1
0
0
1

0
1
1
1
13088
0
1
12
67108864
1000
250
57
1
1
0
1
0
0
1
0
0
1
4
2
13092
0
2
10
134217728
4000
1000
10
1
0
1
0
0
1

0
1
2
1
13097
0
2
10
268435456
3000
500
1
1
0
1
0
0
1

0
1
2
2
13103
0
2
10
134217728
3000
50
1
1
0
1
0
0
1

0
1
1
1
13126
0
2
10
67108864
3000
100
100
1
0
1
0
0
1

0
1
4
2
13142
0
0
9
67108864
2000
250
1
0
1
0
0
1

0
1
2
1
13147
0
1
12
268435456
2000
50
78
1
1
0
1
0
0
1
0
0
1
8
1
13163
0
0
9
67108864
2000
100
1
0
1
0
0
1

0
1
2
2
13177
0
1
12
134217728
1000
50
91
1
1
0
1
0
0
1
0
0
1
1
1
13187
0
0
9
67108864
1000
50
1
0
1
0
0
1

0
1
2
1
13217
0
0
9
67108864
2000
50
1
0
1
0
0
1

0
1
2
2
13236
0
2
10
268435456
3000
50
100
1
0
1
0
0
1

0
1
8
4
13239
0
2
10
67108864
4000
50
100
1
0
1
0
0
1

0
1
8
4
13262
0
2
10
268435456
1000
100
1000
1
0
1
0
0
1

0
1
8
2
13265
0
2
10
67108864
3000
100
5
1
0
1
0
0
1

0
1
2
2
13288
0
1
11
134217728
4000
50
20
0
1
0
1
0
0
1
0
1
2
1
13307
0
0
9
268435456
3000
100
1
0
1
0
0
1

0
1
2
1
13325
0
0
9
268435456
3000
500
1
0
1
0
0
1

0
1
8
4
13346
0
1
12
67108864
1000
250
30
1
1
0
1
0
0
1
0
0
1
2
1
13369
0
2
10
268435456
2000
100
1
1
0
1
0
0
1

0
1
2
1
13383
0
0
9
268435456
2000
50
1
0
1
0
0
1

0
1
2
1
13391
0
2
10
67108864
4000
50
100
1
0
1
0
0
1

0
1
1
1
13412
0
1
12
268435456
2000
500
29
1
1
0
1
0
0
1
0
0
1
8
2
13438
0
2
10
134217728
4000
50
10
1
0
1
0
0
1

0
1
8
8
13461
0
2
10
268435456
3000
50
5
1
0
1
0
0
1

0
1
8
8
13462
0
2
10
67108864
4000
50
10
1
0
1
0
0
1

0
1
1
1
13474
0
1
11
67108864
1000
50
35
0
1
0
1
0
0
1
0
1
1
1
13477
0
2
10
67108864
2000
250
1
1
0
1
0
0
1

0
1
4
4
13485
0
2
10
268435456
1000
50
5
1
0
1
0
0
1

0
1
4
2
13504
0
1
12
268435456
3000
500
0
1
1
0
1
0
0
1
0
0
1
2
2
13516
0
1
12
268435456
2000
250
84
1
1
0
1
0
0
1
0
0
1
2
1
13530
0
0
9
268435456
2000
250
1
0
1
0
0
1

0
1
8
4
13550
0
1
12
67108864
2000
1000
98
1
1
0
1
0
0
1
0
0
1
4
2
13563
0
1
12
67108864
3000
100
33
1
1
0
1
0
0
1
0
0
1
8
1
13578
0
1
11
268435456
3000
250
61
0
1
0
1
0
0
1
0
1
8
2
13603
0
0
9
268435456
3000
100
1
0
1
0
0
1

0
1
2
1
13625
0
1
12
134217728
3000
50
3
1
1
0
1
0
0
1
0
0
1
1
1
13647
0
2
10
67108864
3000
250
100
1
0
1
0
0
1

0
1
4
2
13660
0
1
11
134217728
2000
100
83
0
1
0
1
0
0
1
0
1
2
1
13670
0
1
12
134217728
1000
1000
93
1
1
0
1
0
0
1
0
0
1
1
1
13684
0
0
9
134217728
2000
50
1
0
1
0
0
1

0
1
1
1
13703
0
2
10
134217728
3000
50
1000
1
0
1
0
0
1

0
1
2
1
13718
0
1
11
268435456
3000
100
27
0
1
0
1
0
0
1
0
1
8
1
13721
0
2
10
67108864
1000
100
1000
1
0
1
0
0
1

0
1
4
1
13750
0
2
10
134217728
3000
250
1000
1
0
1
0
0
1

0
1
8
8
13755
0
2
10
134217728
3000
1000
1000
1
0
1
0
0
1

0
1
2
2
13768
0
0
9
268435456
3000
500
1
0
1
0
0
1

0
1
8
4
13781
0
2
10
67108864
1000
50
1000
1
0
1
0
0
1

0
1
4
2
13806
0
1
11
134217728
2000
50
98
0
1
0
1
0
0
1
0
1
4
2
13827
0
2
10
134217728
3000
250
5
1
0
1
0
0
1

0
1
2
1
13842
0
1
11
134217728
1000
1000
69
0
1
0
1
0
0
1
0
1
2
1
13857
0
0
9
134217728
4000
1000
1
0
1
0
0
1

0
1
4
4
13884
0
0
9
134217728
1000
500
1
0
1
0
0
1

0
1
4
4
13901
0
2
10
67108864
4000
1000
1
1
0
1
0
0
1

0
1
4
4
13926
0
2
10
67108864
4000
50
10
1
0
1
0
0
1

0
1
1
1
13951
0
1
11
67108864
1000
1000
95
0
1
0
1
0
0
1
0
1
4
2
13972
0
0
9
67108864
4000
250
1
0
1
0
0
1

0
1
2
1
13979
0
2
10
67108864
3000
500
10
1
0
1
0
0
1

0
1
8
8
13987
0
2
10
67108864
1000
50
1
1
0
1
0
0
1

0
1
4
4
14002
0
0
9
268435456
1000
250
1
0
1
0
0
1

0
1
1
1
14013
0
0
9
67108864
2000
100
1
0
1
0
0
1

0
1
4
2
14043
0
2
10
268435456
3000
500
5
1
0
1
0
0
1

0
1
8
2
14052
0
0
9
67108864
3000
50
1
0
1
0
0
1

0
1
1
1
14062
0
1
12
134217728
1000
1000
79
1
1
0
1
0
0
1
0
0
1
2
1
14072
0
0
9
134217728
3000
250
1
0
1
0
0
1

0
1
1
1
14087
0
1
12
268435456
3000
500
96
1
1
0
1
0
0
1
0
0
1
4
1
14098
0
0
9
268435456
2000
50
1
0
1
0
0
1

0
1
1
1
14114
0
2
10
268435456
2000
50
100
1
0
1
0
0
1

0
1
2
1
14121
0
0
9
67108864
4000
1000
1
0
1
0
0
1

0
1
4
1
14126
0
0
9
67108864
4000
500
1
0
1
0
0
1

0
1
4
2
14141
0
0
9
268435456
3000
100
1
0
1
0
0
1

0
1
4
2
14145
0
0
9
67108864
4000
500
1
0
1
0
0
1

0
1
4
1
14164
0
1
11
67108864
4000
250
16
0
1
0
1
0
0
1
0
1
2
1
14171
0
0
9
67108864
4000
100
1
0
1
0
0
1

0
1
8
1
14192
0
2
10
67108864
2000
50
100
1
0
1
0
0
1

0
1
8
8
14213
0
2
10
67108864
3000
1000
5
1
0
1
0
0
1

0
1
4
4
14221
0
2
10
67108864
3000
50
100
1
0
1
0
0
1

0
1
8
1
14227
0
0
9
268435456
2000
500
1
0
1
0
0
1

0
1
8
1
14256
0
2
10
268435456
1000
250
1000
1
0
1
0
0
1

0
1
2
1
14283
0
2
10
67108864
3000
50
10
1
0
1
0
0
1

0
1
2
2
14285
0
2
10
268435456
2000
250
10
1
0
1
0
0
1

0
1
4
1
14296
0
2
10
268435456
3000
250
1000
1
0
1
0
0
1

0
1
1
1
14324
0
2
10
134217728
4000
250
5
1
0
1
0
0
1

0
1
2
1
14343
0
2
10
67108864
2000
100
5
1
0
1
0
0
1

0
1
1
1
14350
0
2
10
67108864
1000
50
100
1
0
1
0
0
1

0
1
1
1
14370
0
2
10
268435456
1000
500
1000
1
0
1
0
0
1

0
1
4
4
14394
0
2
10
67108864
2000
500
1000
1
0
1
0
0
1

0
1
4
2
14420
0
2
10
134217728
2000
1000
100
1
0
1
0
0
1

0
1
8
1
14427
0
2
10
134217728
2000
1000
1
1
0
1
0
0
1

0
1
2
2
14429
0
2
10
67108864
3000
250
10
1
0
1
0
0
1

0
1
1
1
14430
0
2
10
268435456
2000
500
10
1
0
1
0
0
1

0
1
1
1
14447
0
2
10
67108864
2000
100
5
1
0
1
0
0
1

0
1
2
1
14456
0
2
10
268435456
3000
500
1000
1
0
1
0
0
1

0
1
1
1
14459
0
2
10
268435456
1000
50
1000
1
0
1
0
0
1

0
1
4
4
14464
0
2
10
67108864
3000
1000
1
1
0
1
0
0
1

0
1
8
2
14465
0
2
10
134217728
1000
100
100
1
0
1
0
0
1

0
1
4
2
14474
0
2
10
134217728
2000
250
100
1
0
1
0
0
1

0
1
4
2
14480
0
2
10
134217728
3000
250
1000
1
0
1
0
0
1

0
1
4
2
14499
0
2
10
268435456
1000
500
10
1
0
1
0
0
1

0
1
4
1
14521
0
2
10
67108864
1000
500
5
1
0
1
0
0
1

0
1
1
1
14546
0
2
10
67108864
3000
500
1
1
0
1
0
0
1

0
1
1
1
14563
0
2
10
268435456
2000
500
100
1
0
1
0
0
1

0
1
1
1
14572
0
2
10
134217728
1000
50
10
1
0
1
0
0
1

0
1
4
1
14574
0
2
10
134217728
3000
50
1
1
0
1
0
0
1

0
1
8
8
14591
0
2
10
134217728
4000
50
10
1
0
1
0
0
1

0
1
4
1
14600
0
2
10
67108864
1000
50
1
1
0
1
0
0
1

0
1
4
1
14623
0
2
10
268435456
3000
50
100
1
0
1
0
0
1

0
1
4
2
14650
0
2
10
67108864
4000
50
100
1
0
1
0
0
1

0
1
4
4
14671
0
2
10
134217728
3000
250
1000
1
0
1
0
0
1

0
1
8
2
14699
0
2
10
134217728
4000
1000
1
1
0
1
0
0
1

0
1
2
1
14714
0
2
10
134217728
4000
1000
10
1
0
1
0
0
1

0
1
8
1
14743
0
2
10
268435456
1000
250
100
1
0
1
0
0
1

0
1
2
1
14770
0
2
10
67108864
1000
250
100
1
0
1
0
0
1

0
1
4
4
14785
0
2
10
134217728
3000
500
10
1
0
1
0
0
1

0
1
1
1
14786
0
2
10
268435456
3000
500
10
1
0
1
0
0
1

0
1
8
2
14804
0
2
10
67108864
1000
500
10
1
0
1
0
0
1

0
1
8
8
14812
0
2
10
134217728
4000
500
100
1
0
1
0
0
1

0
1
2
1
14828
0
2
10
134217728
3000
100
100
1
0
1
0
0
1

0
1
2
1
14854
0
2
10
67108864
2000
50
100
1
0
1
0
0
1

0
1
4
2
14872
0
2
10
268435456
3000
50
100
1
0
1
0
0
1

0
1
8
1
14875
0
2
10
268435456
3000
50
100
1
0
1
0
0
1

0
1
8
1
14897
0
2
10
67108864
4000
500
10
1
0
1
0
0
1

0
1
8
8
14898
0
2
10
67108864
2000
500
10
1
0
1
0
0
1

0
1
1
1
14915
0
2
10
134217728
1000
50
1
1
0
1
0
0
1

0
1
1
1
14917
0
2
10
134217728
4000
250
5
1
0
1
0
0
1

0
1
1
1
14922
0
2
10
268435456
2000
500
10
1
0
1
0
0
1

0
1
4
2
14938
0
2
10
134217728
1000
1000
10
1
0
1
0
0
1

0
1
4
2
14968
0
2
10
134217728
2000
1000
10
1
0
1
0
0
1

0
1
4
4
14988
0
2
10
67108864
2000
100
1
1
0
1
0
0
1

0
1
1
1
15000
0
2
10
268435456
1000
500
1
1
0
1
0
0
1

0
1
1
1
15011
0
2
10
134217728
4000
1000
1000
1
0
1
0
0
1

0
1
2
2
15015
0
2
10
67108864
1000
1000
5
1
0
1
0
0
1

0
1
2
1
15027
0
2
10
67108864
3000
100
1000
1
0
1
0
0
1

0
1
1
1
15048
0
2
10
268435456
1000
500
10
1
0
1
0
0
1

0
1
8
1
15078
0
2
10
67108864
1000
250
1000
1
0
1
0
0
1

0
1
8
1
15098
0
2
10
268435456
1000
250
1000
1
0
1
0
0
1

0
1
2
1
15126
0
2
10
67108864
4000
100
5
1
0
1
0
0
1

0
1
1
1
15140
0
2
10
268435456
1000
100
1
1
0
1
0
0
1

0
1
4
2
15161
0
2
10
134217728
2000
250
100
1
0
1
0
0
1

0
1
1
1
15174
0
2
10
67108864
3000
250
1
1
0
1
0
0
1

0
1
2
1
15197
0
2
10
268435456
3000
250
1000
1
0
1
0
0
1

0
1
2
1
15198
0
2
10
134217728
2000
100
1
1
0
1
0
0
1

0
1
1
1
15214
0
2
10
268435456
3000
100
10
1
0
1
0
0
1

0
1
8
2
15224
0
2
10
67108864
1000
1000
10
1
0
1
0
0
1

0
1
2
1
15235
0
2
10
134217728
4000
100
1000
1
0
1
0
0
1

0
1
2
1
15237
0
2
10
268435456
3000
500
10
1
0
1
0
0
1

0
1
8
8
15247
0
2
10
67108864
3000
50
1000
1
0
1
0
0
1

0
1
4
4
15277
0
2
10
268435456
3000
50
10
1
0
1
0
0
1

0
1
1
1
15295
0
2
10
134217728
1000
500
5
1
0
1
0
0
1

0
1
2
1
15296
0
2
10
67108864
3000
100
100
1
0
1
0
0
1

0
1
4
2
15307
0
2
10
134217728
4000
500
10
1
0
1
0
0
1

0
1
2
2
15333
0
2
10
67108864
1000
500
1000
1
0
1
0
0
1

0
1
8
1
15356
0
2
10
134217728
1000
250
1000
1
0
1
0
0
1

0
1
8
2
15384
0
2
10
268435456
3000
50
1
1
0
1
0
0
1

0
1
4
2
15385
0
2
10
268435456
3000
100
10
1
0
1
0
0
1

0
1
4
2
15405
0
2
10
268435456
3000
500
100
1
0
1
0
0
1

0
1
8
1
15406
0
2
10
134217728
1000
500
1000
1
0
1
0
0
1

0
1
8
1
15419
0
2
10
268435456
1000
250
1000
1
0
1
0
0
1

0
1
4
1
15437
0
2
10
268435456
1000
250
5
1
0
1
0
0
1

0
1
8
4
15462
0
2
10
134217728
2000
1000
1000
1
0
1
0
0
1

0
1
4
2
15464
0
2
10
134217728
4000
100
1000
1
0
1
0
0
1

0
1
2
1
15482
0
2
10
67108864
2000
50
10
1
0
1
0
0
1

0
1
8
2
15492
0
2
10
134217728
3000
500
1
1
0
1
0
0
1

0
1
1
1
15517
0
2
10
67108864
2000
100
10
1
0
1
0
0
1

0
1
2
2
15539
0
2
10
268435456
3000
250
5
1
0
1
0
0
1

0
1
1
1
15558
0
2
10
67108864
1000
100
1
1
0
1
0
0
1

0
1
4
2
15573
0
2
10
67108864
1000
50
1
1
0
1
0
0
1

0
1
2
2
15576
0
2
10
134217728
1000
100
1000
1
0
1
0
0
1

0
1
8
8
15597
0
2
10
134217728
1000
250
1
1
0
1
0
0
1

0
1
8
2
15622
0
2
10
67108864
1000
250
1000
1
0
1
0
0
1

0
1
8
1
15632
0
2
10
268435456
2000
500
10
1
0
1
0
0
1

0
1
1
1
15642
0
2
10
268435456
3000
500
1
1
0
1
0
0
1

0
1
1
1
15648
0
2
10
134217728
1000
500
100
1
0
1
0
0
1

0
1
8
2
15670
0
2
10
134217728
3000
250
1000
1
0
1
0
0
1

0
1
2
1
15684
0
2
10
67108864
1000
1000
1
1
0
1
0
0
1

0
1
1
1
15687
0
2
10
134217728
2000
500
100
1
0
1
0
0
1

0
1
4
4
15691
0
2
10
67108864
2000
50
100
1
0
1
0
0
1

0
1
1
1
15697
0
2
10
268435456
3000
500
5
1
0
1
0
0
1

0
1
8
2
15699
0
2
10
268435456
2000
250
5
1
0
1
0
0
1

0
1
4
2
15727
0
2
10
268435456
1000
100
5
1
0
1
0
0
1

0
1
4
1
15742
0
2
10
134217728
2000
250
1000
1
0
1
0
0
1

0
1
4
2
15744
0
2
10
134217728
4000
1000
1
1
0
1
0
0
1

0
1
8
2
15753
0
2
10
134217728
2000
100
1000
1
0
1
0
0
1

0
1
2
1
15761
0
2
10
67108864
3000
50
100
1
0
1
0
0
1

0
1
1
1
15775
0
2
10
67108864
4000
1000
5
1
0
1
0
0
1

0
1
1
1
15784
0
2
10
67108864
3000
250
10
1
0
1
0
0
1

0
1
2
1
15801
0
2
10
67108864
2000
500
1
1
0
1
0
0
1

0
1
1
1
15824
0
2
10
268435456
3000
100
1
1
0
1
0
0
1

0
1
2
1
15826
0
2
10
268435456
3000
250
1
1
0
1
0
0
1

0
1
1
1
15843
0
2
10
134217728
4000
50
100
1
0
1
0
0
1

0
1
2
1
15867
0
2
10
134217728
2000
50
1
1
0
1
0
0
1

0
1
8
4
15895
0
2
10
67108864
1000
50
5
1
0
1
0
0
1

0
1
8
1
15924
0
2
10
134217728
4000
50
5
1
0
1
0
0
1

0
1
1
1
15948
0
2
10
67108864
2000
50
1
1
0
1
0
0
1

0
1
2
1
15972
0
2
10
268435456
1000
250
5
1
0
1
0
0
1

0
1
2
2
15980
0
2
10
134217728
2000
250
100
1
0
1
0
0
1

0
1
2
1
16001
0
2
10
134217728
4000
250
100
1
0
1
0
0
1

0
1
8
2
16030
0
2
10
67108864
2000
250
1000
1
0
1
0
0
1

0
1
4
2
16039
0
2
10
67108864
3000
1000
1
1
0
1
0
0
1

0
1
8
1
16046
0
2
10
134217728
4000
500
1
1
0
1
0
0
1

0
1
8
2
16050
0
2
10
134217728
1000
500
1
1
0
1
0
0
1

0
1
1
1
16072
0
2
10
67108864
1000
50
5
1
0
1
0
0
1

0
1
1
1
16079
0
2
10
67108864
1000
100
5
1
0
1
0
0
1

0
1
4
2
16084
0
2
10
134217728
1000
250
100
1
0
1
0
0
1

0
1
2
2
16100
0
2
10
67108864
1000
1000
10
1
0
1
0
0
1

0
1
4
2
16119
0
2
10
67108864
4000
50
10
1
0
1
0
0
1

0
1
4
1
16120
0
2
10
134217728
1000
100
100
1
0
1
0
0
1

0
1
1
1
16126
0
2
10
67108864
3000
250
5
1
0
1
0
0
1

0
1
4
2
16132
0
2
10
67108864
2000
500
1000
1
0
1
0
0
1

0
1
8
2
16148
0
2
10
134217728
3000
250
10
1
0
1
0
0
1

0
1
8
4
16155
0
2
10
134217728
4000
250
1000
1
0
1
0
0
1

0
1
1
1
16173
0
2
10
134217728
3000
1000
5
1
0
1
0
0
1

0
1
2
2
16182
0
2
10
134217728
4000
50
10
1
0
1
0
0
1

0
1
8
1
16193
0
2
10
268435456
2000
100
1
1
0
1
0
0
1

0
1
4
1
16200
0
2
10
67108864
2000
1000
1000
1
0
1
0
0
1

0
1
1
1
16228
0
2
10
268435456
1000
250
100
1
0
1
0
0
1

0
1
2
2
16249
0
2
10
268435456
2000
100
100
1
0
1
0
0
1

0
1
4
2
16265
0
2
10
268435456
2000
500
1
1
0
1
0
0
1

0
1
8
1
16272
0
2
10
134217728
2000
500
10
1
0
1
0
0
1

0
1
2
1
16285
0
2
10
67108864
1000
1000
1
1
0
1
0
0
1

0
1
4
2
16300
0
2
10
268435456
3000
500
10
1
0
1
0
0
1

0
1
2
1
16310
0
2
10
268435456
3000
250
10
1
0
1
0
0
1

0
1
4
2
16332
0
2
10
268435456
3000
50
1
1
0
1
0
0
1

0
1
4
1
16335
0
2
10
268435456
3000
500
5
1
0
1
0
0
1

0
1
2
1
16361
0
2
10
268435456
1000
500
100
1
0
1
0
0
1

0
1
2
1
16391
0
2
10
67108864
3000
500
100
1
0
1
0
0
1

0
1
2
1
16412
0
2
10
67108864
1000
500
1
1
0
1
0
0
1

0
1
8
1
16416
0
2
10
67108864
2000
500
5
1
0
1
0
0
1

0
1
8
8
16423
0
2
10
134217728
3000
100
100
1
0
1
0
0
1

0
1
8
2
16449
0
2
10
134217728
3000
100
5
1
0
1
0
0
1

0
1
8
8
16453
0
2
10
134217728
4000
250
5
1
0
1
0
0
1

0
1
2
1
16464
0
2
10
134217728
2000
1000
10
1
0
1
0
0
1

0
1
4
4
16490
0
2
10
134217728
3000
250
1
1
0
1
0
0
1

0
1
4
4
16505
0
2
10
67108864
4000
500
100
1
0
1
0
0
1

0
1
4
2
16527
0
2
10
67108864
2000
100
1
1
0
1
0
0
1

0
1
2
1
16542
0
2
10
268435456
2000
50
100
1
0
1
0
0
1

0
1
1
1
16555
0
2
10
268435456
1000
500
1000
1
0
1
0
0
1

0
1
8
1
16574
0
2
10
134217728
2000
500
5
1
0
1
0
0
1

0
1
4
4
16578
0
2
10
67108864
2000
250
10
1
0
1
0
0
1

0
1
4
4
16605
0
2
10
134217728
2000
1000
1
1
0
1
0
0
1

0
1
4
4
16627
0
2
10
268435456
2000
250
100
1
0
1
0
0
1

0
1
1
1
16650
0
2
10
268435456
3000
50
1
1
0
1
0
0
1

0
1
1
1
16659
0
2
10
67108864
4000
500
5
1
0
1
0
0
1

0
1
1
1
16664
0
2
10
268435456
3000
250
10
1
0
1
0
0
1

0
1
2
2
16689
0
2
10
67108864
1000
100
10
1
0
1
0
0
1

0
1
8
1
16711
0
2
10
67108864
4000
250
10
1
0
1
0
0
1

0
1
1
1
16727
0
2
10
134217728
3000
500
1000
1
0
1
0
0
1

0
1
8
8
16749
0
2
10
268435456
3000
50
1
1
0
1
0
0
1

0
1
8
4
16757
0
2
10
134217728
3000
1000
10
1
0
1
0
0
1

0
1
8
1
16775
0
2
10
67108864
2000
100
1
1
0
1
0
0
1

0
1
8
1
16796
0
2
10
268435456
3000
250
10
1
0
1
0
0
1

0
1
2
1
16797
0
2
10
134217728
2000
100
5
1
0
1
0
0
1

0
1
2
1
16799
0
2
10
67108864
2000
250
100
1
0
1
0
0
1

0
1
8
8
16821
0
2
10
134217728
4000
500
1000
1
0
1
0
0
1

0
1
8
2
16838
0
2
10
134217728
4000
500
10
1
0
1
0
0
1

0
1
1
1
16859
0
2
10
67108864
4000
500
1
1
0
1
0
0
1

0
1
2
1
16882
0
2
10
67108864
3000
100
10
1
0
1
0
0
1

0
1
4
2
16910
0
2
10
268435456
1000
500
1000
1
0
1
0
0
1

0
1
8
2
16925
0
2
10
67108864
3000
250
10
1
0
1
0
0
1

0
1
8
2
16930
0
2
10
268435456
2000
500
5
1
0
1
0
0
1

0
1
2
1
16934
0
2
10
134217728
1000
1000
1000
1
0
1
0
0
1

0
1
4
4
16935
0
2
10
268435456
1000
50
100
1
0
1
0
0
1

0
1
1
1
16953
0
2
10
134217728
3000
100
1000
1
0
1
0
0
1

0
1
8
4
16966
0
2
10
268435456
2000
500
5
1
0
1
0
0
1

0
1
2
1
16969
0
2
10
67108864
3000
50
100
1
0
1
0
0
1

0
1
2
2
16996
0
2
10
268435456
1000
500
1
1
0
1
0
0
1

0
1
1
1
17008
0
2
10
268435456
3000
500
1
1
0
1
0
0
1

0
1
4
1
17030
0
2
10
268435456
3000
500
10
1
0
1
0
0
1

0
1
8
4
17037
0
2
10
268435456
2000
500
100
1
0
1
0
0
1

0
1
8
8
17062
0
2
10
268435456
3000
250
5
1
0
1
0
0
1

0
1
2
1
17074
0
2
10
134217728
1000
50
100
1
0
1
0
0
1

0
1
1
1
17079
0
2
10
134217728
3000
100
100
1
0
1
0
0
1

0
1
1
1
17090
0
2
10
134217728
1000
100
10
1
0
1
0
0
1

0
1
4
2
17114
0
2
10
67108864
4000
250
5
1
0
1
0
0
1

0
1
2
1
17125
0
2
10
134217728
3000
100
1000
1
0
1
0
0
1

0
1
8
8
17146
0
2
10
268435456
1000
500
1000
1
0
1
0
0
1

0
1
8
8
17169
0
2
10
67108864
1000
500
1000
1
0
1
0
0
1

0
1
8
2
17199
0
2
10
67108864
2000
50
1000
1
0
1
0
0
1

0
1
2
1
17210
0
2
10
67108864
3000
1000
5
1
0
1
0
0
1

0
1
2
1
17218
0
2
10
134217728
1000
250
10
1
0
1
0
0
1

0
1
2
1
17224
0
2
10
134217728
2000
250
5
1
0
1
0
0
1

0
1
2
1
17246
0
2
10
67108864
1000
500
100
1
0
1
0
0
1

0
1
1
1
17248
0
2
10
67108864
3000
500
100
1
0
1
0
0
1

0
1
2
1
17251
0
2
10
67108864
2000
100
5
1
0
1
0
0
1

0
1
4
1
17259
0
2
10
134217728
2000
1000
5
1
0
1
0
0
1

0
1
2
1
17260
0
2
10
67108864
3000
250
1000
1
0
1
0
0
1

0
1
1
1
17267
0
2
10
67108864
1000
250
1
1
0
1
0
0
1

0
1
8
2
17281
0
2
10
268435456
3000
50
100
1
0
1
0
0
1

0
1
4
4
17286
0
2
10
134217728
4000
250
1000
1
0
1
0
0
1

0
1
1
1
17304
0
2
10
67108864
2000
50
100
1
0
1
0
0
1

0
1
8
4
17321
0
2
10
134217728
2000
500
5
1
0
1
0
0
1

0
1
2
1
17335
0
2
10
268435456
1000
100
1
1
0
1
0
0
1

0
1
8
4
17348
0
2
10
268435456
1000
500
5
1
0
1
0
0
1

0
1
2
2
17374
0
2
10
268435456
2000
500
10
1
0
1
0
0
1

0
1
8
2
17380
0
2
10
67108864
2000
500
10
1
0
1
0
0
1

0
1
2
1
17390
0
2
10
268435456
2000
250
5
1
0
1
0
0
1

0
1
8
4
17418
0
2
10
134217728
3000
500
1
1
0
1
0
0
1

0
1
8
4
17442
0
2
10
134217728
3000
1000
1000
1
0
1
0
0
1

0
1
8
1
17451
0
2
10
268435456
3000
500
10
1
0
1
0
0
1

0
1
1
1
17472
0
2
10
268435456
2000
100
1000
1
0
1
0
0
1

0
1
1
1
17474
0
2
10
134217728
3000
1000
1
1
0
1
0
0
1

0
1
8
8
17484
0
2
10
268435456
3000
50
1000
1
0
1
0
0
1

0
1
1
1
17488
0
2
10
268435456
3000
100
10
1
0
1
0
0
1

0
1
8
1
17493
0
2
10
134217728
3000
500
100
1
0
1
0
0
1

0
1
1
1
17503
0
2
10
67108864
1000
250
100
1
0
1
0
0
1

0
1
8
8
17513
0
2
10
268435456
1000
500
5
1
0
1
0
0
1

0
1
4
1
17524
0
2
10
67108864
3000
100
10
1
0
1
0
0
1

0
1
1
1
17539
0
2
10
268435456
3000
500
1000
1
0
1
0
0
1

0
1
1
1
17545
0
2
10
67108864
4000
250
100
1
0
1
0
0
1

0
1
2
1
17572
0
2
10
268435456
1000
50
1
1
0
1
0
0
1

0
1
1
1
17573
0
2
10
268435456
3000
50
1
1
0
1
0
0
1

0
1
1
1
17602
0
2
10
134217728
2000
1000
1
1
0
1
0
0
1

0
1
4
2
17605
0
2
10
268435456
2000
500
5
1
0
1
0
0
1

0
1
8
8
17633
0
2
10
268435456
1000
500
5
1
0
1
0
0
1

0
1
1
1
17658
0
2
10
67108864
4000
500
1
1
0
1
0
0
1

0
1
8
2
17659
0
2
10
268435456
2000
100
10
1
0
1
0
0
1

0
1
2
2
17662
0
2
10
134217728
3000
1000
1000
1
0
1
0
0
1

0
1
1
1
17668
0
2
10
268435456
3000
50
1
1
0
1
0
0
1

0
1
4
1
17695
0
2
10
268435456
3000
250
5
1
0
1
0
0
1

0
1
1
1
17697
0
2
10
268435456
1000
50
100
1
0
1
0
0
1

0
1
2
2
17722
0
2
10
134217728
3000
250
100
1
0
1
0
0
1

0
1
1
1
17750
0
2
10
67108864
4000
1000
1
1
0
1
0
0
1

0
1
8
2
17768
0
2
10
134217728
3000
500
1000
1
0
1
0
0
1

0
1
1
1
17771
0
2
10
268435456
3000
500
5
1
0
1
0
0
1

0
1
1
1
17794
0
2
10
67108864
2000
1000
1000
1
0
1
0
0
1

0
1
8
2
17809
0
2
10
67108864
3000
1000
5
1
0
1
0
0
1

0
1
4
2
17823
0
2
10
134217728
1000
1000
1000
1
0
1
0
0
1

0
1
1
1
17829
0
2
10
134217728
1000
1000
1
1
0
1
0
0
1

0
1
8
8
17835
0
2
10
134217728
4000
500
5
1
0
1
0
0
1

0
1
4
4
17849
0
2
10
67108864
2000
50
10
1
0
1
0
0
1

0
1
4
4
17874
0
2
10
134217728
4000
500
10
1
0
1
0
0
1

0
1
1
1
17880
0
2
10
134217728
1000
250
10
1
0
1
0
0
1

0
1
1
1
17888
0
2
10
67108864
4000
100
1
1
0
1
0
0
1

0
1
8
1
17907
0
2
10
134217728
1000
250
10
1
0
1
0
0
1

0
1
8
2
17911
0
2
10
134217728
3000
100
5
1
0
1
0
0
1

0
1
1
1
17922
0
2
10
67108864
1000
100
5
1
0
1
0
0
1

0
1
1
1
17945
0
2
10
268435456
2000
500
100
1
0
1
0
0
1

0
1
8
4
17974
0
2
10
268435456
1000
50
5
1
0
1
0
0
1

0
1
1
1
17977
0
2
10
67108864
1000
500
10
1
0
1
0
0
1

0
1
4
1
17981
0
2
10
268435456
3000
500
100
1
0
1
0
0
1

0
1
4
4
17992
0
2
10
67108864
4000
250
1
1
0
1
0
0
1

0
1
2
1
18010
0
2
10
67108864
3000
1000
100
1
0
1
0
0
1

0
1
1
1
18040
0
2
10
67108864
3000
500
1000
1
0
1
0
0
1

0
1
1
1
18049
0
2
10
268435456
3000
50
1000
1
0
1
0
0
1

0
1
2
1
18059
0
2
10
67108864
4000
250
100
1
0
1
0
0
1

0
1
4
1
18080
0
2
10
67108864
3000
50
100
1
0
1
0
0
1

0
1
4
2
18097
0
2
10
67108864
1000
250
10
1
0
1
0
0
1

0
1
1
1
18105
0
2
10
268435456
3000
100
1
1
0
1
0
0
1

0
1
4
2
18127
0
2
10
67108864
4000
100
5
1
0
1
0
0
1

0
1
8
2
18137
0
2
10
134217728
2000
100
10
1
0
1
0
0
1

0
1
4
1
18143
0
2
10
134217728
3000
500
1
1
0
1
0
0
1

0
1
4
2
18145
0
2
10
67108864
3000
50
1
1
0
1
0
0
1

0
1
4
4
18149
0
2
10
134217728
1000
50
1000
1
0
1
0
0
1

0
1
4
2
18176
0
2
10
268435456
3000
500
1000
1
0
1
0
0
1

0
1
8
4
18196
0
2
10
134217728
2000
100
5
1
0
1
0
0
1

0
1
1
1
18217
0
2
10
268435456
3000
50
100
1
0
1
0
0
1

0
1
1
1
18230
0
2
10
67108864
3000
100
100
1
0
1
0
0
1

0
1
2
1
18236
0
2
10
134217728
3000
50
1
1
0
1
0
0
1

0
1
4
2
18254
0
2
10
67108864
4000
250
100
1
0
1
0
0
1

0
1
1
1
18282
0
2
10
67108864
1000
250
10
1
0
1
0
0
1

0
1
8
2
18311
0
2
10
134217728
2000
100
5
1
0
1
0
0
1

0
1
8
1
18341
0
2
10
134217728
3000
50
1
1
0
1
0
0
1

0
1
2
1
18359
0
2
10
67108864
1000
50
1
1
0
1
0
0
1

0
1
8
2
18364
0
2
10
67108864
3000
1000
1
1
0
1
0
0
1

0
1
8
1
18375
0
2
10
67108864
2000
1000
1
1
0
1
0
0
1

0
1
4
2
18392
0
2
10
67108864
2000
50
1
1
0
1
0
0
1

0
1
2
2
18401
0
2
10
268435456
2000
500
1000
1
0
1
0
0
1

0
1
2
2
18411
0
2
10
134217728
2000
100
1000
1
0
1
0
0
1

0
1
8
8
18421
0
2
10
268435456
2000
100
100
1
0
1
0
0
1

0
1
4
4
18433
0
2
10
134217728
3000
50
1000
1
0
1
0
0
1

0
1
2
2
18443
0
2
10
134217728
4000
500
100
1
0
1
0
0
1

0
1
4
4
18444
0
2
10
134217728
2000
1000
100
1
0
1
0
0
1

0
1
2
1
18452
0
2
10
268435456
3000
500
100
1
0
1
0
0
1

0
1
1
1
18466
0
2
10
67108864
3000
50
5
1
0
1
0
0
1

0
1
4
2
18488
0
2
10
67108864
3000
500
1
1
0
1
0
0
1

0
1
8
1
18501
0
2
10
268435456
3000
50
5
1
0
1
0
0
1

0
1
2
1
18520
0
2
10
134217728
4000
500
5
1
0
1
0
0
1

0
1
8
2
18549
0
2
10
134217728
1000
50
5
1
0
1
0
0
1

0
1
4
2
18552
0
2
10
134217728
4000
1000
1
1
0
1
0
0
1

0
1
8
1
18559
0
2
10
67108864
4000
500
5
1
0
1
0
0
1

0
1
2
2
18579
0
2
10
268435456
3000
250
10
1
0
1
0
0
1

0
1
4
2
18603
0
2
10
67108864
4000
50
5
1
0
1
0
0
1

0
1
2
1
18622
0
2
10
268435456
3000
500
1000
1
0
1
0
0
1

0
1
2
1
18638
0
2
10
134217728
2000
250
1
1
0
1
0
0
1

0
1
2
2
18660
0
2
10
268435456
1000
50
10
1
0
1
0
0
1

0
1
2
1
18681
0
2
10
268435456
1000
500
1
1
0
1
0
0
1

0
1
8
2
18704
0
2
10
268435456
1000
500
10
1
0
1
0
0
1

0
1
2
1
18722
0
2
10
268435456
2000
500
1000
1
0
1
0
0
1

0
1
8
2
18729
0
2
10
268435456
3000
250
5
1
0
1
0
0
1

0
1
4
4
18732
0
2
10
268435456
3000
250
10
1
0
1
0
0
1

0
1
1
1
18736
0
2
10
67108864
2000
500
10
1
0
1
0
0
1

0
1
8
8
18756
0
2
10
268435456
3000
100
100
1
0
1
0
0
1

0
1
4
1
18783
0
2
10
268435456
3000
500
1000
1
0
1
0
0
1

0
1
1
1
18804
0
2
10
67108864
3000
1000
100
1
0
1
0
0
1

0
1
2
1
18818
0
2
10
134217728
4000
100
5
1
0
1
0
0
1

0
1
1
1
18832
0
2
10
268435456
2000
50
10
1
0
1
0
0
1

0
1
2
2
18838
0
2
10
268435456
2000
100
5
1
0
1
0
0
1

0
1
4
4
18843
0
2
10
268435456
3000
50
1
1
0
1
0
0
1

0
1
1
1
18853
0
2
10
268435456
1000
500
100
1
0
1
0
0
1

0
1
2
1
18854
0
2
10
67108864
1000
500
100
1
0
1
0
0
1

0
1
4
2
18873
0
2
10
268435456
3000
50
100
1
0
1
0
0
1

0
1
2
1
18882
0
2
10
134217728
3000
50
1
1
0
1
0
0
1

0
1
1
1
18885
0
2
10
268435456
1000
500
1
1
0
1
0
0
1

0
1
2
1
18888
0
2
10
67108864
4000
250
10
1
0
1
0
0
1

0
1
4
2
18894
0
2
10
134217728
1000
500
5
1
0
1
0
0
1

0
1
8
2
18897
0
2
10
134217728
2000
50
10
1
0
1
0
0
1

0
1
8
8
18911
0
2
10
67108864
1000
50
1
1
0
1
0
0
1

0
1
4
2
18915
0
2
10
268435456
3000
50
10
1
0
1
0
0
1

0
1
8
4
18942
0
2
10
67108864
3000
50
1000
1
0
1
0
0
1

0
1
1
1
18957
0
2
10
67108864
3000
1000
1
1
0
1
0
0
1

0
1
8
8
18985
0
2
10
67108864
1000
100
100
1
0
1
0
0
1

0
1
8
4
18994
0
2
10
268435456
3000
100
1000
1
0
1
0
0
1

0
1
2
1
19023
0
2
10
268435456
3000
500
1
1
0
1
0
0
1

0
1
2
1
19029
0
2
10
67108864
1000
50
1000
1
0
1
0
0
1

0
1
1
1
19039
0
2
10
134217728
1000
500
1
1
0
1
0
0
1

0
1
8
1
19046
0
2
10
268435456
2000
50
1
1
0
1
0
0
1

0
1
4
1
19074
0
2
10
268435456
3000
500
5
1
0
1
0
0
1

0
1
8
4
19084
0
2
10
268435456
1000
500
1000
1
0
1
0
0
1

0
1
1
1
19103
0
2
10
134217728
1000
500
1
1
0
1
0
0
1

0
1
4
1
19121
0
2
10
268435456
3000
250
1
1
0
1
0
0
1

0
1
8
4
19140
0
2
10
134217728
3000
50
1
1
0
1
0
0
1

0
1
4
1
19161
0
2
10
134217728
4000
100
100
1
0
1
0
0
1

0
1
4
2
19183
0
2
10
134217728
1000
100
100
1
0
1
0
0
1

0
1
1
1
19209
0
2
10
67108864
3000
250
5
1
0
1
0
0
1

0
1
1
1
19218
0
2
10
268435456
3000
500
1000
1
0
1
0
0
1

0
1
1
1
19229
0
2
10
268435456
2000
250
1
1
0
1
0
0
1

0
1
2
1
19249
0
2
10
67108864
4000
250
10
1
0
1
0
0
1

0
1
4
2
19253
0
2
10
67108864
1000
1000
10
1
0
1
0
0
1

0
1
4
2
19271
0
2
10
134217728
3000
100
1000
1
0
1
0
0
1

0
1
4
2
19283
0
2
10
134217728
3000
100
1
1
0
1
0
0
1

0
1
8
1
19289
0
2
10
268435456
1000
500
1
1
0
1
0
0
1

0
1
1
1
19305
0
2
10
67108864
1000
500
10
1
0
1
0
0
1

0
1
4
2
19307
0
2
10
67108864
2000
50
1
1
0
1
0
0
1

0
1
1
1
19319
0
2
10
268435456
3000
500
100
1
0
1
0
0
1

0
1
2
1
19337
0
2
10
134217728
4000
500
5
1
0
1
0
0
1

0
1
1
1
19353
0
2
10
134217728
2000
250
10
1
0
1
0
0
1

0
1
8
1
19380
0
2
10
67108864
4000
500
1000
1
0
1
0
0
1

0
1
4
2
19389
0
2
10
134217728
1000
250
1000
1
0
1
0
0
1

0
1
1
1
19391
0
2
10
67108864
2000
500
100
1
0
1
0
0
1

0
1
8
1
19399
0
2
10
134217728
4000
50
1
1
0
1
0
0
1

0
1
4
4
19407
0
2
10
268435456
3000
500
5
1
0
1
0
0
1

0
1
4
2
19431
0
2
10
67108864
3000
50
100
1
0
1
0
0
1

0
1
8
1
19441
0
2
10
134217728
4000
100
5
1
0
1
0
0
1

0
1
2
1
19446
0
2
10
67108864
2000
50
1000
1
0
1
0
0
1

0
1
4
2
19472
0
2
10
134217728
1000
500
100
1
0
1
0
0
1

0
1
8
1
19498
0
2
10
134217728
4000
250
5
1
0
1
0
0
1

0
1
8
4
19525
0
2
10
134217728
1000
1000
1000
1
0
1
0
0
1

0
1
4
1
19544
0
2
10
67108864
1000
250
1000
1
0
1
0
0
1

0
1
4
4
19553
0
2
10
134217728
1000
1000
1
1
0
1
0
0
1

0
1
8
2
19580
0
2
10
67108864
1000
100
5
1
0
1
0
0
1

0
1
2
1
19603
0
2
10
268435456
1000
500
100
1
0
1
0
0
1

0
1
4
2
19629
0
2
10
268435456
1000
50
1000
1
0
1
0
0
1

0
1
2
1
19656
0
2
10
268435456
3000
500
1
1
0
1
0
0
1

0
1
1
1
19667
0
2
10
67108864
4000
250
10
1
0
1
0
0
1

0
1
8
8
19697
0
2
10
268435456
2000
50
1
1
0
1
0
0
1

0
1
4
2
19726
0
2
10
268435456
2000
250
1000
1
0
1
0
0
1

0
1
8
8
19750
0
2
10
268435456
3000
100
5
1
0
1
0
0
1

0
1
8
2
19759
0
2
10
268435456
3000
500
5
1
0
1
0
0
1

0
1
4
2
19783
0
2
10
268435456
2000
50
100
1
0
1
0
0
1

0
1
1
1
19790
0
2
10
67108864
1000
250
100
1
0
1
0
0
1

0
1
1
1
19806
0
2
10
134217728
1000
1000
1
1
0
1
0
0
1

0
1
1
1
19821
0
2
10
268435456
1000
500
100
1
0
1
0
0
1

0
1
4
2
19835
0
2
10
268435456
3000
500
10
1
0
1
0
0
1

0
1
8
8
19859
0
2
10
134217728
4000
50
1000
1
0
1
0
0
1

0
1
8
8
19863
0
2
10
268435456
3000
500
1
1
0
1
0
0
1

0
1
4
1
19886
0
2
10
134217728
1000
100
10
1
0
1
0
0
1

0
1
2
1
19890
0
2
10
134217728
4000
1000
1
1
0
1
0
0
1

0
1
4
2
19910
0
2
10
134217728
4000
250
100
1
0
1
0
0
1

0
1
4
1
19936
0
2
10
134217728
2000
250
5
1
0
1
0
0
1

0
1
1
1
19947
0
2
10
268435456
3000
50
1
1
0
1
0
0
1

0
1
4
4
19971
0
2
10
134217728
3000
500
10
1
0
1
0
0
1

0
1
1
1
19981
0
2
10
268435456
2000
100
1
1
0
1
0
0
1

0
1
1
1
20007
0
2
10
134217728
4000
500
1000
1
0
1
0
0
1

0
1
2
2
20027
0
2
10
134217728
1000
100
10
1
0
1
0
0
1

0
1
2
2
20036
0
2
10
134217728
4000
500
1
1
0
1
0
0
1

0
1
8
1
20053
0
2
10
268435456
3000
50
100
1
0
1
0
0
1

0
1
4
2
20072
0
2
10
67108864
2000
100
1
1
0
1
0
0
1

0
1
2
1
20093
0
2
10
134217728
3000
250
100
1
0
1
0
0
1

0
1
1
1
20117
0
2
10
67108864
2000
1000
10
1
0
1
0
0
1

0
1
4
4
20123
0
2
10
67108864
3000
1000
5
1
0
1
0
0
1

0
1
1
1
20148
0
2
10
268435456
3000
250
5
1
0
1
0
0
1

0
1
8
2
20156
0
2
10
268435456
2000
250
10
1
0
1
0
0
1

0
1
8
4
20163
0
2
10
67108864
3000
100
100
1
0
1
0
0
1

0
1
8
8
20174
0
2
10
268435456
3000
500
100
1
0
1
0
0
1

0
1
4
4
20181
0
2
10
268435456
3000
500
1000
1
0
1
0
0
1

0
1
8
8
20194
0
2
10
268435456
3000
500
100
1
0
1
0
0
1

0
1
8
4
20220
0
2
10
67108864
4000
1000
100
1
0
1
0
0
1

0
1
1
1
20222
0
2
10
268435456
2000
100
5
1
0
1
0
0
1

0
1
1
1
20223
0
2
10
134217728
4000
500
5
1
0
1
0
0
1

0
1
2
1
20236
0
2
10
268435456
3000
250
10
1
0
1
0
0
1

0
1
4
2
20237
0
2
10
67108864
1000
50
100
1
0
1
0
0
1

0
1
8
2
20261
0
2
10
67108864
3000
250
100
1
0
1
0
0
1

0
1
1
1
20287
0
2
10
67108864
3000
50
100
1
0
1
0
0
1

0
1
8
2
20299
0
2
10
134217728
3000
100
100
1
0
1
0
0
1

0
1
8
1
20322
0
2
10
268435456
3000
50
100
1
0
1
0
0
1

0
1
4
1
20343
0
2
10
67108864
1000
500
10
1
0
1
0
0
1

0
1
2
2
20369
0
2
10
268435456
3000
500
100
1
0
1
0
0
1

0
1
4
4
20393
0
2
10
134217728
2000
50
1000
1
0
1
0
0
1

0
1
1
1
20421
0
2
10
268435456
1000
50
5
1
0
1
0
0
1

0
1
4
2
20430
0
2
10
134217728
2000
50
5
1
0
1
0
0
1

0
1
1
1
20459
0
2
10
67108864
2000
500
10
1
0
1
0
0
1

0
1
1
1
20466
0
2
10
67108864
2000
100
5
1
0
1
0
0
1

0
1
4
2
20473
0
2
10
134217728
1000
50
100
1
0
1
0
0
1

0
1
4
2
20478
0
2
10
268435456
3000
100
10
1
0
1
0
0
1

0
1
1
1
20491
0
2
10
268435456
3000
50
10
1
0
1
0
0
1

0
1
2
1
20514
0
2
10
268435456
1000
100
1
1
0
1
0
0
1

0
1
2
1
20530
0
2
10
67108864
3000
100
10
1
0
1
0
0
1

0
1
4
2
20534
0
2
10
67108864
2000
1000
1000
1
0
1
0
0
1

0
1
8
4
20540
0
2
10
134217728
2000
50
5
1
0
1
0
0
1

0
1
1
1
20555
0
2
10
134217728
3000
50
1
1
0
1
0
0
1

0
1
8
8
20567
0
2
10
134217728
3000
50
10
1
0
1
0
0
1

0
1
2
1
20585
0
2
10
134217728
3000
250
5
1
0
1
0
0
1

0
1
1
1
20612
0
2
10
268435456
3000
100
1
1
0
1
0
0
1

0
1
2
2
20626
0
2
10
134217728
1000
500
1
1
0
1
0
0
1

0
1
1
1
20634
0
2
10
134217728
2000
250
1
1
0
1
0
0
1

0
1
2
1
20640
0
2
10
268435456
3000
50
100
1
0
1
0
0
1

0
1
4
4
20642
0
2
10
67108864
2000
50
1000
1
0
1
0
0
1

0
1
1
1
20658
0
2
10
67108864
4000
500
100
1
0
1
0
0
1

0
1
1
1
20682
0
2
10
134217728
2000
500
100
1
0
1
0
0
1

0
1
4
2
20705
0
2
10
134217728
4000
50
100
1
0
1
0
0
1

0
1
8
8
20712
0
2
10
67108864
2000
50
10
1
0
1
0
0
1

0
1
2
1
20739
0
2
10
134217728
3000
100
1
1
0
1
0
0
1

0
1
4
1
20766
0
2
10
134217728
1000
100
100
1
0
1
0
0
1

0
1
1
1
20782
0
2
10
134217728
4000
500
5
1
0
1
0
0
1

0
1
8
1
20808
0
2
10
134217728
1000
50
5
1
0
1
0
0
1

0
1
2
2
20816
0
2
10
134217728
2000
500
10
1
0
1
0
0
1

0
1
4
2
20841
0
2
10
268435456
3000
250
1
1
0
1
0
0
1

0
1
4
2
20870
0
2
10
134217728
4000
100
100
1
0
1
0
0
1

0
1
2
1
20895
0
2
10
268435456
3000
500
5
1
0
1
0
0
1

0
1
1
1
20903
0
2
10
134217728
4000
1000
5
1
0
1
0
0
1

0
1
4
1
20912
0
2
10
67108864
3000
1000
100
1
0
1
0
0
1

0
1
1
1
20914
0
2
10
67108864
1000
250
1
1
0
1
0
0
1

0
1
8
8
20923
0
2
10
134217728
1000
50
1
1
0
1
0
0
1

0
1
1
1
20929
0
2
10
268435456
3000
500
10
1
0
1
0
0
1

0
1
8
4
20937
0
2
10
268435456
2000
100
1000
1
0
1
0
0
1

0
1
8
8
20942
0
2
10
134217728
2000
100
100
1
0
1
0
0
1

0
1
4
2
20952
0
2
10
134217728
2000
100
100
1
0
1
0
0
1

0
1
2
1
20975
0
2
10
134217728
2000
1000
10
1
0
1
0
0
1

0
1
4
4
20990
0
2
10
134217728
1000
100
5
1
0
1
0
0
1

0
1
2
1
21003
0
2
10
134217728
3000
1000
100
1
0
1
0
0
1

0
1
2
1
21019
0
2
10
268435456
1000
250
1
1
0
1
0
0
1

0
1
1
1
21027
0
2
10
268435456
3000
500
100
1
0
1
0
0
1

0
1
8
4
21029
0
2
10
134217728
2000
500
100
1
0
1
0
0
1

0
1
8
2
21032
0
2
10
134217728
2000
50
100
1
0
1
0
0
1

0
1
1
1
21058
0
2
10
134217728
4000
500
100
1
0
1
0
0
1

0
1
4
2
21084
0
2
10
134217728
2000
100
1000
1
0
1
0
0
1

0
1
1
1
21095
0
2
10
134217728
1000
250
1
1
0
1
0
0
1

0
1
8
2
21107
0
2
10
134217728
3000
50
1000
1
0
1
0
0
1

0
1
8
4
21132
0
2
10
268435456
1000
250
100
1
0
1
0
0
1

0
1
8
2
21144
0
2
10
268435456
2000
250
5
1
0
1
0
0
1

0
1
8
1
21147
0
2
10
268435456
3000
500
100
1
0
1
0
0
1

0
1
4
2
21170
0
2
10
134217728
3000
50
10
1
0
1
0
0
1

0
1
2
1
21193
0
2
10
67108864
3000
1000
5
1
0
1
0
0
1

0
1
1
1
21220
0
2
10
67108864
2000
500
1
1
0
1
0
0
1

0
1
8
8
21243
0
2
10
268435456
1000
500
100
1
0
1
0
0
1

0
1
1
1
21273
0
2
10
268435456
3000
500
100
1
0
1
0
0
1

0
1
8
4
21281
0
2
10
268435456
3000
500
1
1
0
1
0
0
1

0
1
1
1
21297
0
2
10
67108864
4000
50
5
1
0
1
0
0
1

0
1
4
2
21306
0
2
10
134217728
4000
250
1
1
0
1
0
0
1

0
1
1
1
21310
0
2
10
134217728
3000
250
10
1
0
1
0
0
1

0
1
4
2
21327
0
2
10
67108864
1000
500
5
1
0
1
0
0
1

0
1
8
1
21336
0
2
10
67108864
1000
500
1
1
0
1
0
0
1

0
1
8
1
21344
0
2
10
268435456
2000
100
5
1
0
1
0
0
1

0
1
4
2
21346
0
2
10
67108864
1000
500
1
1
0
1
0
0
1

0
1
2
1
21353
0
2
10
67108864
2000
100
10
1
0
1
0
0
1

0
1
2
1
21365
0
2
10
67108864
1000
50
10
1
0
1
0
0
1

0
1
1
1
21381
0
2
10
134217728
2000
100
5
1
0
1
0
0
1

0
1
8
2
21407
0
2
10
67108864
1000
1000
1000
1
0
1
0
0
1

0
1
4
2
21427
0
2
10
67108864
4000
250
10
1
0
1
0
0
1

0
1
8
2
21454
0
2
10
134217728
2000
100
1000
1
0
1
0
0
1

0
1
1
1
21464
0
2
10
268435456
2000
100
1
1
0
1
0
0
1

0
1
8
4
21469
0
2
10
268435456
3000
50
5
1
0
1
0
0
1

0
1
4
1
21493
0
2
10
268435456
3000
500
100
1
0
1
0
0
1

0
1
1
1
21514
0
2
10
67108864
2000
50
1
1
0
1
0
0
1

0
1
2
2
21542
0
2
10
268435456
3000
250
10
1
0
1
0
0
1

0
1
2
2
21567
0
2
10
67108864
2000
50
10
1
0
1
0
0
1

0
1
2
1
21595
0
2
10
134217728
4000
100
1
1
0
1
0
0
1

0
1
1
1
21600
0
2
10
67108864
2000
50
1
1
0
1
0
0
1

0
1
4
4
21601
0
2
10
134217728
4000
50
10
1
0
1
0
0
1

0
1
1
1
21603
0
2
10
134217728
4000
100
1000
1
0
1
0
0
1

0
1
8
8
21629
0
2
10
67108864
1000
500
100
1
0
1
0
0
1

0
1
4
2
21655
0
2
10
67108864
3000
1000
5
1
0
1
0
0
1

0
1
2
1
21662
0
2
10
67108864
1000
250
10
1
0
1
0
0
1

0
1
8
2
21683
0
2
10
268435456
3000
250
100
1
0
1
0
0
1

0
1
2
2
21705
0
2
10
67108864
2000
100
1000
1
0
1
0
0
1

0
1
1
1
21732
0
2
10
134217728
3000
250
1
1
0
1
0
0
1

0
1
1
1
21745
0
2
10
268435456
3000
100
1
1
0
1
0
0
1

0
1
4
2
21755
0
2
10
134217728
3000
1000
100
1
0
1
0
0
1

0
1
8
8
21780
0
2
10
134217728
4000
500
1000
1
0
1
0
0
1

0
1
4
2
21804
0
2
10
268435456
2000
50
5
1
0
1
0
0
1

0
1
4
4
21831
0
2
10
134217728
2000
500
1
1
0
1
0
0
1

0
1
4
4
21832
0
2
10
67108864
4000
1000
1
1
0
1
0
0
1

0
1
1
1
21836
0
2
10
134217728
2000
500
10
1
0
1
0
0
1

0
1
1
1
21837
0
2
10
268435456
3000
500
1000
1
0
1
0
0
1

0
1
4
4
21865
0
2
10
67108864
4000
100
1
1
0
1
0
0
1

0
1
1
1
21890
0
2
10
134217728
2000
250
5
1
0
1
0
0
1

0
1
8
1
21891
0
2
10
67108864
1000
100
5
1
0
1
0
0
1

0
1
4
4
21915
0
2
10
134217728
1000
250
100
1
0
1
0
0
1

0
1
4
2
21925
0
2
10
268435456
1000
500
5
1
0
1
0
0
1

0
1
4
1
21926
0
2
10
67108864
2000
50
100
1
0
1
0
0
1

0
1
1
1
21931
0
2
10
67108864
3000
50
1
1
0
1
0
0
1

0
1
2
1
21944
0
2
10
67108864
3000
250
5
1
0
1
0
0
1

0
1
4
2
21965
0
2
10
268435456
1000
500
100
1
0
1
0
0
1

0
1
8
4
21983
0
2
10
268435456
3000
100
10
1
0
1
0
0
1

0
1
2
1
21986
0
2
10
134217728
2000
500
1000
1
0
1
0
0
1

0
1
8
4
21999
0
2
10
268435456
1000
100
1000
1
0
1
0
0
1

0
1
8
4
22020
0
2
10
268435456
2000
500
5
1
0
1
0
0
1

0
1
8
1
22043
0
2
10
268435456
3000
500
10
1
0
1
0
0
1

0
1
1
1
22053
0
2
10
134217728
3000
1000
1000
1
0
1
0
0
1

0
1
4
2
22054
0
2
10
67108864
1000
100
5
1
0
1
0
0
1

0
1
1
1
22064
0
2
10
268435456
2000
250
10
1
0
1
0
0
1

0
1
2
2
22073
0
2
10
67108864
2000
100
100
1
0
1
0
0
1

0
1
2
1
22091
0
2
10
134217728
3000
250
1000
1
0
1
0
0
1

0
1
4
2
22114
0
2
10
67108864
3000
1000
10
1
0
1
0
0
1

0
1
8
2
22122
0
2
10
268435456
1000
250
1
1
0
1
0
0
1

0
1
2
1
22137
0
2
10
67108864
3000
50
10
1
0
1
0
0
1

0
1
8
8
22160
0
2
10
268435456
3000
50
1
1
0
1
0
0
1

0
1
4
1
22180
0
2
10
67108864
1000
50
10
1
0
1
0
0
1

0
1
4
2
22206
0
2
10
134217728
3000
100
1
1
0
1
0
0
1

0
1
2
1
22224
0
2
10
67108864
1000
50
10
1
0
1
0
0
1

0
1
2
1
22231
0
2
10
67108864
4000
1000
10
1
0
1
0
0
1

0
1
2
2
22247
0
2
10
134217728
4000
50
5
1
0
1
0
0
1

0
1
8
2
22265
0
2
10
134217728
1000
1000
10
1
0
1
0
0
1

0
1
2
1
22280
0
2
10
67108864
3000
1000
1000
1
0
1
0
0
1

0
1
4
2
22283
0
2
10
134217728
1000
100
100
1
0
1
0
0
1

0
1
8
1
22287
0
2
10
67108864
4000
250
100
1
0
1
0
0
1

0
1
1
1
22290
0
2
10
268435456
3000
500
1000
1
0
1
0
0
1

0
1
2
2
22313
0
2
10
67108864
2000
1000
1000
1
0
1
0
0
1

0
1
4
2
22331
0
2
10
268435456
2000
500
1000
1
0
1
0
0
1

0
1
1
1
22333
0
2
10
268435456
2000
100
10
1
0
1
0
0
1

0
1
4
4
22340
0
2
10
67108864
4000
1000
5
1
0
1
0
0
1

0
1
1
1
22344
0
2
10
134217728
3000
250
5
1
0
1
0
0
1

0
1
4
2
22350
0
2
10
67108864
4000
250
1000
1
0
1
0
0
1

0
1
8
8
22351
0
2
10
268435456
3000
500
5
1
0
1
0
0
1

0
1
1
1
22381
0
2
10
134217728
4000
50
100
1
0
1
0
0
1

0
1
2
1
22383
0
2
10
134217728
1000
250
10
1
0
1
0
0
1

0
1
1
1
22413
0
2
10
134217728
4000
50
10
1
0
1
0
0
1

0
1
2
1
22428
0
2
10
268435456
2000
100
1
1
0
1
0
0
1

0
1
1
1
22429
0
2
10
67108864
1000
50
100
1
0
1
0
0
1

0
1
8
8
22453
0
2
10
67108864
2000
1000
1000
1
0
1
0
0
1

0
1
8
8
22473
0
2
10
134217728
3000
250
5
1
0
1
0
0
1

0
1
8
1
22492
0
2
10
134217728
2000
500
1000
1
0
1
0
0
1

0
1
1
1
22507
0
2
10
134217728
4000
50
100
1
0
1
0
0
1

0
1
2
1
22521
0
2
10
268435456
3000
50
1
1
0
1
0
0
1

0
1
1
1
22529
0
2
10
268435456
3000
250
1
1
0
1
0
0
1

0
1
8
8
22541
0
2
10
268435456
3000
500
1000
1
0
1
0
0
1

0
1
8
8
22550
0
2
10
134217728
2000
100
5
1
0
1
0
0
1

0
1
2
1
22559
0
2
10
134217728
4000
100
100
1
0
1
0
0
1

0
1
2
1
22573
0
2
10
268435456
3000
500
1
1
0
1
0
0
1

0
1
4
1
22596
0
2
10
268435456
3000
250
1
1
0
1
0
0
1

0
1
8
2
22604
0
2
10
268435456
3000
250
10
1
0
1
0
0
1

0
1
4
4
22628
0
2
10
67108864
1000
1000
5
1
0
1
0
0
1

0
1
4
2
22652
0
2
10
268435456
1000
250
100
1
0
1
0
0
1

0
1
1
1
22672
0
2
10
134217728
4000
250
1
1
0
1
0
0
1

0
1
8
8
22688
0
2
10
67108864
1000
250
1000
1
0
1
0
0
1

0
1
8
2
22711
0
2
10
134217728
3000
50
10
1
0
1
0
0
1

0
1
4
2
22725
0
2
10
134217728
1000
500
10
1
0
1
0
0
1

0
1
1
1
22749
0
2
10
134217728
3000
1000
10
1
0
1
0
0
1

0
1
2
2
22773
0
2
10
67108864
3000
250
10
1
0
1
0
0
1

0
1
2
2
22801
0
2
10
67108864
2000
50
1
1
0
1
0
0
1

0
1
4
2
22802
0
2
10
134217728
2000
100
1000
1
0
1
0
0
1

0
1
4
1
22806
0
2
10
268435456
2000
500
1000
1
0
1
0
0
1

0
1
1
1
22824
0
2
10
268435456
1000
250
100
1
0
1
0
0
1

0
1
2
1
22848
0
2
10
67108864
3000
100
1000
1
0
1
0
0
1

0
1
1
1
22850
0
2
10
134217728
3000
250
100
1
0
1
0
0
1

0
1
1
1
22876
0
2
10
134217728
1000
50
5
1
0
1
0
0
1

0
1
1
1
22883
0
2
10
268435456
3000
500
10
1
0
1
0
0
1

