1500

0
1
1
1
29
0
2
10
67108864
3000
1000
10
1
0
1
0
0
1

0
1
4
2
51
0
2
10
134217728
3000
1000
10
1
0
1
0
0
1

0
1
4
4
75
0
1
11
67108864
4000
500
22
0
1
0
1
0
0
1
0
1
4
2
102
0
0
9
134217728
3000
500
1
0
1
0
0
1

0
1
1
1
131
0
0
9
67108864
1000
1000
1
0
1
0
0
1

0
1
2
1
161
0
1
11
67108864
4000
50
35
0
1
0
1
0
0
1
0
1
1
1
191
0
2
10
134217728
4000
500
10
1
0
1
0
0
1

0
1
4
2
193
0
2
10
67108864
3000
500
100
1
0
1
0
0
1

0
1
4
2
201
0
0
9
134217728
4000
100
1
0
1
0
0
1

0
1
4
1
225
0
2
10
134217728
4000
1000
1000
1
0
1
0
0
1

0
1
4
1
251
0
2
10
67108864
4000
100
1000
1
0
1
0
0
1

0
1
2
1
272
0
2
10
134217728
2000
100
1
1
0
1
0
0
1

0
1
4
2
299
0
0
9
268435456
2000
500
1
0
1
0
0
1

0
1
1
1
305
0
2
10
67108864
2000
500
100
1
0
1
0
0
1

0
1
2
2
324
0
0
9
134217728
4000
250
1
0
1
0
0
1

0
1
4
4
348
0
0
9
67108864
2000
1000
1
0
1
0
0
1

0
1
2
1
374
0
0
9
67108864
4000
1000
1
0
1
0
0
1

0
1
2
1
383
0
1
12
134217728
3000
50
12
1
1
0
1
0
0
1
0
0
1
4
1
399
0
0
9
268435456
3000
500
1
0
1
0
0
1

0
1
2
2
423
0
2
10
134217728
1000
500
1
1
0
1
0
0
1

0
1
2
2
432
0
2
10
268435456
2000
250
100
1
0
1
0
0
1

0
1
4
4
436
0
0
9
134217728
3000
500
1
0
1
0
0
1

0
1
1
1
462
0
1
11
268435456
1000
500
34
0
1
0
1
0
0
1
0
1
4
2
490
0
1
12
134217728
3000
50
97
1
1
0
1
0
0
1
0
0
1
4
2
505
0
0
9
134217728
3000
250
1
0
1
0
0
1

0
1
4
2
516
0
2
10
134217728
2000
100
100
1
0
1
0
0
1

0
1
2
2
521
0
2
10
67108864
3000
500
100
1
0
1
0
0
1

0
1
4
2
523
0
1
11
134217728
3000
500
13
0
1
0
1
0
0
1
0
1
2
1
543
0
2
10
134217728
1000
50
10
1
0
1
0
0
1

0
1
4
2
559
0
1
11
67108864
2000
250
10
0
1
0
1
0
0
1
0
1
1
1
568
0
1
11
268435456
3000
250
61
0
1
0
1
0
0
1
0
1
1
1
576
0
2
10
268435456
3000
250
1000
1
0
1
0
0
1

0
1
4
1
591
0
1
11
67108864
3000
500
33
0
1
0
1
0
0
1
0
1
1
1
601
0
0
9
134217728
4000
1000
1
0
1
0
0
1

0
1
4
2
603
0
2
10
67108864
2000
50
5
1
0
1
0
0
1

0
1
8
2
614
0
0
9
67108864
2000
250
1
0
1
0
0
1

0
1
4
2
625
0
0
9
134217728
2000
500
1
0
1
0
0
1

0
1
8
2
646
0
2
10
67108864
1000
500
100
1
0
1
0
0
1

0
1
8
1
653
0
2
10
67108864
2000
100
10
1
0
1
0
0
1

0
1
2
2
662
0
1
11
67108864
3000
100
39
0
1
0
1
0
0
1
0
1
8
2
692
0
1
11
134217728
2000
500
76
0
1
0
1
0
0
1
0
1
2
1
721
0
1
11
268435456
3000
100
22
0
1
0
1
0
0
1
0
1
1
1
748
0
1
11
134217728
1000
250
56
0
1
0
1
0
0
1
0
1
8
2
765
0
0
9
67108864
1000
1000
1
0
1
0
0
1

0
1
1
1
776
0
1
11
268435456
2000
500
65
0
1
0
1
0
0
1
0
1
2
1
802
0
2
10
67108864
3000
250
1000
1
0
1
0
0
1

0
1
1
1
827
0
1
12
67108864
1000
250
61
1
1
0
1
0
0
1
0
0
1
1
1
830
0
2
10
134217728
3000
100
10
1
0
1
0
0
1

0
1
8
2
859
0
0
9
67108864
2000
250
1
0
1
0
0
1

0
1
4
4
885
0
0
9
67108864
2000
1000
1
0
1
0
0
1

0
1
4
4
893
0
2
10
134217728
4000
100
100
1
0
1
0
0
1

0
1
1
1
900
0
2
10
67108864
1000
100
100
1
0
1
0
0
1

0
1
1
1
906
0
2
10
268435456
2000
500
1000
1
0
1
0
0
1

0
1
1
1
928
0
1
12
67108864
3000
250
58
1
1
0
1
0
0
1
0
0
1
8
1
938
0
1
11
67108864
4000
100
46
0
1
0
1
0
0
1
0
1
4
1
941
0
1
11
268435456
3000
500
61
0
1
0
1
0
0
1
0
1
8
1
953
0
2
10
134217728
4000
1000
1000
1
0
1
0
0
1

0
1
4
1
954
0
2
10
268435456
3000
500
1
1
0
1
0
0
1

0
1
2
1
979
0
1
11
67108864
3000
50
35
0
1
0
1
0
0
1
0
1
4
4
991
0
1
11
67108864
1000
250
84
0
1
0
1
0
0
1
0
1
4
4
1008
0
0
9
67108864
1000
250
1
0
1
0
0
1

0
1
4
2
1033
0
1
11
67108864
2000
250
83
0
1
0
1
0
0
1
0
1
1
1
1047
0
1
11
134217728
4000
1000
99
0
1
0
1
0
0
1
0
1
2
1
1066
0
2
10
268435456
3000
500
10
1
0
1
0
0
1

0
1
4
2
1092
0
2
10
268435456
2000
500
5
1
0
1
0
0
1

0
1
8
2
1096
0
0
9
134217728
3000
1000
1
0
1
0
0
1

0
1
8
8
1113
0
2
10
67108864
3000
500
10
1
0
1
0
0
1

0
1
2
1
1121
0
2
10
67108864
3000
50
100
1
0
1
0
0
1

0
1
8
4
1145
0
1
12
134217728
1000
250
30
1
1
0
1
0
0
1
0
0
1
1
1
1161
0
2
10
67108864
4000
250
10
1
0
1
0
0
1

0
1
2
1
1170
0
2
10
134217728
1000
500
10
1
0
1
0
0
1

0
1
1
1
1189
0
0
9
67108864
1000
500
1
0
1
0
0
1

0
1
8
8
1216
0
0
9
134217728
3000
50
1
0
1
0
0
1

0
1
4
2
1241
0
0
9
268435456
3000
500
1
0
1
0
0
1

0
1
2
1
1248
0
2
10
134217728
2000
250
5
1
0
1
0
0
1

0
1
8
8
1275
0
2
10
268435456
1000
50
1000
1
0
1
0
0
1

0
1
4
4
1277
0
1
12
67108864
3000
250
97
1
1
0
1
0
0
1
0
0
1
8
8
1285
0
0
9
268435456
3000
500
1
0
1
0
0
1

0
1
1
1
1302
0
1
11
134217728
3000
50
74
0
1
0
1
0
0
1
0
1
1
1
1331
0
1
12
67108864
4000
50
35
1
1
0
1
0
0
1
0
0
1
8
4
1346
0
1
12
67108864
1000
250
76
1
1
0
1
0
0
1
0
0
1
1
1
1361
0
1
11
134217728
3000
100
74
0
1
0
1
0
0
1
0
1
4
1
1391
0
2
10
67108864
4000
50
10
1
0
1
0
0
1

0
1
8
1
1421
0
2
10
134217728
1000
1000
100
1
0
1
0
0
1

0
1
8
4
1444
0
1
12
67108864
4000
250
10
1
1
0
1
0
0
1
0
0
1
2
1
1462
0
2
10
67108864
2000
500
5
1
0
1
0
0
1

0
1
8
1
1478
0
1
12
67108864
2000
1000
33
1
1
0
1
0
0
1
0
0
1
8
2
1492
0
1
12
67108864
2000
50
72
1
1
0
1
0
0
1
0
0
1
1
1
1522
0
0
9
268435456
2000
250
1
0
1
0
0
1

0
1
8
4
1547
0
0
9
134217728
3000
50
1
0
1
0
0
1

0
1
4
2
1550
0
1
12
134217728
1000
500
25
1
1
0
1
0
0
1
0
0
1
8
8
1575
0
0
9
268435456
3000
250
1
0
1
0
0
1

0
1
4
4
1584
0
0
9
67108864
1000
250
1
0
1
0
0
1

0
1
2
2
1605
0
1
12
268435456
3000
100
18
1
1
0
1
0
0
1
0
0
1
8
8
1623
0
2
10
268435456
2000
50
1
1
0
1
0
0
1

0
1
2
1
1649
0
2
10
134217728
3000
250
100
1
0
1
0
0
1

0
1
8
4
1650
0
0
9
67108864
3000
1000
1
0
1
0
0
1

0
1
2
2
1666
0
2
10
268435456
3000
250
10
1
0
1
0
0
1

0
1
4
1
1690
0
1
12
67108864
4000
50
22
1
1
0
1
0
0
1
0
0
1
4
1
1706
0
0
9
67108864
3000
500
1
0
1
0
0
1

0
1
8
4
1725
0
1
11
134217728
2000
500
21
0
1
0
1
0
0
1
0
1
4
1
1748
0
2
10
67108864
1000
100
5
1
0
1
0
0
1

0
1
1
1
1760
0
1
11
134217728
3000
500
17
0
1
0
1
0
0
1
0
1
2
1
1773
0
0
9
67108864
3000
50
1
0
1
0
0
1

0
1
1
1
1790
0
2
10
268435456
2000
50
1000
1
0
1
0
0
1

0
1
4
4
1806
0
1
11
134217728
1000
500
55
0
1
0
1
0
0
1
0
1
4
1
1814
0
1
11
268435456
2000
250
19
0
1
0
1
0
0
1
0
1
1
1
1836
0
0
9
67108864
2000
50
1
0
1
0
0
1

0
1
4
1
1850
0
1
12
268435456
3000
500
43
1
1
0
1
0
0
1
0
0
1
2
1
1860
0
2
10
67108864
1000
1000
1
1
0
1
0
0
1

0
1
8
2
1866
0
0
9
67108864
2000
250
1
0
1
0
0
1

0
1
8
1
1890
0
0
9
268435456
1000
50
1
0
1
0
0
1

0
1
2
1
1909
0
0
9
67108864
2000
500
1
0
1
0
0
1

0
1
4
1
1916
0
0
9
134217728
2000
100
1
0
1
0
0
1

0
1
1
1
1933
0
0
9
134217728
1000
50
1
0
1
0
0
1

0
1
1
1
1951
0
2
10
268435456
1000
50
1
1
0
1
0
0
1

0
1
2
2
1958
0
2
10
268435456
3000
50
1
1
0
1
0
0
1

0
1
4
2
1963
0
1
11
67108864
4000
50
0
0
1
0
1
0
0
1
0
1
2
1
1983
0
2
10
67108864
2000
500
10
1
0
1
0
0
1

0
1
8
2
2010
0
2
10
67108864
3000
50
5
1
0
1
0
0
1

0
1
2
1
2032
0
1
11
268435456
3000
500
24
0
1
0
1
0
0
1
0
1
2
1
2049
0
1
11
268435456
3000
250
55
0
1
0
1
0
0
1
0
1
4
1
2053
0
0
9
134217728
3000
1000
1
0
1
0
0
1

0
1
1
1
2055
0
1
11
67108864
1000
250
43
0
1
0
1
0
0
1
0
1
4
2
2065
0
0
9
268435456
3000
50
1
0
1
0
0
1

0
1
2
1
2089
0
1
12
67108864
4000
500
47
1
1
0
1
0
0
1
0
0
1
4
4
2102
0
1
11
134217728
1000
50
9
0
1
0
1
0
0
1
0
1
8
1
2130
0
2
10
268435456
2000
50
10
1
0
1
0
0
1

0
1
8
1
2144
0
2
10
134217728
1000
100
10
1
0
1
0
0
1

0
1
8
4
2164
0
0
9
67108864
4000
50
1
0
1
0
0
1

0
1
1
1
2177
0
0
9
67108864
2000
250
1
0
1
0
0
1

0
1
2
1
2204
0
2
10
67108864
4000
500
1000
1
0
1
0
0
1

0
1
4
2
2219
0
1
12
67108864
2000
250
99
1
1
0
1
0
0
1
0
0
1
4
4
2229
0
1
12
134217728
2000
1000
92
1
1
0
1
0
0
1
0
0
1
8
4
2251
0
2
10
268435456
2000
250
100
1
0
1
0
0
1

0
1
2
2
2281
0
0
9
134217728
3000
500
1
0
1
0
0
1

0
1
4
2
2294
0
1
11
67108864
4000
500
83
0
1
0
1
0
0
1
0
1
2
1
2312
0
0
9
268435456
1000
100
1
0
1
0
0
1

0
1
4
1
2338
0
1
11
67108864
2000
250
14
0
1
0
1
0
0
1
0
1
8
1
2367
0
1
12
268435456
2000
250
92
1
1
0
1
0
0
1
0
0
1
8
4
2369
0
1
11
134217728
1000
500
1
0
1
0
1
0
0
1
0
1
8
1
2370
0
1
11
268435456
1000
50
0
0
1
0
1
0
0
1
0
1
1
1
2393
0
0
9
134217728
4000
250
1
0
1
0
0
1

0
1
1
1
2420
0
0
9
268435456
1000
100
1
0
1
0
0
1

0
1
8
1
2443
0
2
10
67108864
2000
500
1000
1
0
1
0
0
1

0
1
4
1
2471
0
0
9
134217728
1000
1000
1
0
1
0
0
1

0
1
8
8
2480
0
2
10
67108864
1000
250
1000
1
0
1
0
0
1

0
1
8
4
2494
0
1
12
134217728
2000
100
44
1
1
0
1
0
0
1
0
0
1
8
2
2523
0
2
10
268435456
1000
50
100
1
0
1
0
0
1

0
1
2
1
2533
0
2
10
67108864
4000
1000
10
1
0
1
0
0
1

0
1
1
1
2544
0
1
12
134217728
2000
50
27
1
1
0
1
0
0
1
0
0
1
4
2
2554
0
0
9
134217728
3000
500
1
0
1
0
0
1

0
1
2
1
2577
0
2
10
67108864
3000
100
100
1
0
1
0
0
1

0
1
1
1
2579
0
2
10
134217728
2000
50
1
1
0
1
0
0
1

0
1
2
1
2594
0
1
11
134217728
2000
50
11
0
1
0
1
0
0
1
0
1
4
1
2598
0
0
9
67108864
4000
1000
1
0
1
0
0
1

0
1
4
4
2600
0
1
11
268435456
1000
500
38
0
1
0
1
0
0
1
0
1
2
1
2615
0
2
10
134217728
3000
1000
1
1
0
1
0
0
1

0
1
4
2
2627
0
1
11
268435456
1000
50
6
0
1
0
1
0
0
1
0
1
8
2
2647
0
1
12
67108864
2000
50
8
1
1
0
1
0
0
1
0
0
1
2
1
2663
0
0
9
268435456
3000
100
1
0
1
0
0
1

0
1
2
1
2666
0
1
12
268435456
3000
100
25
1
1
0
1
0
0
1
0
0
1
2
2
2693
0
1
11
268435456
3000
50
9
0
1
0
1
0
0
1
0
1
8
2
2703
0
0
9
67108864
2000
100
1
0
1
0
0
1

0
1
1
1
2721
0
2
10
134217728
4000
1000
1000
1
0
1
0
0
1

0
1
1
1
2742
0
2
10
134217728
1000
100
5
1
0
1
0
0
1

0
1
2
1
2748
0
0
9
67108864
1000
50
1
0
1
0
0
1

0
1
1
1
2762
0
1
12
67108864
4000
50
14
1
1
0
1
0
0
1
0
0
1
8
1
2785
0
0
9
134217728
1000
50
1
0
1
0
0
1

0
1
4
2
2815
0
0
9
268435456
2000
500
1
0
1
0
0
1

0
1
8
1
2844
0
1
12
268435456
1000
250
40
1
1
0
1
0
0
1
0
0
1
2
1
2861
0
2
10
268435456
1000
500
10
1
0
1
0
0
1

0
1
8
4
2871
0
2
10
134217728
2000
100
100
1
0
1
0
0
1

0
1
4
1
2893
0
2
10
67108864
4000
500
1
1
0
1
0
0
1

0
1
1
1
2922
0
0
9
67108864
4000
1000
1
0
1
0
0
1

0
1
1
1
2948
0
2
10
67108864
4000
100
1
1
0
1
0
0
1

0
1
2
1
2950
0
0
9
67108864
1000
250
1
0
1
0
0
1

0
1
1
1
2966
0
2
10
67108864
4000
1000
10
1
0
1
0
0
1

0
1
1
1
2976
0
0
9
67108864
3000
100
1
0
1
0
0
1

0
1
1
1
3004
0
0
9
268435456
3000
50
1
0
1
0
0
1

0
1
2
1
3005
0
0
9
268435456
3000
250
1
0
1
0
0
1

0
1
2
2
3011
0
0
9
134217728
2000
1000
1
0
1
0
0
1

0
1
8
4
3032
0
2
10
268435456
2000
50
1000
1
0
1
0
0
1

0
1
2
1
3052
0
0
9
134217728
1000
100
1
0
1
0
0
1

0
1
8
4
3073
0
2
10
67108864
4000
50
10
1
0
1
0
0
1

0
1
4
1
3099
0
1
12
268435456
2000
500
34
1
1
0
1
0
0
1
0
0
1
8
4
3110
0
0
9
134217728
3000
50
1
0
1
0
0
1

0
1
2
1
3116
0
2
10
67108864
2000
50
100
1
0
1
0
0
1

0
1
1
1
3142
0
2
10
134217728
2000
500
10
1
0
1
0
0
1

0
1
2
2
3151
0
2
10
268435456
3000
250
100
1
0
1
0
0
1

0
1
1
1
3162
0
1
11
134217728
2000
100
4
0
1
0
1
0
0
1
0
1
1
1
3176
0
2
10
134217728
4000
1000
5
1
0
1
0
0
1

0
1
1
1
3178
0
1
12
67108864
4000
250
11
1
1
0
1
0
0
1
0
0
1
4
2
3206
0
2
10
67108864
1000
1000
1
1
0
1
0
0
1

0
1
2
1
3222
0
1
11
268435456
1000
100
76
0
1
0
1
0
0
1
0
1
1
1
3241
0
0
9
134217728
2000
50
1
0
1
0
0
1

0
1
1
1
3248
0
0
9
268435456
1000
500
1
0
1
0
0
1

0
1
8
8
3249
0
0
9
67108864
2000
1000
1
0
1
0
0
1

0
1
1
1
3251
0
0
9
67108864
4000
250
1
0
1
0
0
1

0
1
1
1
3262
0
1
12
268435456
1000
500
30
1
1
0
1
0
0
1
0
0
1
1
1
3286
0
0
9
67108864
4000
500
1
0
1
0
0
1

0
1
1
1
3293
0
2
10
268435456
2000
500
100
1
0
1
0
0
1

0
1
8
1
3321
0
1
11
67108864
4000
250
7
0
1
0
1
0
0
1
0
1
4
4
3347
0
2
10
268435456
1000
250
1
1
0
1
0
0
1

0
1
8
4
3367
0
2
10
268435456
3000
500
100
1
0
1
0
0
1

0
1
2
1
3371
0
1
12
268435456
3000
50
89
1
1
0
1
0
0
1
0
0
1
2
1
3390
0
0
9
268435456
1000
100
1
0
1
0
0
1

0
1
4
1
3394
0
2
10
268435456
3000
500
5
1
0
1
0
0
1

0
1
1
1
3423
0
2
10
67108864
1000
250
100
1
0
1
0
0
1

0
1
4
2
3442
0
0
9
268435456
3000
500
1
0
1
0
0
1

0
1
2
1
3470
0
1
12
268435456
2000
50
52
1
1
0
1
0
0
1
0
0
1
1
1
3487
0
0
9
268435456
2000
500
1
0
1
0
0
1

0
1
8
8
3493
0
1
11
67108864
2000
50
37
0
1
0
1
0
0
1
0
1
1
1
3522
0
0
9
268435456
2000
500
1
0
1
0
0
1

0
1
1
1
3536
0
2
10
134217728
1000
1000
1000
1
0
1
0
0
1

0
1
2
1
3562
0
0
9
134217728
1000
500
1
0
1
0
0
1

0
1
8
2
3571
0
0
9
268435456
1000
500
1
0
1
0
0
1

0
1
2
1
3574
0
2
10
134217728
3000
100
10
1
0
1
0
0
1

0
1
4
2
3577
0
2
10
134217728
1000
50
10
1
0
1
0
0
1

0
1
2
1
3595
0
0
9
134217728
4000
250
1
0
1
0
0
1

0
1
1
1
3614
0
0
9
67108864
1000
500
1
0
1
0
0
1

0
1
4
2
3633
0
0
9
67108864
1000
100
1
0
1
0
0
1

0
1
8
1
3655
0
1
12
134217728
1000
1000
51
1
1
0
1
0
0
1
0
0
1
4
2
3662
0
0
9
134217728
3000
1000
1
0
1
0
0
1

0
1
8
4
3688
0
1
11
268435456
1000
500
51
0
1
0
1
0
0
1
0
1
8
1
3710
0
2
10
268435456
3000
50
10
1
0
1
0
0
1

0
1
2
1
3728
0
1
11
268435456
3000
50
48
0
1
0
1
0
0
1
0
1
2
1
3731
0
2
10
67108864
1000
500
5
1
0
1
0
0
1

0
1
8
1
3735
0
0
9
134217728
1000
250
1
0
1
0
0
1

0
1
2
1
3741
0
1
12
268435456
3000
500
69
1
1
0
1
0
0
1
0
0
1
1
1
3745
0
0
9
67108864
4000
1000
1
0
1
0
0
1

0
1
1
1
3775
0
0
9
67108864
1000
500
1
0
1
0
0
1

0
1
8
2
3776
0
0
9
268435456
3000
100
1
0
1
0
0
1

0
1
2
1
3798
0
0
9
134217728
3000
500
1
0
1
0
0
1

0
1
4
2
3818
0
1
12
67108864
1000
500
78
1
1
0
1
0
0
1
0
0
1
4
2
3827
0
0
9
67108864
1000
100
1
0
1
0
0
1

0
1
1
1
3855
0
1
11
67108864
1000
50
98
0
1
0
1
0
0
1
0
1
8
8
3870
0
2
10
268435456
3000
100
5
1
0
1
0
0
1

0
1
1
1
3884
0
2
10
67108864
2000
1000
100
1
0
1
0
0
1

0
1
1
1
3893
0
0
9
268435456
3000
250
1
0
1
0
0
1

0
1
4
1
3921
0
1
12
67108864
1000
50
40
1
1
0
1
0
0
1
0
0
1
2
1
3947
0
1
12
268435456
3000
500
93
1
1
0
1
0
0
1
0
0
1
2
1
3976
0
1
11
268435456
3000
500
77
0
1
0
1
0
0
1
0
1
1
1
3996
0
1
12
67108864
2000
50
87
1
1
0
1
0
0
1
0
0
1
4
2
4011
0
1
11
268435456
2000
500
74
0
1
0
1
0
0
1
0
1
2
1
4038
0
1
11
268435456
3000
250
42
0
1
0
1
0
0
1
0
1
2
2
4044
0
2
10
134217728
1000
500
5
1
0
1
0
0
1

0
1
1
1
4054
0
0
9
268435456
1000
100
1
0
1
0
0
1

0
1
8
8
4071
0
2
10
268435456
3000
250
1000
1
0
1
0
0
1

0
1
8
2
4080
0
2
10
268435456
1000
250
100
1
0
1
0
0
1

0
1
4
4
4086
0
0
9
268435456
3000
250
1
0
1
0
0
1

0
1
2
1
4115
0
1
11
268435456
3000
100
83
0
1
0
1
0
0
1
0
1
4
1
4126
0
1
11
134217728
4000
250
38
0
1
0
1
0
0
1
0
1
2
1
4139
0
1
12
268435456
1000
100
7
1
1
0
1
0
0
1
0
0
1
8
2
4165
0
1
11
134217728
2000
1000
14
0
1
0
1
0
0
1
0
1
8
1
4184
0
2
10
67108864
4000
50
1
1
0
1
0
0
1

0
1
1
1
4209
0
1
12
268435456
2000
50
47
1
1
0
1
0
0
1
0
0
1
4
2
4215
0
0
9
134217728
1000
1000
1
0
1
0
0
1

0
1
8
8
4244
0
2
10
268435456
1000
100
1000
1
0
1
0
0
1

0
1
8
2
4252
0
2
10
134217728
1000
50
5
1
0
1
0
0
1

0
1
8
2
4262
0
0
9
268435456
2000
50
1
0
1
0
0
1

0
1
2
1
4273
0
0
9
268435456
3000
500
1
0
1
0
0
1

0
1
8
4
4285
0
1
11
134217728
2000
50
26
0
1
0
1
0
0
1
0
1
1
1
4301
0
2
10
134217728
3000
250
1000
1
0
1
0
0
1

0
1
1
1
4312
0
1
11
134217728
1000
1000
80
0
1
0
1
0
0
1
0
1
1
1
4327
0
0
9
268435456
1000
250
1
0
1
0
0
1

0
1
1
1
4351
0
2
10
134217728
1000
1000
1000
1
0
1
0
0
1

0
1
1
1
4364
0
0
9
67108864
1000
50
1
0
1
0
0
1

0
1
1
1
4372
0
1
12
67108864
4000
50
53
1
1
0
1
0
0
1
0
0
1
2
2
4389
0
0
9
134217728
2000
100
1
0
1
0
0
1

0
1
1
1
4404
0
2
10
67108864
3000
50
100
1
0
1
0
0
1

0
1
4
2
4430
0
2
10
268435456
1000
500
5
1
0
1
0
0
1

0
1
2
1
4454
0
0
9
67108864
2000
250
1
0
1
0
0
1

0
1
2
2
4462
0
0
9
67108864
2000
1000
1
0
1
0
0
1

0
1
4
2
4469
0
2
10
134217728
3000
100
100
1
0
1
0
0
1

0
1
1
1
4498
0
0
9
67108864
4000
500
1
0
1
0
0
1

0
1
8
2
4510
0
2
10
67108864
1000
100
100
1
0
1
0
0
1

0
1
4
1
4517
0
1
11
67108864
4000
500
98
0
1
0
1
0
0
1
0
1
1
1
4536
0
2
10
268435456
2000
500
5
1
0
1
0
0
1

0
1
4
1
4558
0
0
9
134217728
1000
250
1
0
1
0
0
1

0
1
1
1
4562
0
1
12
268435456
3000
500
11
1
1
0
1
0
0
1
0
0
1
2
1
4586
0
0
9
67108864
2000
100
1
0
1
0
0
1

0
1
4
4
4614
0
0
9
134217728
1000
100
1
0
1
0
0
1

0
1
8
8
4632
0
1
12
134217728
3000
100
88
1
1
0
1
0
0
1
0
0
1
1
1
4644
0
2
10
134217728
1000
500
1000
1
0
1
0
0
1

0
1
4
1
4666
0
2
10
67108864
2000
1000
5
1
0
1
0
0
1

0
1
2
1
4691
0
2
10
268435456
3000
500
1000
1
0
1
0
0
1

0
1
8
1
4698
0
0
9
67108864
3000
500
1
0
1
0
0
1

0
1
1
1
4721
0
2
10
134217728
2000
1000
100
1
0
1
0
0
1

0
1
2
2
4724
0
1
11
67108864
1000
500
87
0
1
0
1
0
0
1
0
1
1
1
4752
0
0
9
268435456
3000
500
1
0
1
0
0
1

0
1
8
2
4778
0
1
11
134217728
1000
500
18
0
1
0
1
0
0
1
0
1
8
4
4780
0
1
11
67108864
1000
100
75
0
1
0
1
0
0
1
0
1
1
1
4789
0
0
9
134217728
4000
500
1
0
1
0
0
1

0
1
2
1
4796
0
1
12
268435456
2000
500
55
1
1
0
1
0
0
1
0
0
1
4
4
4801
0
2
10
268435456
1000
250
1000
1
0
1
0
0
1

0
1
8
2
4814
0
0
9
134217728
3000
50
1
0
1
0
0
1

0
1
4
2
4836
0
0
9
67108864
3000
50
1
0
1
0
0
1

0
1
8
1
4846
0
2
10
67108864
3000
50
5
1
0
1
0
0
1

0
1
8
4
4865
0
0
9
67108864
1000
500
1
0
1
0
0
1

0
1
4
2
4885
0
1
11
268435456
2000
100
60
0
1
0
1
0
0
1
0
1
1
1
4909
0
2
10
268435456
1000
50
5
1
0
1
0
0
1

0
1
2
1
4915
0
2
10
67108864
4000
250
1000
1
0
1
0
0
1

0
1
1
1
4941
0
1
11
67108864
4000
100
94
0
1
0
1
0
0
1
0
1
8
4
4948
0
0
9
268435456
3000
100
1
0
1
0
0
1

0
1
4
2
4968
0
2
10
67108864
3000
500
1000
1
0
1
0
0
1

0
1
1
1
4975
0
1
12
268435456
3000
250
6
1
1
0
1
0
0
1
0
0
1
4
2
4983
0
0
9
134217728
4000
500
1
0
1
0
0
1

0
1
1
1
4992
0
0
9
268435456
3000
50
1
0
1
0
0
1

0
1
4
4
5014
0
2
10
268435456
2000
100
1
1
0
1
0
0
1

0
1
4
4
5025
0
1
11
67108864
3000
100
1
0
1
0
1
0
0
1
0
1
1
1
5053
0
2
10
67108864
2000
250
10
1
0
1
0
0
1

0
1
2
2
5077
0
0
9
67108864
4000
1000
1
0
1
0
0
1

0
1
1
1
5100
0
0
9
134217728
2000
100
1
0
1
0
0
1

0
1
8
1
5127
0
0
9
268435456
3000
250
1
0
1
0
0
1

0
1
2
1
5145
0
2
10
67108864
4000
1000
1000
1
0
1
0
0
1

0
1
8
2
5170
0
2
10
268435456
2000
500
1000
1
0
1
0
0
1

0
1
8
4
5187
0
0
9
134217728
4000
50
1
0
1
0
0
1

0
1
4
2
5196
0
2
10
134217728
4000
500
100
1
0
1
0
0
1

0
1
8
4
5215
0
2
10
67108864
3000
500
10
1
0
1
0
0
1

0
1
4
2
5227
0
1
12
134217728
4000
100
47
1
1
0
1
0
0
1
0
0
1
1
1
5245
0
0
9
67108864
3000
1000
1
0
1
0
0
1

0
1
8
4
5257
0
2
10
134217728
4000
250
100
1
0
1
0
0
1

0
1
4
1
5259
0
1
12
134217728
4000
250
86
1
1
0
1
0
0
1
0
0
1
1
1
5271
0
0
9
134217728
4000
250
1
0
1
0
0
1

0
1
2
1
5296
0
1
11
268435456
3000
500
1
0
1
0
1
0
0
1
0
1
8
4
5305
0
2
10
67108864
3000
500
10
1
0
1
0
0
1

0
1
4
4
5335
0
2
10
268435456
3000
250
10
1
0
1
0
0
1

0
1
4
2
5339
0
0
9
67108864
3000
50
1
0
1
0
0
1

0
1
8
8
5366
0
2
10
67108864
2000
250
10
1
0
1
0
0
1

0
1
2
1
5390
0
0
9
268435456
3000
100
1
0
1
0
0
1

0
1
2
1
5405
0
1
11
268435456
3000
100
20
0
1
0
1
0
0
1
0
1
2
2
5416
0
1
12
268435456
3000
500
48
1
1
0
1
0
0
1
0
0
1
1
1
5444
0
0
9
67108864
1000
500
1
0
1
0
0
1

0
1
2
1
5473
0
2
10
67108864
1000
500
100
1
0
1
0
0
1

0
1
4
2
5486
0
0
9
134217728
3000
50
1
0
1
0
0
1

0
1
4
4
5516
0
2
10
268435456
3000
100
10
1
0
1
0
0
1

0
1
8
2
5525
0
2
10
268435456
1000
500
1000
1
0
1
0
0
1

0
1
2
2
5537
0
0
9
67108864
3000
100
1
0
1
0
0
1

0
1
4
2
5556
0
1
11
67108864
3000
50
30
0
1
0
1
0
0
1
0
1
8
1
5566
0
1
12
268435456
3000
50
73
1
1
0
1
0
0
1
0
0
1
1
1
5574
0
1
12
67108864
1000
500
20
1
1
0
1
0
0
1
0
0
1
1
1
5580
0
0
9
67108864
3000
50
1
0
1
0
0
1

0
1
4
4
5598
0
1
12
67108864
2000
50
65
1
1
0
1
0
0
1
0
0
1
2
1
5628
0
1
12
268435456
3000
500
20
1
1
0
1
0
0
1
0
0
1
2
1
5638
0
2
10
268435456
3000
500
100
1
0
1
0
0
1

0
1
2
1
5650
0
1
11
67108864
4000
100
27
0
1
0
1
0
0
1
0
1
2
2
5672
0
2
10
268435456
1000
500
1000
1
0
1
0
0
1

0
1
2
1
5678
0
1
12
134217728
1000
50
49
1
1
0
1
0
0
1
0
0
1
4
2
5685
0
2
10
268435456
3000
100
1
1
0
1
0
0
1

0
1
4
2
5708
0
0
9
268435456
3000
50
1
0
1
0
0
1

0
1
4
1
5724
0
1
12
67108864
3000
500
23
1
1
0
1
0
0
1
0
0
1
4
2
5749
0
1
12
134217728
2000
250
21
1
1
0
1
0
0
1
0
0
1
4
4
5753
0
0
9
268435456
1000
500
1
0
1
0
0
1

0
1
4
2
5777
0
1
12
268435456
1000
250
80
1
1
0
1
0
0
1
0
0
1
4
1
5778
0
1
11
134217728
1000
50
61
0
1
0
1
0
0
1
0
1
2
1
5807
0
2
10
134217728
2000
1000
10
1
0
1
0
0
1

0
1
4
1
5817
0
1
12
67108864
1000
100
80
1
1
0
1
0
0
1
0
0
1
8
1
5819
0
1
12
134217728
1000
50
88
1
1
0
1
0
0
1
0
0
1
2
1
5832
0
0
9
268435456
3000
100
1
0
1
0
0
1

0
1
8
2
5844
0
2
10
67108864
2000
250
10
1
0
1
0
0
1

0
1
8
1
5856
0
1
12
134217728
4000
250
79
1
1
0
1
0
0
1
0
0
1
8
4
5869
0
2
10
67108864
2000
250
10
1
0
1
0
0
1

0
1
1
1
5889
0
2
10
268435456
3000
50
1000
1
0
1
0
0
1

0
1
4
2
5905
0
0
9
67108864
3000
500
1
0
1
0
0
1

0
1
4
1
5919
0
2
10
67108864
1000
100
1000
1
0
1
0
0
1

0
1
4
2
5941
0
2
10
134217728
2000
100
100
1
0
1
0
0
1

0
1
2
1
5962
0
2
10
134217728
3000
1000
100
1
0
1
0
0
1

0
1
8
2
5979
0
1
12
67108864
4000
500
1
1
1
0
1
0
0
1
0
0
1
2
1
5993
0
2
10
67108864
1000
100
5
1
0
1
0
0
1

0
1
4
2
6001
0
0
9
67108864
3000
500
1
0
1
0
0
1

0
1
8
4
6008
0
1
12
268435456
3000
50
29
1
1
0
1
0
0
1
0
0
1
4
2
6018
0
1
12
268435456
3000
500
75
1
1
0
1
0
0
1
0
0
1
2
2
6026
0
0
9
134217728
3000
250
1
0
1
0
0
1

0
1
4
1
6035
0
2
10
268435456
3000
500
1
1
0
1
0
0
1

0
1
8
4
6041
0
1
12
134217728
1000
100
72
1
1
0
1
0
0
1
0
0
1
4
1
6044
0
1
11
67108864
3000
100
43
0
1
0
1
0
0
1
0
1
4
2
6073
0
1
11
268435456
3000
500
17
0
1
0
1
0
0
1
0
1
4
2
6079
0
2
10
67108864
2000
250
5
1
0
1
0
0
1

0
1
2
2
6101
0
0
9
134217728
1000
500
1
0
1
0
0
1

0
1
2
1
6131
0
0
9
134217728
4000
250
1
0
1
0
0
1

0
1
8
8
6141
0
0
9
268435456
3000
500
1
0
1
0
0
1

0
1
1
1
6142
0
2
10
268435456
1000
250
5
1
0
1
0
0
1

0
1
4
2
6152
0
2
10
134217728
4000
250
1
1
0
1
0
0
1

0
1
2
1
6170
0
2
10
268435456
1000
250
5
1
0
1
0
0
1

0
1
4
1
6189
0
1
12
268435456
2000
100
31
1
1
0
1
0
0
1
0
0
1
8
8
6193
0
0
9
67108864
4000
50
1
0
1
0
0
1

0
1
8
2
6215
0
1
11
67108864
2000
250
85
0
1
0
1
0
0
1
0
1
4
4
6234
0
2
10
268435456
2000
500
10
1
0
1
0
0
1

0
1
8
2
6258
0
2
10
268435456
3000
500
100
1
0
1
0
0
1

0
1
1
1
6279
0
2
10
67108864
4000
100
1
1
0
1
0
0
1

0
1
1
1
6280
0
1
11
67108864
3000
50
84
0
1
0
1
0
0
1
0
1
8
1
6284
0
1
12
134217728
2000
500
23
1
1
0
1
0
0
1
0
0
1
1
1
6296
0
1
11
268435456
1000
100
26
0
1
0
1
0
0
1
0
1
8
2
6311
0
0
9
268435456
2000
500
1
0
1
0
0
1

0
1
2
1
6332
0
0
9
268435456
2000
50
1
0
1
0
0
1

0
1
2
1
6346
0
1
11
134217728
3000
50
46
0
1
0
1
0
0
1
0
1
2
1
6353
0
0
9
67108864
2000
50
1
0
1
0
0
1

0
1
8
8
6361
0
0
9
67108864
2000
500
1
0
1
0
0
1

0
1
8
4
6372
0
1
12
67108864
4000
100
75
1
1
0
1
0
0
1
0
0
1
4
2
6394
0
2
10
268435456
2000
500
5
1
0
1
0
0
1

0
1
8
1
6400
0
1
11
134217728
4000
100
30
0
1
0
1
0
0
1
0
1
1
1
6417
0
1
12
67108864
1000
1000
86
1
1
0
1
0
0
1
0
0
1
2
1
6435
0
0
9
268435456
3000
50
1
0
1
0
0
1

0
1
2
1
6448
0
1
12
67108864
1000
50
50
1
1
0
1
0
0
1
0
0
1
2
2
6454
0
1
11
67108864
2000
100
57
0
1
0
1
0
0
1
0
1
4
2
6457
0
1
12
268435456
2000
250
97
1
1
0
1
0
0
1
0
0
1
8
2
6486
0
0
9
268435456
3000
50
1
0
1
0
0
1

0
1
1
1
6509
0
0
9
134217728
2000
1000
1
0
1
0
0
1

0
1
8
4
6525
0
1
12
67108864
3000
50
1
1
1
0
1
0
0
1
0
0
1
4
4
6543
0
2
10
134217728
1000
250
1000
1
0
1
0
0
1

0
1
8
4
6545
0
0
9
134217728
1000
500
1
0
1
0
0
1

0
1
4
2
6564
0
1
12
134217728
4000
1000
91
1
1
0
1
0
0
1
0
0
1
4
1
6566
0
2
10
134217728
1000
250
5
1
0
1
0
0
1

0
1
4
1
6591
0
1
12
134217728
1000
500
0
1
1
0
1
0
0
1
0
0
1
4
1
6596
0
2
10
134217728
3000
500
10
1
0
1
0
0
1

0
1
2
2
6598
0
0
9
268435456
2000
500
1
0
1
0
0
1

0
1
8
2
6607
0
0
9
268435456
3000
100
1
0
1
0
0
1

0
1
8
4
6621
0
2
10
67108864
4000
250
100
1
0
1
0
0
1

0
1
2
1
6636
0
2
10
134217728
1000
250
5
1
0
1
0
0
1

0
1
4
1
6647
0
2
10
67108864
1000
500
5
1
0
1
0
0
1

0
1
4
1
6675
0
0
9
268435456
3000
500
1
0
1
0
0
1

0
1
1
1
6683
0
2
10
134217728
4000
250
100
1
0
1
0
0
1

0
1
2
2
6687
0
0
9
268435456
3000
250
1
0
1
0
0
1

0
1
8
2
6699
0
1
11
268435456
3000
50
32
0
1
0
1
0
0
1
0
1
4
2
6710
0
0
9
134217728
3000
500
1
0
1
0
0
1

0
1
8
1
6720
0
2
10
268435456
3000
250
10
1
0
1
0
0
1

0
1
2
1
6729
0
2
10
134217728
3000
100
1000
1
0
1
0
0
1

0
1
2
2
6743
0
0
9
67108864
4000
250
1
0
1
0
0
1

0
1
2
2
6762
0
1
11
134217728
4000
100
85
0
1
0
1
0
0
1
0
1
4
4
6772
0
2
10
134217728
3000
250
100
1
0
1
0
0
1

0
1
8
4
6784
0
0
9
67108864
2000
500
1
0
1
0
0
1

0
1
2
1
6786
0
1
11
67108864
1000
1000
61
0
1
0
1
0
0
1
0
1
1
1
6800
0
0
9
67108864
4000
250
1
0
1
0
0
1

0
1
4
1
6801
0
0
9
134217728
4000
500
1
0
1
0
0
1

0
1
4
2
6813
0
2
10
134217728
2000
250
5
1
0
1
0
0
1

0
1
8
2
6836
0
0
9
67108864
3000
100
1
0
1
0
0
1

0
1
1
1
6839
0
0
9
134217728
4000
100
1
0
1
0
0
1

0
1
2
1
6849
0
2
10
67108864
4000
100
1
1
0
1
0
0
1

0
1
1
1
6861
0
2
10
67108864
2000
1000
1000
1
0
1
0
0
1

0
1
4
4
6878
0
2
10
67108864
2000
50
1000
1
0
1
0
0
1

0
1
2
2
6890
0
1
12
134217728
4000
1000
41
1
1
0
1
0
0
1
0
0
1
8
1
6896
0
2
10
268435456
3000
50
1000
1
0
1
0
0
1

0
1
4
1
6901
0
0
9
67108864
2000
500
1
0
1
0
0
1

0
1
4
4
6917
0
2
10
67108864
4000
250
1
1
0
1
0
0
1

0
1
1
1
6926
0
1
11
67108864
2000
500
0
0
1
0
1
0
0
1
0
1
1
1
6943
0
1
12
268435456
3000
100
87
1
1
0
1
0
0
1
0
0
1
4
2
6973
0
0
9
67108864
4000
500
1
0
1
0
0
1

0
1
2
1
6991
0
1
11
67108864
1000
50
95
0
1
0
1
0
0
1
0
1
8
2
7009
0
0
9
67108864
3000
250
1
0
1
0
0
1

0
1
8
1
7012
0
1
11
134217728
2000
250
52
0
1
0
1
0
0
1
0
1
8
8
7022
0
1
12
67108864
4000
50
78
1
1
0
1
0
0
1
0
0
1
1
1
7038
0
0
9
67108864
2000
250
1
0
1
0
0
1

0
1
4
4
7066
0
1
12
268435456
3000
250
17
1
1
0
1
0
0
1
0
0
1
1
1
7080
0
0
9
268435456
3000
100
1
0
1
0
0
1

0
1
4
2
7100
0
1
12
67108864
2000
100
97
1
1
0
1
0
0
1
0
0
1
4
1
7112
0
0
9
268435456
2000
100
1
0
1
0
0
1

0
1
1
1
7115
0
1
11
67108864
1000
100
64
0
1
0
1
0
0
1
0
1
8
2
7134
0
0
9
134217728
1000
500
1
0
1
0
0
1

0
1
4
1
7164
0
2
10
67108864
2000
1000
5
1
0
1
0
0
1

0
1
8
1
7192
0
0
9
268435456
2000
250
1
0
1
0
0
1

0
1
8
2
7195
0
0
9
67108864
4000
50
1
0
1
0
0
1

0
1
8
1
7216
0
1
11
67108864
4000
250
34
0
1
0
1
0
0
1
0
1
1
1
7235
0
1
12
268435456
3000
50
54
1
1
0
1
0
0
1
0
0
1
1
1
7240
0
1
12
134217728
2000
50
99
1
1
0
1
0
0
1
0
0
1
4
1
7248
0
0
9
67108864
4000
50
1
0
1
0
0
1

0
1
4
2
7259
0
1
11
134217728
1000
500
78
0
1
0
1
0
0
1
0
1
1
1
7262
0
0
9
134217728
1000
50
1
0
1
0
0
1

0
1
1
1
7284
0
1
12
134217728
3000
250
23
1
1
0
1
0
0
1
0
0
1
2
1
7310
0
1
12
134217728
3000
100
86
1
1
0
1
0
0
1
0
0
1
4
2
7334
0
2
10
268435456
1000
50
100
1
0
1
0
0
1

0
1
1
1
7350
0
2
10
67108864
4000
100
10
1
0
1
0
0
1

0
1
8
8
7368
0
0
9
268435456
3000
500
1
0
1
0
0
1

0
1
4
2
7388
0
2
10
67108864
4000
500
1000
1
0
1
0
0
1

0
1
8
1
7399
0
2
10
67108864
2000
500
1
1
0
1
0
0
1

0
1
8
2
7410
0
0
9
134217728
2000
50
1
0
1
0
0
1

0
1
4
1
7428
0
0
9
268435456
3000
50
1
0
1
0
0
1

0
1
1
1
7430
0
0
9
67108864
2000
500
1
0
1
0
0
1

0
1
2
1
7433
0
0
9
134217728
4000
50
1
0
1
0
0
1

0
1
2
1
7460
0
2
10
134217728
1000
50
1000
1
0
1
0
0
1

0
1
4
2
7464
0
2
10
67108864
2000
500
100
1
0
1
0
0
1

0
1
1
1
7485
0
1
12
268435456
1000
500
53
1
1
0
1
0
0
1
0
0
1
8
8
7506
0
2
10
134217728
4000
500
1
1
0
1
0
0
1

0
1
4
4
7523
0
0
9
134217728
2000
1000
1
0
1
0
0
1

0
1
1
1
7526
0
2
10
134217728
3000
250
1
1
0
1
0
0
1

0
1
1
1
7534
0
0
9
268435456
1000
500
1
0
1
0
0
1

0
1
8
1
7558
0
1
12
268435456
3000
500
11
1
1
0
1
0
0
1
0
0
1
8
8
7577
0
1
12
67108864
1000
50
49
1
1
0
1
0
0
1
0
0
1
2
1
7602
0
0
9
67108864
1000
1000
1
0
1
0
0
1

0
1
1
1
7619
0
2
10
134217728
3000
1000
10
1
0
1
0
0
1

0
1
2
1
7622
0
2
10
268435456
3000
250
1000
1
0
1
0
0
1

0
1
1
1
7626
0
1
12
268435456
2000
50
74
1
1
0
1
0
0
1
0
0
1
8
4
7627
0
2
10
268435456
2000
50
5
1
0
1
0
0
1

0
1
4
1
7656
0
2
10
134217728
1000
500
5
1
0
1
0
0
1

0
1
8
1
7658
0
2
10
134217728
1000
1000
1
1
0
1
0
0
1

0
1
1
1
7666
0
1
12
134217728
3000
100
95
1
1
0
1
0
0
1
0
0
1
8
4
7682
0
2
10
268435456
3000
50
1
1
0
1
0
0
1

0
1
1
1
7692
0
1
11
134217728
3000
250
31
0
1
0
1
0
0
1
0
1
2
2
7699
0
0
9
268435456
3000
250
1
0
1
0
0
1

0
1
2
1
7714
0
0
9
67108864
3000
50
1
0
1
0
0
1

0
1
4
4
7737
0
1
12
268435456
3000
500
56
1
1
0
1
0
0
1
0
0
1
2
1
7748
0
2
10
134217728
4000
100
5
1
0
1
0
0
1

0
1
8
4
7764
0
0
9
67108864
4000
500
1
0
1
0
0
1

0
1
4
2
7780
0
2
10
134217728
2000
100
1000
1
0
1
0
0
1

0
1
4
1
7789
0
0
9
67108864
4000
1000
1
0
1
0
0
1

0
1
8
2
7797
0
1
11
67108864
4000
100
26
0
1
0
1
0
0
1
0
1
1
1
7809
0
0
9
134217728
2000
250
1
0
1
0
0
1

0
1
4
1
7817
0
2
10
268435456
3000
500
1
1
0
1
0
0
1

0
1
8
8
7820
0
0
9
134217728
1000
50
1
0
1
0
0
1

0
1
1
1
7833
0
2
10
67108864
4000
1000
5
1
0
1
0
0
1

0
1
2
2
7849
0
1
11
67108864
2000
500
77
0
1
0
1
0
0
1
0
1
2
1
7852
0
0
9
134217728
1000
500
1
0
1
0
0
1

0
1
1
1
7872
0
2
10
67108864
4000
1000
10
1
0
1
0
0
1

0
1
2
1
7879
0
2
10
134217728
2000
250
100
1
0
1
0
0
1

0
1
1
1
7890
0
0
9
268435456
2000
500
1
0
1
0
0
1

0
1
8
1
7907
0
0
9
134217728
4000
250
1
0
1
0
0
1

0
1
2
1
7934
0
0
9
67108864
2000
1000
1
0
1
0
0
1

0
1
4
2
7944
0
2
10
134217728
2000
500
5
1
0
1
0
0
1

0
1
2
1
7974
0
2
10
268435456
2000
100
1000
1
0
1
0
0
1

0
1
8
4
7993
0
1
11
134217728
4000
500
30
0
1
0
1
0
0
1
0
1
4
1
8004
0
1
11
67108864
2000
50
11
0
1
0
1
0
0
1
0
1
2
1
8011
0
2
10
134217728
2000
1000
5
1
0
1
0
0
1

0
1
4
4
8027
0
2
10
134217728
1000
1000
100
1
0
1
0
0
1

0
1
8
4
8043
0
0
9
268435456
2000
100
1
0
1
0
0
1

0
1
4
1
8049
0
2
10
134217728
4000
250
10
1
0
1
0
0
1

0
1
8
8
8073
0
1
11
268435456
1000
500
87
0
1
0
1
0
0
1
0
1
4
2
8082
0
1
11
67108864
2000
50
41
0
1
0
1
0
0
1
0
1
1
1
8108
0
1
12
134217728
1000
1000
60
1
1
0
1
0
0
1
0
0
1
1
1
8115
0
0
9
134217728
2000
100
1
0
1
0
0
1

0
1
8
1
8124
0
0
9
134217728
1000
1000
1
0
1
0
0
1

0
1
2
1
8139
0
0
9
134217728
1000
250
1
0
1
0
0
1

0
1
2
1
8167
0
1
11
268435456
3000
50
20
0
1
0
1
0
0
1
0
1
8
8
8180
0
0
9
134217728
1000
500
1
0
1
0
0
1

0
1
4
4
8210
0
0
9
268435456
1000
500
1
0
1
0
0
1

0
1
8
4
8232
0
0
9
268435456
3000
500
1
0
1
0
0
1

0
1
1
1
8255
0
1
12
268435456
2000
50
98
1
1
0
1
0
0
1
0
0
1
1
1
8267
0
0
9
134217728
1000
250
1
0
1
0
0
1

0
1
1
1
8292
0
2
10
134217728
1000
50
1000
1
0
1
0
0
1

0
1
8
2
8303
0
0
9
268435456
1000
500
1
0
1
0
0
1

0
1
1
1
8305
0
2
10
134217728
1000
250
1
1
0
1
0
0
1

0
1
1
1
8319
0
0
9
268435456
3000
100
1
0
1
0
0
1

0
1
4
2
8332
0
2
10
268435456
1000
50
10
1
0
1
0
0
1

0
1
8
8
8352
0
0
9
268435456
2000
500
1
0
1
0
0
1

0
1
1
1
8382
0
2
10
67108864
2000
500
10
1
0
1
0
0
1

0
1
1
1
8385
0
1
12
134217728
4000
250
38
1
1
0
1
0
0
1
0
0
1
2
1
8414
0
1
11
268435456
3000
100
12
0
1
0
1
0
0
1
0
1
1
1
8438
0
0
9
67108864
2000
250
1
0
1
0
0
1

0
1
4
2
8456
0
2
10
268435456
1000
250
1000
1
0
1
0
0
1

0
1
2
1
8473
0
0
9
67108864
4000
500
1
0
1
0
0
1

0
1
8
4
8487
0
0
9
67108864
1000
1000
1
0
1
0
0
1

0
1
4
2
8511
0
2
10
134217728
2000
100
10
1
0
1
0
0
1

0
1
1
1
8541
0
0
9
134217728
2000
500
1
0
1
0
0
1

0
1
4
2
8546
0
2
10
67108864
1000
500
1
1
0
1
0
0
1

0
1
1
1
8562
0
0
9
67108864
4000
100
1
0
1
0
0
1

0
1
2
1
8574
0
0
9
67108864
1000
100
1
0
1
0
0
1

0
1
8
1
8576
0
2
10
268435456
3000
500
1
1
0
1
0
0
1

0
1
8
2
8594
0
1
12
134217728
2000
500
47
1
1
0
1
0
0
1
0
0
1
4
2
8623
0
1
11
67108864
3000
1000
54
0
1
0
1
0
0
1
0
1
8
1
8624
0
2
10
67108864
2000
1000
100
1
0
1
0
0
1

0
1
8
1
8629
0
2
10
134217728
1000
1000
1000
1
0
1
0
0
1

0
1
4
4
8653
0
1
11
268435456
2000
500
65
0
1
0
1
0
0
1
0
1
8
4
8680
0
2
10
268435456
1000
250
1
1
0
1
0
0
1

0
1
4
2
8698
0
1
11
67108864
4000
1000
40
0
1
0
1
0
0
1
0
1
1
1
8715
0
1
12
268435456
3000
100
87
1
1
0
1
0
0
1
0
0
1
8
4
8742
0
2
10
67108864
4000
1000
1000
1
0
1
0
0
1

0
1
1
1
8761
0
0
9
268435456
2000
250
1
0
1
0
0
1

0
1
4
2
8774
0
0
9
67108864
3000
50
1
0
1
0
0
1

0
1
4
2
8775
0
2
10
134217728
3000
1000
5
1
0
1
0
0
1

0
1
8
1
8799
0
2
10
134217728
4000
1000
5
1
0
1
0
0
1

0
1
1
1
8821
0
2
10
67108864
3000
100
1000
1
0
1
0
0
1

0
1
1
1
8846
0
2
10
67108864
1000
50
1
1
0
1
0
0
1

0
1
1
1
8871
0
1
12
268435456
3000
500
55
1
1
0
1
0
0
1
0
0
1
2
1
8895
0
1
11
134217728
4000
500
66
0
1
0
1
0
0
1
0
1
1
1
8902
0
0
9
134217728
1000
100
1
0
1
0
0
1

0
1
8
2
8921
0
2
10
67108864
4000
100
1
1
0
1
0
0
1

0
1
1
1
8926
0
0
9
67108864
3000
250
1
0
1
0
0
1

0
1
8
8
8930
0
2
10
67108864
2000
50
10
1
0
1
0
0
1

0
1
1
1
8953
0
0
9
134217728
1000
100
1
0
1
0
0
1

0
1
1
1
8974
0
2
10
134217728
3000
100
1
1
0
1
0
0
1

0
1
8
8
8989
0
2
10
268435456
2000
250
5
1
0
1
0
0
1

0
1
1
1
8997
0
0
9
268435456
3000
500
1
0
1
0
0
1

0
1
1
1
9024
0
1
12
67108864
3000
250
83
1
1
0
1
0
0
1
0
0
1
2
1
9035
0
1
11
67108864
3000
250
56
0
1
0
1
0
0
1
0
1
8
4
9042
0
1
12
67108864
2000
100
48
1
1
0
1
0
0
1
0
0
1
4
2
9045
0
1
12
134217728
3000
1000
95
1
1
0
1
0
0
1
0
0
1
2
2
9057
0
1
11
67108864
1000
250
57
0
1
0
1
0
0
1
0
1
2
1
9079
0
1
11
67108864
4000
100
85
0
1
0
1
0
0
1
0
1
8
2
9081
0
0
9
67108864
4000
1000
1
0
1
0
0
1

0
1
2
1
9095
0
2
10
134217728
2000
50
100
1
0
1
0
0
1

0
1
8
1
9104
0
1
12
134217728
3000
1000
66
1
1
0
1
0
0
1
0
0
1
2
1
9117
0
1
12
67108864
2000
100
25
1
1
0
1
0
0
1
0
0
1
1
1
9126
0
1
11
67108864
4000
1000
10
0
1
0
1
0
0
1
0
1
1
1
9140
0
0
9
67108864
1000
1000
1
0
1
0
0
1

0
1
8
1
9143
0
1
12
134217728
2000
1000
63
1
1
0
1
0
0
1
0
0
1
1
1
9150
0
1
12
67108864
4000
100
6
1
1
0
1
0
0
1
0
0
1
8
8
9151
0
0
9
268435456
1000
250
1
0
1
0
0
1

0
1
2
1
9152
0
2
10
67108864
4000
500
10
1
0
1
0
0
1

0
1
1
1
9153
0
1
12
268435456
1000
50
21
1
1
0
1
0
0
1
0
0
1
1
1
9175
0
0
9
67108864
1000
100
1
0
1
0
0
1

0
1
2
1
9176
0
0
9
134217728
3000
1000
1
0
1
0
0
1

0
1
4
4
9204
0
1
11
134217728
2000
50
58
0
1
0
1
0
0
1
0
1
1
1
9228
0
0
9
268435456
3000
100
1
0
1
0
0
1

0
1
1
1
9255
0
0
9
134217728
4000
500
1
0
1
0
0
1

0
1
2
1
9279
0
0
9
67108864
3000
50
1
0
1
0
0
1

0
1
2
1
9293
0
1
12
67108864
3000
100
14
1
1
0
1
0
0
1
0
0
1
8
1
9298
0
0
9
268435456
2000
250
1
0
1
0
0
1

0
1
2
2
9309
0
1
11
268435456
3000
500
39
0
1
0
1
0
0
1
0
1
4
2
9319
0
2
10
268435456
3000
500
5
1
0
1
0
0
1

0
1
8
8
9330
0
1
11
268435456
1000
500
44
0
1
0
1
0
0
1
0
1
4
1
9358
0
1
11
67108864
2000
50
34
0
1
0
1
0
0
1
0
1
8
1
9388
0
0
9
134217728
4000
1000
1
0
1
0
0
1

0
1
1
1
9397
0
2
10
268435456
3000
500
100
1
0
1
0
0
1

0
1
4
2
9421
0
2
10
134217728
3000
250
1000
1
0
1
0
0
1

0
1
1
1
9448
0
1
12
134217728
2000
250
46
1
1
0
1
0
0
1
0
0
1
2
2
9470
0
1
12
268435456
3000
500
94
1
1
0
1
0
0
1
0
0
1
8
8
9494
0
1
12
134217728
3000
500
10
1
1
0
1
0
0
1
0
0
1
4
1
9496
0
0
9
67108864
3000
250
1
0
1
0
0
1

0
1
1
1
9523
0
0
9
268435456
3000
500
1
0
1
0
0
1

0
1
1
1
9526
0
0
9
134217728
4000
50
1
0
1
0
0
1

0
1
1
1
9536
0
2
10
268435456
1000
500
1000
1
0
1
0
0
1

0
1
2
1
9565
0
0
9
67108864
2000
50
1
0
1
0
0
1

0
1
4
1
9590
0
1
12
134217728
2000
1000
20
1
1
0
1
0
0
1
0
0
1
1
1
9605
0
0
9
268435456
1000
500
1
0
1
0
0
1

0
1
1
1
9618
0
2
10
268435456
2000
500
1
1
0
1
0
0
1

0
1
2
2
9625
0
0
9
67108864
3000
50
1
0
1
0
0
1

0
1
4
1
9634
0
1
11
67108864
1000
50
91
0
1
0
1
0
0
1
0
1
4
1
9655
0
1
11
134217728
4000
500
64
0
1
0
1
0
0
1
0
1
8
1
9657
0
1
11
134217728
4000
500
51
0
1
0
1
0
0
1
0
1
4
4
9685
0
0
9
67108864
1000
50
1
0
1
0
0
1

0
1
1
1
9686
0
2
10
134217728
2000
100
100
1
0
1
0
0
1

0
1
1
1
9709
0
0
9
134217728
2000
50
1
0
1
0
0
1

0
1
1
1
9716
0
2
10
268435456
3000
250
10
1
0
1
0
0
1

0
1
4
2
9721
0
0
9
67108864
1000
1000
1
0
1
0
0
1

0
1
2
1
9726
0
0
9
134217728
4000
1000
1
0
1
0
0
1

0
1
2
1
9743
0
1
11
268435456
2000
500
25
0
1
0
1
0
0
1
0
1
4
4
9750
0
2
10
67108864
3000
250
5
1
0
1
0
0
1

0
1
4
1
9752
0
1
12
268435456
3000
50
78
1
1
0
1
0
0
1
0
0
1
1
1
9775
0
0
9
134217728
1000
50
1
0
1
0
0
1

0
1
1
1
9777
0
2
10
134217728
1000
1000
5
1
0
1
0
0
1

0
1
8
4
9786
0
2
10
134217728
3000
50
5
1
0
1
0
0
1

0
1
4
2
9812
0
1
12
134217728
2000
500
43
1
1
0
1
0
0
1
0
0
1
4
1
9833
0
0
9
268435456
3000
500
1
0
1
0
0
1

0
1
1
1
9836
0
2
10
268435456
1000
500
5
1
0
1
0
0
1

0
1
2
1
9845
0
2
10
134217728
1000
500
1000
1
0
1
0
0
1

0
1
8
2
9859
0
0
9
268435456
2000
500
1
0
1
0
0
1

0
1
4
1
9884
0
2
10
134217728
2000
250
100
1
0
1
0
0
1

0
1
4
2
9899
0
0
9
67108864
3000
50
1
0
1
0
0
1

0
1
2
1
9906
0
2
10
134217728
1000
1000
10
1
0
1
0
0
1

0
1
2
1
9909
0
0
9
134217728
3000
1000
1
0
1
0
0
1

0
1
2
2
9915
0
2
10
67108864
1000
500
10
1
0
1
0
0
1

0
1
8
2
9934
0
2
10
268435456
3000
500
100
1
0
1
0
0
1

0
1
2
2
9942
0
2
10
268435456
1000
50
5
1
0
1
0
0
1

0
1
2
1
9970
0
0
9
67108864
2000
100
1
0
1
0
0
1

0
1
2
1
9986
0
0
9
268435456
3000
50
1
0
1
0
0
1

0
1
8
8
10012
0
2
10
268435456
2000
50
100
1
0
1
0
0
1

0
1
1
1
10038
0
1
11
67108864
2000
500
57
0
1
0
1
0
0
1
0
1
1
1
10045
0
0
9
134217728
1000
250
1
0
1
0
0
1

0
1
2
1
10054
0
1
12
268435456
3000
50
8
1
1
0
1
0
0
1
0
0
1
1
1
10063
0
1
11
67108864
1000
1000
35
0
1
0
1
0
0
1
0
1
2
1
10076
0
0
9
67108864
1000
500
1
0
1
0
0
1

0
1
8
4
10085
0
1
11
268435456
3000
500
11
0
1
0
1
0
0
1
0
1
1
1
10101
0
1
11
134217728
1000
50
46
0
1
0
1
0
0
1
0
1
4
2
10102
0
2
10
268435456
2000
250
5
1
0
1
0
0
1

0
1
8
1
10122
0
0
9
134217728
3000
250
1
0
1
0
0
1

0
1
1
1
10128
0
0
9
268435456
3000
500
1
0
1
0
0
1

0
1
2
1
10135
0
1
11
67108864
2000
100
37
0
1
0
1
0
0
1
0
1
4
1
10140
0
0
9
134217728
4000
50
1
0
1
0
0
1

0
1
4
2
10157
0
0
9
134217728
1000
50
1
0
1
0
0
1

0
1
8
4
10165
0
0
9
67108864
4000
1000
1
0
1
0
0
1

0
1
2
1
10181
0
1
12
268435456
3000
100
35
1
1
0
1
0
0
1
0
0
1
4
1
10210
0
2
10
134217728
4000
250
5
1
0
1
0
0
1

0
1
4
2
10234
0
2
10
268435456
3000
100
100
1
0
1
0
0
1

0
1
8
4
10259
0
0
9
268435456
3000
500
1
0
1
0
0
1

0
1
2
1
10267
0
2
10
67108864
1000
250
1000
1
0
1
0
0
1

0
1
2
1
10274
0
0
9
134217728
1000
500
1
0
1
0
0
1

0
1
8
4
10284
0
2
10
134217728
2000
500
10
1
0
1
0
0
1

0
1
4
2
10314
0
0
9
268435456
2000
100
1
0
1
0
0
1

0
1
4
2
10315
0
1
12
134217728
2000
100
48
1
1
0
1
0
0
1
0
0
1
4
4
10336
0
2
10
134217728
2000
100
1
1
0
1
0
0
1

0
1
4
2
10339
0
0
9
268435456
3000
500
1
0
1
0
0
1

0
1
8
2
10350
0
0
9
134217728
1000
250
1
0
1
0
0
1

0
1
8
1
10353
0
1
12
134217728
4000
50
94
1
1
0
1
0
0
1
0
0
1
1
1
10355
0
2
10
268435456
1000
250
5
1
0
1
0
0
1

0
1
2
1
10367
0
2
10
134217728
1000
50
1
1
0
1
0
0
1

0
1
4
2
10386
0
2
10
268435456
3000
500
10
1
0
1
0
0
1

0
1
2
1
10389
0
2
10
67108864
2000
250
1000
1
0
1
0
0
1

0
1
2
1
10414
0
2
10
268435456
2000
100
1000
1
0
1
0
0
1

0
1
4
2
10431
0
1
11
134217728
2000
500
40
0
1
0
1
0
0
1
0
1
4
4
10439
0
1
11
67108864
1000
1000
63
0
1
0
1
0
0
1
0
1
2
1
10464
0
0
9
268435456
1000
50
1
0
1
0
0
1

0
1
8
1
10470
0
0
9
268435456
1000
100
1
0
1
0
0
1

0
1
2
2
10497
0
1
11
67108864
2000
50
5
0
1
0
1
0
0
1
0
1
4
1
10509
0
0
9
67108864
1000
500
1
0
1
0
0
1

0
1
1
1
10538
0
2
10
134217728
4000
500
100
1
0
1
0
0
1

0
1
4
4
10563
0
1
11
67108864
4000
250
51
0
1
0
1
0
0
1
0
1
4
1
10576
0
0
9
134217728
1000
1000
1
0
1
0
0
1

0
1
4
1
10578
0
0
9
67108864
2000
1000
1
0
1
0
0
1

0
1
4
4
10601
0
2
10
134217728
4000
250
1000
1
0
1
0
0
1

0
1
4
2
10620
0
2
10
268435456
3000
250
10
1
0
1
0
0
1

0
1
1
1
10642
0
0
9
134217728
4000
1000
1
0
1
0
0
1

0
1
8
4
10666
0
0
9
268435456
3000
50
1
0
1
0
0
1

0
1
2
1
10692
0
2
10
67108864
1000
1000
100
1
0
1
0
0
1

0
1
4
2
10722
0
0
9
268435456
3000
100
1
0
1
0
0
1

0
1
8
1
10727
0
1
11
268435456
3000
100
54
0
1
0
1
0
0
1
0
1
4
2
10753
0
1
12
268435456
3000
250
39
1
1
0
1
0
0
1
0
0
1
4
2
10774
0
1
11
134217728
3000
500
62
0
1
0
1
0
0
1
0
1
2
1
10795
0
2
10
268435456
3000
50
1000
1
0
1
0
0
1

0
1
1
1
10809
0
1
11
268435456
3000
250
41
0
1
0
1
0
0
1
0
1
4
2
10817
0
0
9
134217728
4000
250
1
0
1
0
0
1

0
1
8
1
10834
0
1
11
134217728
4000
250
42
0
1
0
1
0
0
1
0
1
2
2
10860
0
0
9
67108864
3000
500
1
0
1
0
0
1

0
1
4
2
10861
0
1
12
268435456
3000
500
43
1
1
0
1
0
0
1
0
0
1
2
1
10881
0
0
9
134217728
3000
250
1
0
1
0
0
1

0
1
1
1
10882
0
0
9
268435456
3000
50
1
0
1
0
0
1

0
1
4
1
10899
0
1
11
268435456
2000
100
91
0
1
0
1
0
0
1
0
1
1
1
10915
0
1
12
67108864
1000
50
77
1
1
0
1
0
0
1
0
0
1
1
1
10916
0
0
9
134217728
3000
250
1
0
1
0
0
1

0
1
1
1
10919
0
2
10
67108864
2000
500
100
1
0
1
0
0
1

0
1
1
1
10944
0
1
11
268435456
1000
500
72
0
1
0
1
0
0
1
0
1
4
2
10959
0
1
12
134217728
3000
500
50
1
1
0
1
0
0
1
0
0
1
1
1
10988
0
2
10
268435456
3000
250
5
1
0
1
0
0
1

0
1
8
2
10998
0
0
9
134217728
3000
1000
1
0
1
0
0
1

0
1
1
1
11004
0
1
12
67108864
3000
50
33
1
1
0
1
0
0
1
0
0
1
8
8
11031
0
0
9
134217728
1000
50
1
0
1
0
0
1

0
1
1
1
11057
0
2
10
67108864
3000
500
5
1
0
1
0
0
1

0
1
4
4
11072
0
2
10
67108864
4000
100
100
1
0
1
0
0
1

0
1
2
1
11092
0
0
9
67108864
2000
50
1
0
1
0
0
1

0
1
1
1
11108
0
1
12
268435456
3000
500
20
1
1
0
1
0
0
1
0
0
1
2
1
11135
0
1
12
67108864
2000
100
75
1
1
0
1
0
0
1
0
0
1
8
1
11146
0
2
10
268435456
1000
500
5
1
0
1
0
0
1

0
1
2
1
11149
0
2
10
134217728
1000
1000
5
1
0
1
0
0
1

0
1
2
2
11167
0
2
10
134217728
2000
1000
10
1
0
1
0
0
1

0
1
1
1
11183
0
0
9
268435456
3000
500
1
0
1
0
0
1

0
1
4
2
11188
0
2
10
134217728
4000
250
1
1
0
1
0
0
1

0
1
2
1
11216
0
0
9
134217728
2000
1000
1
0
1
0
0
1

0
1
1
1
11244
0
2
10
268435456
2000
100
1000
1
0
1
0
0
1

0
1
1
1
11247
0
2
10
268435456
3000
50
5
1
0
1
0
0
1

0
1
1
1
11255
0
1
12
268435456
3000
500
34
1
1
0
1
0
0
1
0
0
1
4
1
11267
0
2
10
268435456
1000
50
10
1
0
1
0
0
1

0
1
4
1
11289
0
0
9
67108864
1000
500
1
0
1
0
0
1

0
1
8
8
11297
0
1
11
67108864
4000
1000
60
0
1
0
1
0
0
1
0
1
8
1
11298
0
1
12
67108864
4000
250
68
1
1
0
1
0
0
1
0
0
1
1
1
11319
0
2
10
67108864
1000
1000
1000
1
0
1
0
0
1

0
1
8
4
11321
0
1
11
67108864
2000
500
9
0
1
0
1
0
0
1
0
1
1
1
11345
0
0
9
268435456
3000
250
1
0
1
0
0
1

0
1
2
1
11363
0
1
12
67108864
3000
100
52
1
1
0
1
0
0
1
0
0
1
8
8
11366
0
0
9
67108864
4000
50
1
0
1
0
0
1

0
1
8
8
11380
0
1
11
268435456
2000
500
54
0
1
0
1
0
0
1
0
1
2
1
11408
0
0
9
67108864
1000
250
1
0
1
0
0
1

0
1
8
4
11412
0
0
9
134217728
1000
500
1
0
1
0
0
1

0
1
2
1
11414
0
2
10
134217728
3000
50
100
1
0
1
0
0
1

0
1
8
4
11418
0
2
10
268435456
2000
250
10
1
0
1
0
0
1

0
1
8
2
11440
0
1
11
67108864
3000
100
58
0
1
0
1
0
0
1
0
1
8
8
11469
0
1
11
67108864
1000
250
50
0
1
0
1
0
0
1
0
1
2
1
11481
0
0
9
67108864
3000
100
1
0
1
0
0
1

0
1
2
1
11505
0
2
10
134217728
4000
1000
5
1
0
1
0
0
1

0
1
1
1
11529
0
0
9
67108864
4000
500
1
0
1
0
0
1

0
1
4
2
11539
0
2
10
134217728
3000
50
1000
1
0
1
0
0
1

0
1
8
1
11569
0
0
9
268435456
1000
50
1
0
1
0
0
1

0
1
8
1
11591
0
1
12
67108864
3000
100
13
1
1
0
1
0
0
1
0
0
1
1
1
11610
0
2
10
268435456
1000
100
10
1
0
1
0
0
1

0
1
4
1
11619
0
1
12
134217728
4000
500
46
1
1
0
1
0
0
1
0
0
1
2
1
11626
0
0
9
268435456
3000
100
1
0
1
0
0
1

0
1
4
2
11642
0
1
12
67108864
2000
1000
71
1
1
0
1
0
0
1
0
0
1
1
1
11662
0
2
10
134217728
4000
1000
1000
1
0
1
0
0
1

0
1
4
2
11668
0
1
12
268435456
3000
50
16
1
1
0
1
0
0
1
0
0
1
2
1
11675
0
1
11
67108864
4000
250
38
0
1
0
1
0
0
1
0
1
2
1
11680
0
2
10
268435456
3000
50
1
1
0
1
0
0
1

0
1
4
2
11703
0
1
11
268435456
3000
500
2
0
1
0
1
0
0
1
0
1
1
1
11716
0
0
9
134217728
2000
500
1
0
1
0
0
1

0
1
2
1
11718
0
1
11
67108864
1000
50
31
0
1
0
1
0
0
1
0
1
8
4
11723
0
1
11
268435456
2000
100
22
0
1
0
1
0
0
1
0
1
4
2
11753
0
2
10
134217728
4000
100
1000
1
0
1
0
0
1

0
1
8
1
11763
0
2
10
268435456
3000
250
1
1
0
1
0
0
1

0
1
1
1
11792
0
1
11
67108864
1000
1000
34
0
1
0
1
0
0
1
0
1
4
4
11820
0
2
10
268435456
2000
500
10
1
0
1
0
0
1

0
1
8
1
11822
0
1
11
134217728
3000
250
15
0
1
0
1
0
0
1
0
1
2
2
11851
0
1
11
134217728
3000
100
16
0
1
0
1
0
0
1
0
1
4
2
11857
0
1
11
134217728
2000
50
69
0
1
0
1
0
0
1
0
1
4
4
11862
0
1
12
134217728
3000
1000
69
1
1
0
1
0
0
1
0
0
1
1
1
11873
0
2
10
268435456
3000
500
10
1
0
1
0
0
1

0
1
4
1
11875
0
1
12
134217728
3000
50
36
1
1
0
1
0
0
1
0
0
1
4
2
11891
0
1
12
268435456
3000
500
60
1
1
0
1
0
0
1
0
0
1
8
2
11897
0
1
11
134217728
2000
100
15
0
1
0
1
0
0
1
0
1
4
4
11902
0
2
10
268435456
3000
100
1
1
0
1
0
0
1

0
1
1
1
11931
0
1
12
134217728
1000
50
4
1
1
0
1
0
0
1
0
0
1
1
1
11954
0
0
9
67108864
1000
1000
1
0
1
0
0
1

0
1
2
1
11979
0
2
10
268435456
3000
100
5
1
0
1
0
0
1

0
1
8
4
12009
0
0
9
134217728
3000
500
1
0
1
0
0
1

0
1
8
2
12028
0
1
11
134217728
3000
50
22
0
1
0
1
0
0
1
0
1
2
2
12048
0
2
10
134217728
1000
100
10
1
0
1
0
0
1

0
1
1
1
12060
0
0
9
268435456
3000
500
1
0
1
0
0
1

0
1
4
2
12071
0
1
12
134217728
2000
250
99
1
1
0
1
0
0
1
0
0
1
2
2
12098
0
0
9
134217728
3000
1000
1
0
1
0
0
1

0
1
4
2
12120
0
1
11
134217728
3000
50
9
0
1
0
1
0
0
1
0
1
2
1
12140
0
1
11
268435456
1000
50
74
0
1
0
1
0
0
1
0
1
2
1
12166
0
2
10
268435456
3000
250
1000
1
0
1
0
0
1

0
1
8
8
12188
0
1
12
134217728
3000
1000
61
1
1
0
1
0
0
1
0
0
1
2
1
12210
0
2
10
268435456
3000
250
100
1
0
1
0
0
1

0
1
8
2
12229
0
2
10
67108864
2000
500
100
1
0
1
0
0
1

0
1
2
1
12237
0
1
11
268435456
2000
100
20
0
1
0
1
0
0
1
0
1
2
1
12256
0
1
12
67108864
2000
50
36
1
1
0
1
0
0
1
0
0
1
4
1
12279
0
0
9
134217728
3000
250
1
0
1
0
0
1

0
1
1
1
12292
0
2
10
67108864
2000
250
5
1
0
1
0
0
1

0
1
4
2
12322
0
1
12
134217728
1000
100
41
1
1
0
1
0
0
1
0
0
1
2
1
12346
0
2
10
268435456
1000
100
1
1
0
1
0
0
1

0
1
8
2
12358
0
2
10
67108864
1000
1000
10
1
0
1
0
0
1

0
1
4
2
12370
0
2
10
268435456
3000
50
1000
1
0
1
0
0
1

0
1
1
1
12389
0
0
9
268435456
2000
250
1
0
1
0
0
1

0
1
8
4
12392
0
2
10
268435456
2000
100
1
1
0
1
0
0
1

0
1
8
4
12394
0
0
9
268435456
3000
250
1
0
1
0
0
1

0
1
4
2
12424
0
2
10
268435456
1000
500
1
1
0
1
0
0
1

0
1
8
4
12437
0
1
11
67108864
1000
50
49
0
1
0
1
0
0
1
0
1
2
1
12452
0
0
9
268435456
3000
500
1
0
1
0
0
1

0
1
4
4
12470
0
1
12
134217728
1000
500
2
1
1
0
1
0
0
1
0
0
1
2
1
12492
0
0
9
134217728
2000
500
1
0
1
0
0
1

0
1
1
1
12513
0
0
9
67108864
2000
1000
1
0
1
0
0
1

0
1
4
2
12523
0
2
10
268435456
3000
50
5
1
0
1
0
0
1

0
1
2
2
12533
0
2
10
134217728
1000
100
100
1
0
1
0
0
1

0
1
1
1
12535
0
2
10
268435456
3000
50
1
1
0
1
0
0
1

0
1
1
1
12564
0
1
12
268435456
3000
500
26
1
1
0
1
0
0
1
0
0
1
4
1
12570
0
1
11
134217728
3000
50
3
0
1
0
1
0
0
1
0
1
2
1
12600
0
1
12
268435456
2000
50
91
1
1
0
1
0
0
1
0
0
1
4
2
12622
0
2
10
134217728
2000
100
1
1
0
1
0
0
1

0
1
8
2
12629
0
2
10
268435456
3000
50
1
1
0
1
0
0
1

0
1
2
2
12632
0
0
9
268435456
2000
50
1
0
1
0
0
1

0
1
4
2
12633
0
2
10
67108864
3000
250
10
1
0
1
0
0
1

0
1
2
1
12651
0
2
10
268435456
2000
250
5
1
0
1
0
0
1

0
1
8
1
12671
0
2
10
67108864
3000
50
10
1
0
1
0
0
1

0
1
8
1
12687
0
1
11
268435456
3000
500
4
0
1
0
1
0
0
1
0
1
1
1
12712
0
2
10
67108864
2000
50
1000
1
0
1
0
0
1

0
1
2
1
12719
0
1
12
67108864
2000
250
28
1
1
0
1
0
0
1
0
0
1
8
2
12744
0
2
10
134217728
3000
500
5
1
0
1
0
0
1

0
1
1
1
12759
0
1
12
67108864
1000
250
57
1
1
0
1
0
0
1
0
0
1
4
2
12765
0
2
10
134217728
4000
1000
10
1
0
1
0
0
1

0
1
2
1
12771
0
2
10
268435456
3000
500
1
1
0
1
0
0
1

0
1
2
2
12800
0
2
10
134217728
3000
50
1
1
0
1
0
0
1

0
1
1
1
12804
0
2
10
67108864
3000
100
100
1
0
1
0
0
1

0
1
4
2
12821
0
0
9
67108864
2000
250
1
0
1
0
0
1

0
1
2
1
12827
0
1
12
268435456
2000
50
78
1
1
0
1
0
0
1
0
0
1
8
1
12830
0
0
9
67108864
2000
100
1
0
1
0
0
1

0
1
2
2
12846
0
1
12
134217728
1000
50
91
1
1
0
1
0
0
1
0
0
1
1
1
12849
0
0
9
67108864
1000
50
1
0
1
0
0
1

0
1
2
1
12877
0
0
9
67108864
2000
50
1
0
1
0
0
1

0
1
2
2
12906
0
2
10
268435456
3000
50
100
1
0
1
0
0
1

0
1
8
4
12933
0
2
10
67108864
4000
50
100
1
0
1
0
0
1

0
1
8
4
12950
0
2
10
268435456
1000
100
1000
1
0
1
0
0
1

0
1
8
2
12953
0
2
10
67108864
3000
100
5
1
0
1
0
0
1

0
1
2
2
12971
0
1
11
134217728
4000
50
20
0
1
0
1
0
0
1
0
1
2
1
12985
0
0
9
268435456
3000
100
1
0
1
0
0
1

0
1
2
1
13001
0
0
9
268435456
3000
500
1
0
1
0
0
1

0
1
8
4
13019
0
1
12
67108864
1000
250
30
1
1
0
1
0
0
1
0
0
1
2
1
13030
0
2
10
268435456
2000
100
1
1
0
1
0
0
1

0
1
2
1
13038
0
0
9
268435456
2000
50
1
0
1
0
0
1

0
1
2
1
13048
0
2
10
67108864
4000
50
100
1
0
1
0
0
1

0
1
1
1
13056
0
1
12
268435456
2000
500
29
1
1
0
1
0
0
1
0
0
1
8
2
13060
0
2
10
134217728
4000
50
10
1
0
1
0
0
1

0
1
8
8
13063
0
2
10
268435456
3000
50
5
1
0
1
0
0
1

0
1
8
8
13064
0
2
10
67108864
4000
50
10
1
0
1
0
0
1

0
1
1
1
13092
0
1
11
67108864
1000
50
35
0
1
0
1
0
0
1
0
1
1
1
13115
0
2
10
67108864
2000
250
1
1
0
1
0
0
1

0
1
4
4
13139
0
2
10
268435456
1000
50
5
1
0
1
0
0
1

0
1
4
2
13144
0
1
12
268435456
3000
500
0
1
1
0
1
0
0
1
0
0
1
2
2
13163
0
1
12
268435456
2000
250
84
1
1
0
1
0
0
1
0
0
1
2
1
13184
0
0
9
268435456
2000
250
1
0
1
0
0
1

0
1
8
4
13195
0
1
12
67108864
2000
1000
98
1
1
0
1
0
0
1
0
0
1
4
2
13215
0
1
12
67108864
3000
100
33
1
1
0
1
0
0
1
0
0
1
8
1
13245
0
1
11
268435456
3000
250
61
0
1
0
1
0
0
1
0
1
8
2
13258
0
0
9
268435456
3000
100
1
0
1
0
0
1

0
1
2
1
13260
0
1
12
134217728
3000
50
3
1
1
0
1
0
0
1
0
0
1
1
1
13264
0
2
10
67108864
3000
250
100
1
0
1
0
0
1

0
1
4
2
13266
0
1
11
134217728
2000
100
83
0
1
0
1
0
0
1
0
1
2
1
13272
0
1
12
134217728
1000
1000
93
1
1
0
1
0
0
1
0
0
1
1
1
13297
0
0
9
134217728
2000
50
1
0
1
0
0
1

0
1
1
1
13317
0
2
10
134217728
3000
50
1000
1
0
1
0
0
1

0
1
2
1
13336
0
1
11
268435456
3000
100
27
0
1
0
1
0
0
1
0
1
8
1
13360
0
2
10
67108864
1000
100
1000
1
0
1
0
0
1

0
1
4
1
13383
0
2
10
134217728
3000
250
1000
1
0
1
0
0
1

0
1
8
8
13402
0
2
10
134217728
3000
1000
1000
1
0
1
0
0
1

0
1
2
2
13403
0
0
9
268435456
3000
500
1
0
1
0
0
1

0
1
4
4
13432
0
0
9
134217728
1000
250
1
0
1
0
0
1

0
1
4
2
13447
0
1
11
134217728
2000
50
98
0
1
0
1
0
0
1
0
1
2
1
13459
0
1
11
67108864
3000
50
99
0
1
0
1
0
0
1
0
1
2
1
13474
0
1
11
134217728
1000
1000
69
0
1
0
1
0
0
1
0
1
2
1
13502
0
0
9
134217728
4000
1000
1
0
1
0
0
1

0
1
4
4
13521
0
0
9
134217728
1000
500
1
0
1
0
0
1

0
1
4
2
13543
0
0
9
134217728
4000
50
1
0
1
0
0
1

0
1
4
2
13568
0
0
9
268435456
2000
50
1
0
1
0
0
1

0
1
1
1
13575
0
1
11
67108864
1000
1000
95
0
1
0
1
0
0
1
0
1
4
2
13580
0
0
9
67108864
4000
250
1
0
1
0
0
1

0
1
8
8
13595
0
0
9
67108864
2000
500
1
0
1
0
0
1

0
1
8
8
13612
0
0
9
67108864
1000
50
1
0
1
0
0
1

0
1
4
4
13636
0
0
9
268435456
1000
250
1
0
1
0
0
1

0
1
1
1
13650
0
0
9
67108864
2000
100
1
0
1
0
0
1

0
1
2
1
13670
0
0
9
268435456
3000
500
1
0
1
0
0
1

0
1
8
2
13671
0
0
9
67108864
3000
50
1
0
1
0
0
1

0
1
1
1
13689
0
1
12
134217728
1000
1000
79
1
1
0
1
0
0
1
0
0
1
2
1
13703
0
0
9
134217728
3000
250
1
0
1
0
0
1

0
1
1
1
13724
0
1
12
268435456
3000
500
96
1
1
0
1
0
0
1
0
0
1
4
1
13736
0
0
9
268435456
2000
50
1
0
1
0
0
1

0
1
2
1
13758
0
1
11
67108864
1000
1000
83
0
1
0
1
0
0
1
0
1
4
2
13767
0
1
12
268435456
2000
50
37
1
1
0
1
0
0
1
0
0
1
8
1
13774
0
1
12
268435456
3000
50
38
1
1
0
1
0
0
1
0
0
1
4
1
13782
0
1
11
67108864
4000
250
16
0
1
0
1
0
0
1
0
1
2
1
13810
0
1
11
67108864
1000
250
4
0
1
0
1
0
0
1
0
1
1
1
13833
0
1
12
268435456
3000
250
40
1
1
0
1
0
0
1
0
0
1
1
1
13839
0
1
11
268435456
2000
100
18
0
1
0
1
0
0
1
0
1
2
1
13860
0
1
11
134217728
4000
250
40
0
1
0
1
0
0
1
0
1
8
8
13887
0
1
11
268435456
1000
500
82
0
1
0
1
0
0
1
0
1
4
2
13894
0
1
11
67108864
3000
100
90
0
1
0
1
0
0
1
0
1
1
1
13902
0
1
12
67108864
4000
250
25
1
1
0
1
0
0
1
0
0
1
4
2
13914
0
1
11
67108864
2000
500
43
0
1
0
1
0
0
1
0
1
8
1
13924
0
1
12
67108864
2000
1000
46
1
1
0
1
0
0
1
0
0
1
2
1
13936
0
1
11
67108864
3000
250
91
0
1
0
1
0
0
1
0
1
2
1
13957
0
1
11
134217728
1000
100
65
0
1
0
1
0
0
1
0
1
4
2
13977
0
1
12
67108864
1000
50
43
1
1
0
1
0
0
1
0
0
1
8
1
13999
0
1
11
268435456
3000
500
93
0
1
0
1
0
0
1
0
1
4
2
14005
0
1
12
268435456
3000
50
27
1
1
0
1
0
0
1
0
0
1
2
2
14027
0
1
12
268435456
1000
500
53
1
1
0
1
0
0
1
0
0
1
8
2
14034
0
1
11
268435456
2000
500
13
0
1
0
1
0
0
1
0
1
4
1
14036
0
1
11
268435456
3000
250
87
0
1
0
1
0
0
1
0
1
4
2
14037
0
1
11
268435456
3000
100
99
0
1
0
1
0
0
1
0
1
2
1
14041
0
1
12
134217728
3000
1000
64
1
1
0
1
0
0
1
0
0
1
1
1
14063
0
1
11
134217728
3000
250
38
0
1
0
1
0
0
1
0
1
1
1
14091
0
1
12
268435456
3000
250
96
1
1
0
1
0
0
1
0
0
1
4
1
14101
0
1
11
134217728
2000
1000
43
0
1
0
1
0
0
1
0
1
8
1
14110
0
1
12
268435456
2000
250
66
1
1
0
1
0
0
1
0
0
1
4
2
14132
0
1
11
134217728
1000
250
64
0
1
0
1
0
0
1
0
1
8
1
14155
0
1
12
67108864
1000
250
9
1
1
0
1
0
0
1
0
0
1
8
4
14174
0
1
11
268435456
1000
500
60
0
1
0
1
0
0
1
0
1
1
1
14196
0
1
11
67108864
1000
500
82
0
1
0
1
0
0
1
0
1
4
2
14201
0
1
12
134217728
1000
50
35
1
1
0
1
0
0
1
0
0
1
8
8
14210
0
1
12
134217728
3000
50
42
1
1
0
1
0
0
1
0
0
1
8
2
14217
0
1
12
67108864
3000
1000
46
1
1
0
1
0
0
1
0
0
1
1
1
14227
0
1
12
67108864
1000
500
17
1
1
0
1
0
0
1
0
0
1
2
1
14257
0
1
11
134217728
3000
50
23
0
1
0
1
0
0
1
0
1
4
2
14265
0
1
12
134217728
4000
100
26
1
1
0
1
0
0
1
0
0
1
1
1
14267
0
1
11
268435456
3000
250
39
0
1
0
1
0
0
1
0
1
4
2
14290
0
1
12
134217728
4000
250
13
1
1
0
1
0
0
1
0
0
1
8
8
14319
0
1
11
268435456
3000
500
4
0
1
0
1
0
0
1
0
1
1
1
14348
0
1
12
67108864
2000
1000
92
1
1
0
1
0
0
1
0
0
1
4
2
14377
0
1
11
268435456
1000
100
78
0
1
0
1
0
0
1
0
1
1
1
14393
0
1
12
268435456
1000
500
25
1
1
0
1
0
0
1
0
0
1
4
2
14402
0
1
12
67108864
4000
250
33
1
1
0
1
0
0
1
0
0
1
8
8
14413
0
1
11
268435456
3000
500
93
0
1
0
1
0
0
1
0
1
2
2
14416
0
1
12
268435456
2000
500
12
1
1
0
1
0
0
1
0
0
1
2
2
14429
0
1
12
268435456
2000
50
50
1
1
0
1
0
0
1
0
0
1
1
1
14451
0
1
12
134217728
2000
50
61
1
1
0
1
0
0
1
0
0
1
8
1
14453
0
1
12
268435456
3000
250
20
1
1
0
1
0
0
1
0
0
1
4
2
14477
0
1
11
134217728
1000
250
67
0
1
0
1
0
0
1
0
1
1
1
14503
0
1
12
134217728
2000
100
59
1
1
0
1
0
0
1
0
0
1
8
4
14533
0
1
12
268435456
2000
100
71
1
1
0
1
0
0
1
0
0
1
2
2
14534
0
1
12
134217728
2000
250
93
1
1
0
1
0
0
1
0
0
1
1
1
14541
0
1
12
67108864
2000
50
60
1
1
0
1
0
0
1
0
0
1
2
1
14567
0
1
11
268435456
2000
250
14
0
1
0
1
0
0
1
0
1
2
1
14576
0
1
11
268435456
3000
500
13
0
1
0
1
0
0
1
0
1
2
1
14591
0
1
11
268435456
3000
100
31
0
1
0
1
0
0
1
0
1
1
1
14619
0
1
12
134217728
3000
250
74
1
1
0
1
0
0
1
0
0
1
1
1
14624
0
1
12
67108864
4000
1000
4
1
1
0
1
0
0
1
0
0
1
2
2
14637
0
1
12
67108864
3000
100
53
1
1
0
1
0
0
1
0
0
1
1
1
14653
0
1
11
268435456
1000
500
52
0
1
0
1
0
0
1
0
1
2
1
14655
0
1
12
268435456
1000
50
6
1
1
0
1
0
0
1
0
0
1
8
1
14660
0
1
12
268435456
1000
500
68
1
1
0
1
0
0
1
0
0
1
1
1
14690
0
1
11
268435456
2000
500
9
0
1
0
1
0
0
1
0
1
8
1
14717
0
1
11
134217728
4000
50
46
0
1
0
1
0
0
1
0
1
4
4
14731
0
1
12
134217728
1000
1000
64
1
1
0
1
0
0
1
0
0
1
8
4
14744
0
1
12
67108864
4000
500
15
1
1
0
1
0
0
1
0
0
1
1
1
14754
0
1
12
67108864
4000
500
66
1
1
0
1
0
0
1
0
0
1
4
2
14762
0
1
11
67108864
1000
100
45
0
1
0
1
0
0
1
0
1
2
1
14786
0
1
12
67108864
1000
250
84
1
1
0
1
0
0
1
0
0
1
2
1
14787
0
1
12
134217728
4000
1000
45
1
1
0
1
0
0
1
0
0
1
4
2
14813
0
1
12
67108864
3000
250
26
1
1
0
1
0
0
1
0
0
1
2
1
14843
0
1
11
268435456
2000
500
56
0
1
0
1
0
0
1
0
1
2
2
14852
0
1
11
134217728
4000
100
33
0
1
0
1
0
0
1
0
1
4
4
14866
0
1
11
134217728
2000
50
84
0
1
0
1
0
0
1
0
1
2
1
14893
0
1
12
134217728
1000
1000
24
1
1
0
1
0
0
1
0
0
1
8
8
14894
0
1
12
67108864
3000
1000
33
1
1
0
1
0
0
1
0
0
1
8
4
14896
0
1
11
67108864
2000
250
26
0
1
0
1
0
0
1
0
1
2
1
14907
0
1
11
134217728
1000
50
36
0
1
0
1
0
0
1
0
1
2
1
14911
0
1
11
268435456
3000
500
26
0
1
0
1
0
0
1
0
1
1
1
14927
0
1
11
134217728
4000
500
54
0
1
0
1
0
0
1
0
1
2
1
14929
0
1
11
67108864
1000
50
36
0
1
0
1
0
0
1
0
1
2
1
14958
0
1
11
67108864
1000
50
91
0
1
0
1
0
0
1
0
1
1
1
14988
0
1
11
268435456
3000
100
25
0
1
0
1
0
0
1
0
1
8
1
15016
0
1
11
134217728
2000
100
79
0
1
0
1
0
0
1
0
1
8
4
15041
0
1
12
134217728
2000
50
78
1
1
0
1
0
0
1
0
0
1
1
1
15056
0
1
12
268435456
1000
500
95
1
1
0
1
0
0
1
0
0
1
8
2
15077
0
1
11
268435456
3000
250
98
0
1
0
1
0
0
1
0
1
1
1
15105
0
1
12
67108864
3000
500
52
1
1
0
1
0
0
1
0
0
1
8
1
15131
0
1
12
268435456
1000
50
38
1
1
0
1
0
0
1
0
0
1
2
2
15160
0
1
12
268435456
3000
100
90
1
1
0
1
0
0
1
0
0
1
8
2
15183
0
1
12
67108864
2000
1000
42
1
1
0
1
0
0
1
0
0
1
8
8
15196
0
1
12
67108864
3000
100
70
1
1
0
1
0
0
1
0
0
1
2
1
15202
0
1
11
134217728
2000
50
48
0
1
0
1
0
0
1
0
1
8
4
15227
0
1
11
134217728
3000
250
80
0
1
0
1
0
0
1
0
1
2
1
15249
0
1
11
268435456
1000
500
41
0
1
0
1
0
0
1
0
1
1
1
15258
0
1
12
134217728
3000
250
44
1
1
0
1
0
0
1
0
0
1
4
4
15288
0
1
12
134217728
4000
250
47
1
1
0
1
0
0
1
0
0
1
8
1
15296
0
1
11
134217728
1000
250
20
0
1
0
1
0
0
1
0
1
2
2
15310
0
1
12
67108864
2000
250
68
1
1
0
1
0
0
1
0
0
1
8
2
15320
0
1
11
67108864
3000
50
87
0
1
0
1
0
0
1
0
1
2
1
15325
0
1
12
268435456
1000
100
56
1
1
0
1
0
0
1
0
0
1
8
8
15352
0
1
11
268435456
1000
100
48
0
1
0
1
0
0
1
0
1
8
1
15366
0
1
11
67108864
4000
1000
79
0
1
0
1
0
0
1
0
1
1
1
15390
0
1
12
268435456
1000
100
17
1
1
0
1
0
0
1
0
0
1
1
1
15408
0
1
12
268435456
3000
250
61
1
1
0
1
0
0
1
0
0
1
4
2
15431
0
1
12
67108864
2000
500
50
1
1
0
1
0
0
1
0
0
1
2
1
15460
0
1
11
134217728
2000
500
97
0
1
0
1
0
0
1
0
1
4
1
15477
0
1
12
268435456
3000
250
58
1
1
0
1
0
0
1
0
0
1
2
1
15505
0
1
12
67108864
3000
1000
91
1
1
0
1
0
0
1
0
0
1
1
1
15517
0
1
11
67108864
4000
100
10
0
1
0
1
0
0
1
0
1
8
1
15537
0
1
12
67108864
3000
250
15
1
1
0
1
0
0
1
0
0
1
1
1
15565
0
1
12
67108864
3000
500
76
1
1
0
1
0
0
1
0
0
1
4
4
15572
0
1
11
134217728
4000
100
18
0
1
0
1
0
0
1
0
1
1
1
15586
0
1
12
67108864
2000
250
92
1
1
0
1
0
0
1
0
0
1
2
2
15616
0
1
12
268435456
3000
500
63
1
1
0
1
0
0
1
0
0
1
4
2
15646
0
1
11
67108864
4000
250
6
0
1
0
1
0
0
1
0
1
4
2
15664
0
1
11
268435456
3000
500
83
0
1
0
1
0
0
1
0
1
8
4
15669
0
1
12
67108864
3000
500
54
1
1
0
1
0
0
1
0
0
1
1
1
15685
0
1
11
134217728
3000
500
55
0
1
0
1
0
0
1
0
1
1
1
15693
0
1
11
67108864
4000
100
33
0
1
0
1
0
0
1
0
1
8
4
15699
0
1
12
134217728
1000
250
25
1
1
0
1
0
0
1
0
0
1
1
1
15709
0
1
11
67108864
2000
250
91
0
1
0
1
0
0
1
0
1
2
1
15714
0
1
12
67108864
1000
50
32
1
1
0
1
0
0
1
0
0
1
8
8
15734
0
1
11
268435456
3000
500
46
0
1
0
1
0
0
1
0
1
4
2
15752
0
1
12
268435456
1000
500
10
1
1
0
1
0
0
1
0
0
1
1
1
15770
0
1
11
134217728
2000
50
73
0
1
0
1
0
0
1
0
1
1
1
15771
0
1
11
67108864
2000
100
53
0
1
0
1
0
0
1
0
1
2
1
15777
0
1
11
67108864
1000
100
20
0
1
0
1
0
0
1
0
1
8
4
15783
0
1
11
67108864
3000
1000
34
0
1
0
1
0
0
1
0
1
4
2
15802
0
1
11
67108864
2000
100
22
0
1
0
1
0
0
1
0
1
1
1
15803
0
1
11
134217728
3000
100
43
0
1
0
1
0
0
1
0
1
4
1
15833
0
1
12
134217728
2000
500
63
1
1
0
1
0
0
1
0
0
1
1
1
15847
0
1
12
134217728
3000
100
12
1
1
0
1
0
0
1
0
0
1
8
2
15867
0
1
12
134217728
1000
50
33
1
1
0
1
0
0
1
0
0
1
4
2
15880
0
1
11
67108864
4000
1000
26
0
1
0
1
0
0
1
0
1
2
1
15902
0
1
12
67108864
2000
1000
49
1
1
0
1
0
0
1
0
0
1
1
1
15928
0
1
11
268435456
3000
250
54
0
1
0
1
0
0
1
0
1
1
1
15936
0
1
12
67108864
3000
100
67
1
1
0
1
0
0
1
0
0
1
8
1
15952
0
1
11
67108864
4000
500
39
0
1
0
1
0
0
1
0
1
1
1
15970
0
1
11
268435456
2000
50
59
0
1
0
1
0
0
1
0
1
4
4
15985
0
1
11
268435456
3000
50
73
0
1
0
1
0
0
1
0
1
8
2
15987
0
1
12
268435456
1000
100
47
1
1
0
1
0
0
1
0
0
1
1
1
15989
0
1
12
67108864
4000
500
38
1
1
0
1
0
0
1
0
0
1
2
1
16002
0
1
12
268435456
1000
250
88
1
1
0
1
0
0
1
0
0
1
8
1
16007
0
1
11
67108864
1000
100
29
0
1
0
1
0
0
1
0
1
4
4
16022
0
1
12
134217728
2000
50
11
1
1
0
1
0
0
1
0
0
1
8
2
16049
0
1
12
67108864
1000
1000
99
1
1
0
1
0
0
1
0
0
1
4
2
16061
0
1
11
268435456
3000
500
55
0
1
0
1
0
0
1
0
1
4
1
16075
0
1
11
134217728
2000
100
5
0
1
0
1
0
0
1
0
1
2
1
16079
0
1
11
67108864
3000
50
50
0
1
0
1
0
0
1
0
1
1
1
16084
0
1
12
268435456
2000
100
12
1
1
0
1
0
0
1
0
0
1
4
1
16104
0
1
11
67108864
3000
1000
40
0
1
0
1
0
0
1
0
1
4
4
16118
0
1
12
268435456
2000
100
19
1
1
0
1
0
0
1
0
0
1
1
1
16147
0
1
12
268435456
2000
500
53
1
1
0
1
0
0
1
0
0
1
1
1
16165
0
1
11
67108864
1000
100
46
0
1
0
1
0
0
1
0
1
8
4
16180
0
1
11
67108864
4000
50
84
0
1
0
1
0
0
1
0
1
8
1
16202
0
1
11
268435456
3000
50
50
0
1
0
1
0
0
1
0
1
2
1
16224
0
1
11
67108864
1000
500
7
0
1
0
1
0
0
1
0
1
1
1
16228
0
1
12
67108864
3000
100
47
1
1
0
1
0
0
1
0
0
1
2
1
16230
0
1
12
268435456
3000
100
78
1
1
0
1
0
0
1
0
0
1
4
2
16256
0
1
11
134217728
2000
500
77
0
1
0
1
0
0
1
0
1
8
4
16263
0
1
11
134217728
2000
1000
19
0
1
0
1
0
0
1
0
1
1
1
16291
0
1
11
134217728
4000
250
22
0
1
0
1
0
0
1
0
1
4
4
16311
0
1
12
268435456
1000
500
51
1
1
0
1
0
0
1
0
0
1
4
1
16318
0
1
11
134217728
1000
1000
43
0
1
0
1
0
0
1
0
1
2
2
16343
0
1
11
67108864
1000
500
47
0
1
0
1
0
0
1
0
1
2
1
16351
0
1
11
67108864
4000
50
9
0
1
0
1
0
0
1
0
1
1
1
16360
0
1
12
134217728
1000
250
45
1
1
0
1
0
0
1
0
0
1
8
8
16389
0
1
11
134217728
3000
1000
67
0
1
0
1
0
0
1
0
1
2
1
16413
0
1
12
67108864
3000
250
89
1
1
0
1
0
0
1
0
0
1
2
1
16420
0
1
12
268435456
1000
500
80
1
1
0
1
0
0
1
0
0
1
4
4
16436
0
1
12
67108864
3000
500
4
1
1
0
1
0
0
1
0
0
1
2
1
16458
0
1
12
268435456
3000
500
28
1
1
0
1
0
0
1
0
0
1
4
2
16481
0
1
12
268435456
1000
50
51
1
1
0
1
0
0
1
0
0
1
8
1
16493
0
1
12
134217728
2000
500
96
1
1
0
1
0
0
1
0
0
1
2
1
16494
0
1
12
67108864
2000
500
99
1
1
0
1
0
0
1
0
0
1
1
1
16522
0
1
12
67108864
3000
100
78
1
1
0
1
0
0
1
0
0
1
1
1
16547
0
1
11
134217728
4000
50
29
0
1
0
1
0
0
1
0
1
8
4
16557
0
1
11
268435456
2000
500
66
0
1
0
1
0
0
1
0
1
1
1
16577
0
1
11
134217728
2000
500
13
0
1
0
1
0
0
1
0
1
1
1
16604
0
1
11
134217728
3000
100
52
0
1
0
1
0
0
1
0
1
2
1
16614
0
1
12
134217728
2000
500
8
1
1
0
1
0
0
1
0
0
1
1
1
16629
0
1
12
268435456
3000
100
19
1
1
0
1
0
0
1
0
0
1
1
1
16647
0
1
11
268435456
3000
100
93
0
1
0
1
0
0
1
0
1
4
1
16655
0
1
11
134217728
3000
500
10
0
1
0
1
0
0
1
0
1
1
1
16675
0
1
12
67108864
1000
250
91
1
1
0
1
0
0
1
0
0
1
4
2
16688
0
1
11
268435456
2000
50
60
0
1
0
1
0
0
1
0
1
2
1
16694
0
1
11
67108864
3000
500
17
0
1
0
1
0
0
1
0
1
8
1
16712
0
1
11
67108864
4000
1000
41
0
1
0
1
0
0
1
0
1
8
4
16717
0
1
12
134217728
1000
1000
10
1
1
0
1
0
0
1
0
0
1
8
8
16723
0
1
11
67108864
4000
250
18
0
1
0
1
0
0
1
0
1
1
1
16738
0
1
11
134217728
2000
500
66
0
1
0
1
0
0
1
0
1
4
2
16739
0
1
11
67108864
1000
50
95
0
1
0
1
0
0
1
0
1
8
1
16766
0
1
11
134217728
2000
100
2
0
1
0
1
0
0
1
0
1
1
1
16787
0
1
11
268435456
3000
50
51
0
1
0
1
0
0
1
0
1
8
4
16815
0
1
11
67108864
3000
1000
61
0
1
0
1
0
0
1
0
1
4
1
16823
0
1
11
268435456
3000
100
55
0
1
0
1
0
0
1
0
1
8
8
16826
0
1
11
67108864
2000
1000
58
0
1
0
1
0
0
1
0
1
2
1
16834
0
1
11
268435456
3000
500
6
0
1
0
1
0
0
1
0
1
4
2
16857
0
1
12
268435456
2000
250
35
1
1
0
1
0
0
1
0
0
1
2
1
16887
0
1
12
134217728
2000
100
91
1
1
0
1
0
0
1
0
0
1
4
2
16914
0
1
11
67108864
4000
1000
14
0
1
0
1
0
0
1
0
1
4
4
16915
0
1
11
134217728
1000
250
23
0
1
0
1
0
0
1
0
1
1
1
16916
0
1
12
67108864
2000
250
1
1
1
0
1
0
0
1
0
0
1
2
1
16945
0
1
11
67108864
1000
1000
58
0
1
0
1
0
0
1
0
1
4
2
16969
0
1
11
67108864
1000
250
11
0
1
0
1
0
0
1
0
1
1
1
16997
0
1
11
134217728
4000
500
67
0
1
0
1
0
0
1
0
1
8
2
17004
0
1
12
134217728
4000
250
24
1
1
0
1
0
0
1
0
0
1
4
4
17033
0
1
11
134217728
1000
500
70
0
1
0
1
0
0
1
0
1
8
2
17040
0
1
11
268435456
1000
250
37
0
1
0
1
0
0
1
0
1
1
1
17058
0
1
12
268435456
2000
250
29
1
1
0
1
0
0
1
0
0
1
4
1
17068
0
1
12
67108864
3000
50
52
1
1
0
1
0
0
1
0
0
1
4
1
17089
0
1
11
67108864
4000
50
97
0
1
0
1
0
0
1
0
1
4
1
17097
0
1
11
134217728
3000
1000
32
0
1
0
1
0
0
1
0
1
2
1
17113
0
1
12
134217728
3000
50
91
1
1
0
1
0
0
1
0
0
1
1
1
17142
0
1
11
134217728
1000
100
31
0
1
0
1
0
0
1
0
1
4
2
17167
0
1
11
268435456
3000
50
78
0
1
0
1
0
0
1
0
1
4
4
17186
0
1
12
268435456
2000
250
78
1
1
0
1
0
0
1
0
0
1
8
8
17216
0
1
11
134217728
4000
50
88
0
1
0
1
0
0
1
0
1
4
4
17226
0
1
12
67108864
2000
250
12
1
1
0
1
0
0
1
0
0
1
2
1
17256
0
1
12
134217728
2000
250
4
1
1
0
1
0
0
1
0
0
1
2
1
17274
0
1
12
67108864
4000
100
65
1
1
0
1
0
0
1
0
0
1
2
1
17293
0
1
11
268435456
3000
100
30
0
1
0
1
0
0
1
0
1
1
1
17310
0
1
12
67108864
4000
100
69
1
1
0
1
0
0
1
0
0
1
4
2
17330
0
1
12
134217728
3000
1000
84
1
1
0
1
0
0
1
0
0
1
2
1
17353
0
1
11
134217728
2000
100
14
0
1
0
1
0
0
1
0
1
2
1
17382
0
1
12
67108864
3000
1000
47
1
1
0
1
0
0
1
0
0
1
8
2
17397
0
1
12
67108864
1000
50
46
1
1
0
1
0
0
1
0
0
1
2
1
17424
0
1
12
67108864
3000
250
23
1
1
0
1
0
0
1
0
0
1
8
8
17452
0
1
12
67108864
2000
250
34
1
1
0
1
0
0
1
0
0
1
1
1
17467
0
1
11
268435456
2000
50
59
0
1
0
1
0
0
1
0
1
1
1
17471
0
1
12
134217728
1000
500
41
1
1
0
1
0
0
1
0
0
1
8
8
17480
0
1
12
67108864
1000
100
49
1
1
0
1
0
0
1
0
0
1
4
1
17501
0
1
12
134217728
2000
500
62
1
1
0
1
0
0
1
0
0
1
8
8
17511
0
1
11
134217728
4000
1000
74
0
1
0
1
0
0
1
0
1
1
1
17540
0
1
11
134217728
4000
250
62
0
1
0
1
0
0
1
0
1
4
4
17552
0
1
12
67108864
4000
100
38
1
1
0
1
0
0
1
0
0
1
8
1
17554
0
1
12
134217728
4000
100
76
1
1
0
1
0
0
1
0
0
1
2
1
17566
0
1
11
268435456
3000
250
1
0
1
0
1
0
0
1
0
1
2
1
17592
0
1
11
268435456
1000
500
87
0
1
0
1
0
0
1
0
1
4
2
17618
0
1
12
268435456
3000
250
88
1
1
0
1
0
0
1
0
0
1
1
1
17631
0
1
11
67108864
4000
50
36
0
1
0
1
0
0
1
0
1
4
1
17657
0
1
11
67108864
2000
100
24
0
1
0
1
0
0
1
0
1
1
1
17666
0
1
11
268435456
3000
500
63
0
1
0
1
0
0
1
0
1
4
4
17668
0
1
11
67108864
3000
500
83
0
1
0
1
0
0
1
0
1
2
1
17690
0
1
11
268435456
3000
250
44
0
1
0
1
0
0
1
0
1
1
1
17700
0
1
12
67108864
3000
1000
85
1
1
0
1
0
0
1
0
0
1
4
4
17719
0
1
11
268435456
3000
50
50
0
1
0
1
0
0
1
0
1
4
1
17725
0
1
11
67108864
2000
500
84
0
1
0
1
0
0
1
0
1
4
1
17743
0
1
12
67108864
2000
100
40
1
1
0
1
0
0
1
0
0
1
2
1
17755
0
1
11
67108864
3000
50
23
0
1
0
1
0
0
1
0
1
1
1
17756
0
1
11
67108864
2000
500
96
0
1
0
1
0
0
1
0
1
1
1
17780
0
1
11
134217728
4000
100
81
0
1
0
1
0
0
1
0
1
8
4
17803
0
1
11
67108864
3000
500
5
0
1
0
1
0
0
1
0
1
2
2
17822
0
1
11
134217728
4000
50
25
0
1
0
1
0
0
1
0
1
1
1
17841
0
1
11
134217728
3000
500
16
0
1
0
1
0
0
1
0
1
1
1
17867
0
1
12
268435456
3000
500
41
1
1
0
1
0
0
1
0
0
1
1
1
17874
0
1
12
67108864
3000
100
59
1
1
0
1
0
0
1
0
0
1
8
8
17877
0
1
11
134217728
1000
250
25
0
1
0
1
0
0
1
0
1
4
1
17889
0
1
12
67108864
1000
500
76
1
1
0
1
0
0
1
0
0
1
1
1
17896
0
1
11
67108864
4000
500
42
0
1
0
1
0
0
1
0
1
8
4
17910
0
1
11
67108864
3000
500
34
0
1
0
1
0
0
1
0
1
2
1
17940
0
1
11
134217728
1000
1000
49
0
1
0
1
0
0
1
0
1
2
1
17963
0
1
11
67108864
2000
250
19
0
1
0
1
0
0
1
0
1
8
8
17991
0
1
12
134217728
2000
1000
20
1
1
0
1
0
0
1
0
0
1
2
2
18017
0
1
12
67108864
4000
250
39
1
1
0
1
0
0
1
0
0
1
4
4
18029
0
1
11
134217728
3000
50
65
0
1
0
1
0
0
1
0
1
1
1
18032
0
1
12
134217728
4000
50
39
1
1
0
1
0
0
1
0
0
1
8
1
18054
0
1
11
67108864
4000
50
73
0
1
0
1
0
0
1
0
1
1
1
18063
0
1
11
134217728
1000
1000
98
0
1
0
1
0
0
1
0
1
2
1
18082
0
1
11
67108864
2000
250
18
0
1
0
1
0
0
1
0
1
2
1
18110
0
1
12
67108864
1000
500
92
1
1
0
1
0
0
1
0
0
1
4
2
18137
0
1
11
134217728
2000
500
3
0
1
0
1
0
0
1
0
1
1
1
18155
0
1
11
134217728
4000
500
2
0
1
0
1
0
0
1
0
1
8
8
18156
0
1
11
134217728
1000
100
15
0
1
0
1
0
0
1
0
1
2
2
18182
0
1
12
67108864
3000
250
78
1
1
0
1
0
0
1
0
0
1
4
2
18204
0
1
12
134217728
1000
100
68
1
1
0
1
0
0
1
0
0
1
4
4
18218
0
1
11
268435456
2000
100
76
0
1
0
1
0
0
1
0
1
2
1
18222
0
1
11
268435456
3000
500
70
0
1
0
1
0
0
1
0
1
8
2
18245
0
1
11
134217728
4000
1000
8
0
1
0
1
0
0
1
0
1
4
4
18261
0
1
12
67108864
1000
100
11
1
1
0
1
0
0
1
0
0
1
8
2
18262
0
1
11
134217728
1000
50
19
0
1
0
1
0
0
1
0
1
8
2
18291
0
1
12
134217728
3000
500
90
1
1
0
1
0
0
1
0
0
1
1
1
18298
0
1
11
67108864
4000
500
77
0
1
0
1
0
0
1
0
1
4
1
18316
0
1
12
67108864
2000
50
42
1
1
0
1
0
0
1
0
0
1
8
1
18321
0
1
12
268435456
2000
50
23
1
1
0
1
0
0
1
0
0
1
4
2
18349
0
1
11
134217728
3000
500
89
0
1
0
1
0
0
1
0
1
8
4
18370
0
1
11
67108864
2000
100
86
0
1
0
1
0
0
1
0
1
4
2
18398
0
1
12
134217728
1000
100
83
1
1
0
1
0
0
1
0
0
1
8
1
18428
0
1
11
67108864
4000
500
66
0
1
0
1
0
0
1
0
1
4
1
18457
0
1
12
268435456
3000
250
57
1
1
0
1
0
0
1
0
0
1
1
1
18483
0
1
12
134217728
1000
1000
83
1
1
0
1
0
0
1
0
0
1
1
1
18498
0
1
11
67108864
1000
1000
52
0
1
0
1
0
0
1
0
1
8
4
18499
0
1
12
268435456
3000
100
53
1
1
0
1
0
0
1
0
0
1
1
1
18502
0
1
12
67108864
1000
500
4
1
1
0
1
0
0
1
0
0
1
2
1
18526
0
1
11
268435456
2000
250
14
0
1
0
1
0
0
1
0
1
2
1
18554
0
1
11
134217728
2000
250
99
0
1
0
1
0
0
1
0
1
4
4
18576
0
1
11
268435456
3000
100
43
0
1
0
1
0
0
1
0
1
2
2
18592
0
1
11
268435456
3000
500
49
0
1
0
1
0
0
1
0
1
4
1
18621
0
1
12
134217728
4000
100
40
1
1
0
1
0
0
1
0
0
1
4
2
18646
0
1
12
134217728
1000
500
73
1
1
0
1
0
0
1
0
0
1
8
4
18672
0
1
12
268435456
3000
500
46
1
1
0
1
0
0
1
0
0
1
2
1
18673
0
1
11
134217728
2000
1000
57
0
1
0
1
0
0
1
0
1
2
1
18677
0
1
12
67108864
4000
250
28
1
1
0
1
0
0
1
0
0
1
8
8
18689
0
1
11
268435456
2000
500
88
0
1
0
1
0
0
1
0
1
4
2
18697
0
1
11
268435456
3000
50
11
0
1
0
1
0
0
1
0
1
8
2
18709
0
1
12
134217728
3000
500
26
1
1
0
1
0
0
1
0
0
1
2
1
18715
0
1
12
67108864
3000
500
26
1
1
0
1
0
0
1
0
0
1
4
4
18740
0
1
12
134217728
1000
1000
38
1
1
0
1
0
0
1
0
0
1
4
2
18746
0
1
11
268435456
3000
250
22
0
1
0
1
0
0
1
0
1
4
2
18766
0
1
12
268435456
3000
50
33
1
1
0
1
0
0
1
0
0
1
4
2
18778
0
1
11
67108864
3000
500
83
0
1
0
1
0
0
1
0
1
4
4
18785
0
1
12
134217728
2000
50
24
1
1
0
1
0
0
1
0
0
1
8
2
18813
0
1
11
134217728
4000
250
11
0
1
0
1
0
0
1
0
1
4
2
18832
0
1
11
268435456
3000
500
21
0
1
0
1
0
0
1
0
1
1
1
18839
0
1
11
134217728
1000
250
91
0
1
0
1
0
0
1
0
1
8
4
18849
0
1
12
67108864
4000
50
40
1
1
0
1
0
0
1
0
0
1
1
1
18860
0
1
12
67108864
1000
100
41
1
1
0
1
0
0
1
0
0
1
8
4
18865
0
1
11
67108864
3000
250
78
0
1
0
1
0
0
1
0
1
4
2
18871
0
1
11
268435456
3000
100
78
0
1
0
1
0
0
1
0
1
4
4
18875
0
1
11
67108864
2000
100
28
0
1
0
1
0
0
1
0
1
2
1
18898
0
1
12
67108864
1000
1000
3
1
1
0
1
0
0
1
0
0
1
8
2
18909
0
1
12
268435456
1000
500
37
1
1
0
1
0
0
1
0
0
1
8
1
18921
0
1
12
268435456
2000
100
94
1
1
0
1
0
0
1
0
0
1
2
1
18951
0
1
11
268435456
2000
100
87
0
1
0
1
0
0
1
0
1
2
1
18976
0
1
11
67108864
1000
250
72
0
1
0
1
0
0
1
0
1
8
2
18991
0
1
12
268435456
3000
100
66
1
1
0
1
0
0
1
0
0
1
8
2
18998
0
1
11
134217728
3000
500
51
0
1
0
1
0
0
1
0
1
8
1
19017
0
1
12
134217728
2000
500
75
1
1
0
1
0
0
1
0
0
1
2
1
19018
0
1
12
67108864
4000
1000
27
1
1
0
1
0
0
1
0
0
1
4
1
19045
0
1
12
67108864
2000
250
87
1
1
0
1
0
0
1
0
0
1
4
4
19057
0
1
11
67108864
2000
1000
25
0
1
0
1
0
0
1
0
1
8
4
19081
0
1
12
268435456
2000
500
38
1
1
0
1
0
0
1
0
0
1
4
2
19107
0
1
11
67108864
4000
250
27
0
1
0
1
0
0
1
0
1
1
1
19113
0
1
11
134217728
1000
50
30
0
1
0
1
0
0
1
0
1
2
1
19133
0
1
12
268435456
3000
100
51
1
1
0
1
0
0
1
0
0
1
1
1
19139
0
1
11
134217728
4000
1000
1
0
1
0
1
0
0
1
0
1
2
1
19153
0
1
11
268435456
1000
250
64
0
1
0
1
0
0
1
0
1
1
1
19156
0
1
12
268435456
3000
500
5
1
1
0
1
0
0
1
0
0
1
8
8
19178
0
1
12
268435456
1000
50
77
1
1
0
1
0
0
1
0
0
1
4
4
19199
0
1
12
268435456
3000
100
20
1
1
0
1
0
0
1
0
0
1
2
1
19208
0
1
11
268435456
3000
50
29
0
1
0
1
0
0
1
0
1
8
2
19221
0
1
11
134217728
2000
250
99
0
1
0
1
0
0
1
0
1
8
1
19223
0
1
11
67108864
2000
1000
51
0
1
0
1
0
0
1
0
1
8
1
19242
0
1
11
268435456
3000
100
18
0
1
0
1
0
0
1
0
1
2
2
19251
0
1
11
67108864
1000
1000
7
0
1
0
1
0
0
1
0
1
8
2
19271
0
1
12
67108864
4000
500
42
1
1
0
1
0
0
1
0
0
1
4
1
19272
0
1
12
67108864
4000
50
11
1
1
0
1
0
0
1
0
0
1
4
2
19297
0
1
11
67108864
4000
500
36
0
1
0
1
0
0
1
0
1
2
1
19319
0
1
12
268435456
2000
500
45
1
1
0
1
0
0
1
0
0
1
1
1
19329
0
1
11
134217728
3000
1000
29
0
1
0
1
0
0
1
0
1
1
1
19336
0
1
11
67108864
3000
50
80
0
1
0
1
0
0
1
0
1
4
4
19360
0
1
11
67108864
3000
50
26
0
1
0
1
0
0
1
0
1
8
8
19386
0
1
12
67108864
1000
1000
25
1
1
0
1
0
0
1
0
0
1
1
1
19404
0
1
11
268435456
3000
500
50
0
1
0
1
0
0
1
0
1
1
1
19416
0
1
12
268435456
3000
100
92
1
1
0
1
0
0
1
0
0
1
8
1
19444
0
1
11
134217728
4000
100
12
0
1
0
1
0
0
1
0
1
2
1
19474
0
1
11
134217728
4000
50
72
0
1
0
1
0
0
1
0
1
2
1
19500
0
1
11
268435456
3000
100
6
0
1
0
1
0
0
1
0
1
4
1
19528
0
1
11
67108864
2000
50
60
0
1
0
1
0
0
1
0
1
4
1
19557
0
1
11
134217728
4000
500
87
0
1
0
1
0
0
1
0
1
8
1
19587
0
1
11
134217728
3000
100
45
0
1
0
1
0
0
1
0
1
8
1
19609
0
1
12
67108864
1000
100
5
1
1
0
1
0
0
1
0
0
1
2
1
19630
0
1
12
67108864
1000
100
71
1
1
0
1
0
0
1
0
0
1
8
1
19651
0
1
11
67108864
1000
100
63
0
1
0
1
0
0
1
0
1
2
1
19673
0
1
11
268435456
3000
100
54
0
1
0
1
0
0
1
0
1
8
2
19695
0
1
11
67108864
1000
100
80
0
1
0
1
0
0
1
0
1
4
4
19724
0
1
11
268435456
3000
250
60
0
1
0
1
0
0
1
0
1
1
1
19743
0
1
12
134217728
1000
100
32
1
1
0
1
0
0
1
0
0
1
8
4
19754
0
1
12
134217728
3000
250
36
1
1
0
1
0
0
1
0
0
1
8
1
19757
0
1
12
134217728
3000
1000
57
1
1
0
1
0
0
1
0
0
1
4
4
19787
0
1
11
67108864
2000
1000
74
0
1
0
1
0
0
1
0
1
8
1
19801
0
1
12
67108864
2000
1000
38
1
1
0
1
0
0
1
0
0
1
1
1
19823
0
1
12
134217728
2000
50
7
1
1
0
1
0
0
1
0
0
1
4
2
19833
0
1
11
134217728
3000
500
24
0
1
0
1
0
0
1
0
1
8
4
19839
0
1
12
268435456
3000
500
90
1
1
0
1
0
0
1
0
0
1
4
4
19868
0
1
11
67108864
1000
500
39
0
1
0
1
0
0
1
0
1
8
1
19883
0
1
12
134217728
1000
500
66
1
1
0
1
0
0
1
0
0
1
1
1
19884
0
1
12
268435456
2000
250
47
1
1
0
1
0
0
1
0
0
1
4
1
19914
0
1
11
268435456
3000
500
65
0
1
0
1
0
0
1
0
1
4
2
19939
0
1
12
67108864
3000
500
86
1
1
0
1
0
0
1
0
0
1
2
1
19961
0
1
11
268435456
3000
250
27
0
1
0
1
0
0
1
0
1
1
1
19970
0
1
12
268435456
1000
250
60
1
1
0
1
0
0
1
0
0
1
2
1
19988
0
1
11
67108864
2000
50
3
0
1
0
1
0
0
1
0
1
1
1
19991
0
1
11
67108864
4000
250
29
0
1
0
1
0
0
1
0
1
8
8
19999
0
1
12
67108864
2000
250
6
1
1
0
1
0
0
1
0
0
1
4
2
20024
0
1
11
67108864
2000
500
82
0
1
0
1
0
0
1
0
1
1
1
20034
0
1
11
67108864
4000
100
48
0
1
0
1
0
0
1
0
1
1
1
20037
0
1
12
134217728
2000
50
92
1
1
0
1
0
0
1
0
0
1
4
4
20066
0
1
11
134217728
2000
50
23
0
1
0
1
0
0
1
0
1
4
2
20073
0
1
11
268435456
1000
500
11
0
1
0
1
0
0
1
0
1
4
4
20077
0
1
11
67108864
1000
250
51
0
1
0
1
0
0
1
0
1
4
4
20106
0
1
11
268435456
1000
500
62
0
1
0
1
0
0
1
0
1
8
1
20129
0
1
11
67108864
3000
100
64
0
1
0
1
0
0
1
0
1
2
2
20136
0
1
11
268435456
3000
250
66
0
1
0
1
0
0
1
0
1
8
4
20155
0
1
11
268435456
2000
500
21
0
1
0
1
0
0
1
0
1
4
1
20175
0
1
11
67108864
3000
100
64
0
1
0
1
0
0
1
0
1
1
1
20201
0
1
11
134217728
3000
250
9
0
1
0
1
0
0
1
0
1
8
1
20222
0
1
12
134217728
2000
50
6
1
1
0
1
0
0
1
0
0
1
4
4
20231
0
1
11
134217728
3000
500
80
0
1
0
1
0
0
1
0
1
1
1
20236
0
1
11
134217728
4000
50
70
0
1
0
1
0
0
1
0
1
4
4
20245
0
1
12
134217728
2000
50
52
1
1
0
1
0
0
1
0
0
1
8
8
20264
0
1
11
134217728
1000
50
66
0
1
0
1
0
0
1
0
1
8
4
20292
0
1
12
67108864
3000
250
28
1
1
0
1
0
0
1
0
0
1
1
1
20294
0
1
12
268435456
3000
50
8
1
1
0
1
0
0
1
0
0
1
2
1
20296
0
1
11
134217728
3000
250
7
0
1
0
1
0
0
1
0
1
2
1
20302
0
1
12
67108864
4000
500
65
1
1
0
1
0
0
1
0
0
1
2
2
20331
0
1
11
67108864
4000
100
2
0
1
0
1
0
0
1
0
1
8
1
20358
0
1
12
268435456
1000
500
40
1
1
0
1
0
0
1
0
0
1
4
1
20381
0
1
11
134217728
4000
50
5
0
1
0
1
0
0
1
0
1
8
8
20384
0
1
12
67108864
1000
250
0
1
1
0
1
0
0
1
0
0
1
2
1
20409
0
1
11
134217728
3000
50
98
0
1
0
1
0
0
1
0
1
1
1
20415
0
1
12
134217728
3000
1000
68
1
1
0
1
0
0
1
0
0
1
1
1
20443
0
1
11
67108864
2000
1000
48
0
1
0
1
0
0
1
0
1
4
2
20464
0
1
11
67108864
2000
500
11
0
1
0
1
0
0
1
0
1
4
2
20475
0
1
11
67108864
2000
100
0
0
1
0
1
0
0
1
0
1
1
1
20502
0
1
12
268435456
2000
500
48
1
1
0
1
0
0
1
0
0
1
4
4
20510
0
1
11
268435456
1000
250
48
0
1
0
1
0
0
1
0
1
4
2
20537
0
1
12
67108864
4000
500
11
1
1
0
1
0
0
1
0
0
1
1
1
20552
0
1
12
67108864
4000
1000
86
1
1
0
1
0
0
1
0
0
1
8
4
20572
0
1
11
67108864
1000
100
48
0
1
0
1
0
0
1
0
1
2
1
20584
0
1
12
67108864
4000
250
2
1
1
0
1
0
0
1
0
0
1
4
4
20603
0
1
11
67108864
1000
50
10
0
1
0
1
0
0
1
0
1
2
1
20612
0
1
11
268435456
3000
500
47
0
1
0
1
0
0
1
0
1
2
1
20641
0
1
11
134217728
3000
250
73
0
1
0
1
0
0
1
0
1
4
1
20667
0
1
12
268435456
3000
500
51
1
1
0
1
0
0
1
0
0
1
2
1
20691
0
1
11
134217728
2000
500
55
0
1
0
1
0
0
1
0
1
2
2
20697
0
1
11
134217728
3000
50
71
0
1
0
1
0
0
1
0
1
4
2
20720
0
1
12
67108864
4000
50
3
1
1
0
1
0
0
1
0
0
1
2
1
20733
0
1
11
134217728
3000
100
43
0
1
0
1
0
0
1
0
1
2
2
20759
0
1
11
134217728
1000
250
16
0
1
0
1
0
0
1
0
1
1
1
20768
0
1
11
67108864
4000
50
97
0
1
0
1
0
0
1
0
1
1
1
20777
0
1
12
268435456
2000
100
73
1
1
0
1
0
0
1
0
0
1
8
8
20787
0
1
12
268435456
2000
500
11
1
1
0
1
0
0
1
0
0
1
2
1
20788
0
1
12
134217728
4000
1000
41
1
1
0
1
0
0
1
0
0
1
8
4
20797
0
1
12
134217728
3000
500
54
1
1
0
1
0
0
1
0
0
1
8
4
20813
0
1
12
134217728
2000
1000
30
1
1
0
1
0
0
1
0
0
1
1
1
20818
0
1
11
67108864
3000
1000
70
0
1
0
1
0
0
1
0
1
2
1
20842
0
1
11
134217728
2000
100
36
0
1
0
1
0
0
1
0
1
2
1
20865
0
1
12
134217728
4000
1000
41
1
1
0
1
0
0
1
0
0
1
2
1
20889
0
1
12
134217728
2000
1000
85
1
1
0
1
0
0
1
0
0
1
4
2
20904
0
1
12
134217728
4000
1000
57
1
1
0
1
0
0
1
0
0
1
8
4
20929
0
1
11
268435456
2000
50
82
0
1
0
1
0
0
1
0
1
4
2
20955
0
1
11
134217728
2000
250
78
0
1
0
1
0
0
1
0
1
4
2
20970
0
1
11
134217728
4000
500
2
0
1
0
1
0
0
1
0
1
2
1
20999
0
1
12
134217728
1000
500
30
1
1
0
1
0
0
1
0
0
1
8
1
21028
0
1
12
268435456
1000
100
13
1
1
0
1
0
0
1
0
0
1
8
2
21030
0
1
11
134217728
3000
100
5
0
1
0
1
0
0
1
0
1
1
1
21031
0
1
12
67108864
4000
250
44
1
1
0
1
0
0
1
0
0
1
4
2
21040
0
1
11
134217728
3000
500
78
0
1
0
1
0
0
1
0
1
1
1
21044
0
1
11
67108864
2000
100
28
0
1
0
1
0
0
1
0
1
1
1
21056
0
1
12
67108864
2000
1000
76
1
1
0
1
0
0
1
0
0
1
4
2
21066
0
1
11
268435456
2000
50
59
0
1
0
1
0
0
1
0
1
2
1
21082
0
1
11
67108864
2000
1000
4
0
1
0
1
0
0
1
0
1
1
1
21097
0
1
11
134217728
3000
1000
33
0
1
0
1
0
0
1
0
1
8
2
21103
0
1
12
134217728
2000
250
97
1
1
0
1
0
0
1
0
0
1
8
1
21105
0
1
11
67108864
2000
250
41
0
1
0
1
0
0
1
0
1
1
1
21120
0
1
11
268435456
1000
50
96
0
1
0
1
0
0
1
0
1
8
8
21132
0
1
11
67108864
4000
50
48
0
1
0
1
0
0
1
0
1
2
1
21149
0
1
12
134217728
1000
1000
86
1
1
0
1
0
0
1
0
0
1
8
8
21159
0
1
12
268435456
1000
50
45
1
1
0
1
0
0
1
0
0
1
4
1
21187
0
1
12
67108864
1000
250
37
1
1
0
1
0
0
1
0
0
1
1
1
21199
0
1
12
268435456
3000
50
19
1
1
0
1
0
0
1
0
0
1
8
4
21222
0
1
11
268435456
3000
50
69
0
1
0
1
0
0
1
0
1
1
1
21231
0
1
12
134217728
2000
1000
9
1
1
0
1
0
0
1
0
0
1
4
2
21233
0
1
11
134217728
4000
250
11
0
1
0
1
0
0
1
0
1
1
1
21244
0
1
12
134217728
1000
1000
1
1
1
0
1
0
0
1
0
0
1
4
2
21269
0
1
12
268435456
3000
500
48
1
1
0
1
0
0
1
0
0
1
2
1
21271
0
1
12
134217728
1000
1000
41
1
1
0
1
0
0
1
0
0
1
8
8
21276
0
1
11
134217728
2000
1000
18
0
1
0
1
0
0
1
0
1
2
1
21278
0
1
11
268435456
1000
500
12
0
1
0
1
0
0
1
0
1
8
2
21282
0
1
11
268435456
3000
500
44
0
1
0
1
0
0
1
0
1
2
2
21312
0
1
11
268435456
2000
50
9
0
1
0
1
0
0
1
0
1
1
1
21331
0
1
11
268435456
2000
500
49
0
1
0
1
0
0
1
0
1
8
1
21332
0
1
12
67108864
3000
500
91
1
1
0
1
0
0
1
0
0
1
8
1
21344
0
1
11
268435456
3000
50
88
0
1
0
1
0
0
1
0
1
1
1
21349
0
1
11
67108864
1000
250
3
0
1
0
1
0
0
1
0
1
4
4
21357
0
1
12
268435456
3000
500
25
1
1
0
1
0
0
1
0
0
1
4
1
21367
0
1
11
134217728
1000
500
79
0
1
0
1
0
0
1
0
1
1
1
21394
0
1
11
134217728
1000
250
21
0
1
0
1
0
0
1
0
1
4
1
21417
0
1
11
268435456
1000
100
45
0
1
0
1
0
0
1
0
1
4
4
21442
0
1
11
268435456
2000
100
78
0
1
0
1
0
0
1
0
1
2
2
21444
0
1
11
268435456
1000
50
93
0
1
0
1
0
0
1
0
1
1
1
21451
0
1
12
134217728
3000
100
88
1
1
0
1
0
0
1
0
0
1
4
4
21453
0
1
12
268435456
2000
500
89
1
1
0
1
0
0
1
0
0
1
2
2
21462
0
1
12
268435456
1000
50
72
1
1
0
1
0
0
1
0
0
1
1
1
21474
0
1
11
268435456
1000
50
93
0
1
0
1
0
0
1
0
1
8
4
21484
0
1
11
268435456
2000
250
0
0
1
0
1
0
0
1
0
1
2
1
21485
0
1
11
67108864
2000
1000
78
0
1
0
1
0
0
1
0
1
4
2
21500
0
1
11
268435456
3000
500
53
0
1
0
1
0
0
1
0
1
4
2
21526
0
1
12
67108864
1000
1000
13
1
1
0
1
0
0
1
0
0
1
1
1
21546
0
1
12
67108864
2000
100
25
1
1
0
1
0
0
1
0
0
1
1
1
21547
0
1
12
268435456
3000
100
6
1
1
0
1
0
0
1
0
0
1
2
2
21575
0
1
11
67108864
3000
250
0
0
1
0
1
0
0
1
0
1
1
1
21587
0
1
11
67108864
3000
1000
1
0
1
0
1
0
0
1
0
1
2
2
21613
0
1
11
268435456
1000
250
88
0
1
0
1
0
0
1
0
1
2
1
21643
0
1
11
134217728
3000
100
45
0
1
0
1
0
0
1
0
1
2
2
21666
0
1
11
268435456
3000
500
22
0
1
0
1
0
0
1
0
1
8
4
21688
0
1
11
268435456
3000
250
17
0
1
0
1
0
0
1
0
1
1
1
21707
0
1
11
134217728
1000
250
61
0
1
0
1
0
0
1
0
1
8
4
21720
0
1
12
67108864
2000
1000
67
1
1
0
1
0
0
1
0
0
1
1
1
21733
0
1
11
67108864
1000
250
51
0
1
0
1
0
0
1
0
1
8
1
21742
0
1
11
134217728
3000
50
1
0
1
0
1
0
0
1
0
1
2
1
21763
0
1
11
134217728
1000
500
52
0
1
0
1
0
0
1
0
1
4
1
21777
0
1
12
67108864
3000
250
87
1
1
0
1
0
0
1
0
0
1
2
1
21783
0
1
12
134217728
3000
500
21
1
1
0
1
0
0
1
0
0
1
8
8
21812
0
1
11
268435456
2000
250
57
0
1
0
1
0
0
1
0
1
2
2
21824
0
1
11
134217728
3000
250
98
0
1
0
1
0
0
1
0
1
2
2
21841
0
1
11
134217728
3000
100
30
0
1
0
1
0
0
1
0
1
8
2
21849
0
1
11
67108864
4000
250
60
0
1
0
1
0
0
1
0
1
2
1
21854
0
1
12
268435456
1000
500
79
1
1
0
1
0
0
1
0
0
1
2
1
21873
0
1
11
268435456
3000
250
10
0
1
0
1
0
0
1
0
1
2
1
21878
0
1
12
268435456
1000
100
93
1
1
0
1
0
0
1
0
0
1
4
4
21905
0
1
11
268435456
2000
50
63
0
1
0
1
0
0
1
0
1
2
2
21908
0
1
12
268435456
3000
500
66
1
1
0
1
0
0
1
0
0
1
1
1
21928
0
1
11
134217728
3000
1000
78
0
1
0
1
0
0
1
0
1
1
1
21936
0
1
12
67108864
3000
100
73
1
1
0
1
0
0
1
0
0
1
1
1
21943
0
1
11
67108864
4000
50
65
0
1
0
1
0
0
1
0
1
1
1
21966
0
1
11
134217728
1000
50
7
0
1
0
1
0
0
1
0
1
2
1
21985
0
1
11
67108864
2000
100
40
0
1
0
1
0
0
1
0
1
4
1
21987
0
1
11
268435456
3000
250
24
0
1
0
1
0
0
1
0
1
2
1
22005
0
1
11
268435456
1000
250
97
0
1
0
1
0
0
1
0
1
4
2
22030
0
1
12
67108864
3000
50
99
1
1
0
1
0
0
1
0
0
1
1
1
22033
0
1
12
67108864
2000
50
66
1
1
0
1
0
0
1
0
0
1
4
4
22053
0
1
12
134217728
1000
1000
61
1
1
0
1
0
0
1
0
0
1
4
2
22061
0
1
11
134217728
2000
250
95
0
1
0
1
0
0
1
0
1
1
1
22083
0
1
11
268435456
1000
50
30
0
1
0
1
0
0
1
0
1
4
4
22095
0
1
11
67108864
1000
50
75
0
1
0
1
0
0
1
0
1
8
1
22100
0
1
12
67108864
3000
50
93
1
1
0
1
0
0
1
0
0
1
8
8
22126
0
1
12
67108864
4000
500
27
1
1
0
1
0
0
1
0
0
1
4
2
22134
0
1
11
134217728
3000
250
37
0
1
0
1
0
0
1
0
1
1
1
22160
0
1
11
268435456
3000
500
91
0
1
0
1
0
0
1
0
1
2
2
22163
0
1
11
134217728
2000
500
18
0
1
0
1
0
0
1
0
1
4
4
22183
0
1
12
67108864
1000
50
67
1
1
0
1
0
0
1
0
0
1
1
1
22211
0
1
11
134217728
4000
1000
38
0
1
0
1
0
0
1
0
1
1
1
22232
0
1
12
134217728
4000
500
14
1
1
0
1
0
0
1
0
0
1
8
8
22252
0
1
11
134217728
2000
250
74
0
1
0
1
0
0
1
0
1
8
8
22260
0
1
11
134217728
4000
500
68
0
1
0
1
0
0
1
0
1
2
1
22264
0
1
12
268435456
2000
100
64
1
1
0
1
0
0
1
0
0
1
1
1
22293
0
1
11
268435456
3000
100
24
0
1
0
1
0
0
1
0
1
1
1
22294
0
1
11
67108864
3000
1000
56
0
1
0
1
0
0
1
0
1
2
1
22309
0
1
12
67108864
2000
500
53
1
1
0
1
0
0
1
0
0
1
1
1
22335
0
1
12
67108864
3000
1000
90
1
1
0
1
0
0
1
0
0
1
4
4
22349
0
1
12
268435456
3000
250
57
1
1
0
1
0
0
1
0
0
1
2
2
22369
0
1
11
134217728
4000
1000
62
0
1
0
1
0
0
1
0
1
8
1
22374
0
1
12
134217728
1000
100
12
1
1
0
1
0
0
1
0
0
1
8
4
22392
0
1
11
67108864
3000
500
37
0
1
0
1
0
0
1
0
1
2
1
22399
0
1
11
268435456
2000
500
52
0
1
0
1
0
0
1
0
1
4
1
22421
0
1
11
268435456
3000
500
85
0
1
0
1
0
0
1
0
1
4
1
22426
0
1
11
268435456
3000
250
49
0
1
0
1
0
0
1
0
1
2
1
22430
0
1
12
134217728
4000
1000
44
1
1
0
1
0
0
1
0
0
1
8
4
22445
0
1
11
268435456
2000
50
62
0
1
0
1
0
0
1
0
1
1
1
22469
0
1
11
268435456
2000
250
47
0
1
0
1
0
0
1
0
1
8
2
22489
0
1
11
67108864
3000
1000
73
0
1
0
1
0
0
1
0
1
1
1
22514
0
1
12
67108864
2000
1000
37
1
1
0
1
0
0
1
0
0
1
2
1
22526
0
1
11
67108864
3000
100
63
0
1
0
1
0
0
1
0
1
1
1
22543
0
1
11
67108864
1000
500
81
0
1
0
1
0
0
1
0
1
8
8
22560
0
1
12
134217728
3000
50
5
1
1
0
1
0
0
1
0
0
1
8
1
22588
0
1
11
67108864
1000
500
83
0
1
0
1
0
0
1
0
1
2
2
22613
0
1
11
134217728
3000
500
28
0
1
0
1
0
0
1
0
1
4
2
22623
0
1
11
134217728
3000
500
54
0
1
0
1
0
0
1
0
1
2
1
22642
0
1
12
134217728
4000
50
67
1
1
0
1
0
0
1
0
0
1
2
2
22658
0
1
11
268435456
1000
50
55
0
1
0
1
0
0
1
0
1
4
2
22674
0
1
12
134217728
4000
1000
42
1
1
0
1
0
0
1
0
0
1
1
1
22679
0
1
11
134217728
3000
50
39
0
1
0
1
0
0
1
0
1
8
8
22699
0
1
12
268435456
3000
250
9
1
1
0
1
0
0
1
0
0
1
2
2
22707
0
1
12
268435456
3000
50
17
1
1
0
1
0
0
1
0
0
1
1
1
22728
0
1
11
134217728
3000
100
55
0
1
0
1
0
0
1
0
1
4
2
22738
0
1
11
134217728
2000
500
19
0
1
0
1
0
0
1
0
1
8
4
22766
0
1
12
134217728
2000
500
79
1
1
0
1
0
0
1
0
0
1
4
2
22767
0
1
12
268435456
2000
50
27
1
1
0
1
0
0
1
0
0
1
8
4
22782
0
1
11
67108864
2000
1000
78
0
1
0
1
0
0
1
0
1
8
2
22808
0
1
12
134217728
1000
50
12
1
1
0
1
0
0
1
0
0
1
1
1
22836
0
1
12
67108864
3000
500
59
1
1
0
1
0
0
1
0
0
1
8
2
22840
0
1
11
134217728
2000
500
78
0
1
0
1
0
0
1
0
1
8
4
22849
0
1
12
134217728
1000
500
31
1
1
0
1
0
0
1
0
0
1
8
8
22852
0
1
11
268435456
2000
500
73
0
1
0
1
0
0
1
0
1
8
1
22874
0
1
11
268435456
3000
500
6
0
1
0
1
0
0
1
0
1
1
1
22904
0
1
11
268435456
2000
50
0
0
1
0
1
0
0
1
0
1
2
2
22911
0
1
11
67108864
4000
1000
62
0
1
0
1
0
0
1
0
1
4
1
22919
0
1
12
268435456
3000
50
31
1
1
0
1
0
0
1
0
0
1
4
4
22947
0
1
12
268435456
3000
500
37
1
1
0
1
0
0
1
0
0
1
8
2
22977
0
1
11
134217728
4000
1000
51
0
1
0
1
0
0
1
0
1
8
2
22986
0
1
11
67108864
3000
100
82
0
1
0
1
0
0
1
0
1
4
4
22987
0
1
12
67108864
4000
500
69
1
1
0
1
0
0
1
0
0
1
1
1
23006
0
1
11
268435456
2000
500
72
0
1
0
1
0
0
1
0
1
8
1
23036
0
1
11
268435456
1000
100
25
0
1
0
1
0
0
1
0
1
4
2
23064
0
1
12
268435456
1000
500
6
1
1
0
1
0
0
1
0
0
1
8
4
23085
0
1
12
134217728
4000
100
62
1
1
0
1
0
0
1
0
0
1
8
2
23097
0
1
12
67108864
2000
100
76
1
1
0
1
0
0
1
0
0
1
8
2
23123
0
1
11
268435456
2000
500
62
0
1
0
1
0
0
1
0
1
8
2
23139
0
1
11
67108864
3000
100
12
0
1
0
1
0
0
1
0
1
8
4
23145
0
1
11
268435456
3000
50
14
0
1
0
1
0
0
1
0
1
2
2
23164
0
1
12
268435456
1000
500
57
1
1
0
1
0
0
1
0
0
1
2
2
23176
0
1
12
67108864
4000
1000
56
1
1
0
1
0
0
1
0
0
1
4
2
23181
0
1
11
268435456
1000
100
34
0
1
0
1
0
0
1
0
1
4
4
23185
0
1
12
268435456
1000
500
53
1
1
0
1
0
0
1
0
0
1
1
1
23203
0
1
11
268435456
2000
50
86
0
1
0
1
0
0
1
0
1
1
1
23216
0
1
11
134217728
4000
500
9
0
1
0
1
0
0
1
