1500

1
1
4
2
12
0
2
10
268435456
1000
500
10
1
0
1
0
0
1

1
1
2
1
14
0
0
9
67108864
4000
500
1
0
1
0
0
1

1
1
2
1
20
0
0
9
134217728
4000
1000
1
0
1
0
0
1

1
1
8
1
40
0
2
10
67108864
1000
500
1000
1
0
1
0
0
1

1
1
4
2
59
0
1
11
67108864
4000
50
81
0
1
0
1
0
0
1
1
1
8
1
89
0
0
9
67108864
4000
50
1
0
1
0
0
1

1
1
1
1
91
0
0
9
134217728
1000
50
1
0
1
0
0
1

1
1
1
1
104
0
0
9
268435456
3000
500
1
0
1
0
0
1

1
1
4
2
134
0
1
12
268435456
2000
500
30
1
1
0
1
0
0
1
0
1
1
1
1
139
0
1
11
67108864
4000
1000
63
0
1
0
1
0
0
1
1
1
2
1
149
0
0
9
134217728
4000
50
1
0
1
0
0
1

1
1
1
1
170
0
1
11
67108864
3000
1000
40
0
1
0
1
0
0
1
1
1
4
2
174
0
1
11
268435456
2000
500
25
0
1
0
1
0
0
1
1
1
4
1
194
0
1
12
67108864
2000
50
3
1
1
0
1
0
0
1
0
1
1
4
4
211
0
0
9
268435456
3000
500
1
0
1
0
0
1

1
1
8
4
223
0
2
10
134217728
1000
1000
1000
1
0
1
0
0
1

1
1
1
1
241
0
0
9
67108864
4000
500
1
0
1
0
0
1

1
1
4
4
259
0
1
12
67108864
1000
500
46
1
1
0
1
0
0
1
0
1
1
2
1
275
0
1
12
268435456
1000
100
44
1
1
0
1
0
0
1
0
1
1
1
1
300
0
1
11
134217728
2000
1000
91
0
1
0
1
0
0
1
1
1
2
1
304
0
0
9
268435456
3000
500
1
0
1
0
0
1

1
1
4
4
313
0
2
10
67108864
3000
50
10
1
0
1
0
0
1

1
1
8
4
334
0
0
9
67108864
1000
500
1
0
1
0
0
1

1
1
4
4
347
0
1
11
268435456
2000
250
2
0
1
0
1
0
0
1
1
1
8
8
371
0
1
11
134217728
3000
100
87
0
1
0
1
0
0
1
1
1
8
4
387
0
1
12
134217728
2000
250
24
1
1
0
1
0
0
1
0
1
1
8
8
411
0
1
12
134217728
2000
500
84
1
1
0
1
0
0
1
0
1
1
4
2
419
0
1
11
268435456
1000
250
39
0
1
0
1
0
0
1
1
1
2
1
439
0
1
11
67108864
3000
50
52
0
1
0
1
0
0
1
1
1
4
2
459
0
0
9
268435456
3000
100
1
0
1
0
0
1

1
1
1
1
462
0
2
10
268435456
3000
250
1
1
0
1
0
0
1

1
1
1
1
487
0
0
9
268435456
3000
500
1
0
1
0
0
1

1
1
4
2
492
0
1
11
134217728
3000
250
67
0
1
0
1
0
0
1
1
1
2
1
494
0
2
10
268435456
3000
500
1
1
0
1
0
0
1

1
1
1
1
498
0
2
10
67108864
2000
100
1
1
0
1
0
0
1

1
1
2
2
501
0
1
11
67108864
4000
50
76
0
1
0
1
0
0
1
1
1
1
1
521
0
2
10
268435456
1000
100
5
1
0
1
0
0
1

1
1
2
1
526
0
0
9
67108864
4000
500
1
0
1
0
0
1

1
1
1
1
532
0
0
9
268435456
2000
500
1
0
1
0
0
1

1
1
1
1
559
0
2
10
134217728
4000
250
5
1
0
1
0
0
1

1
1
1
1
570
0
1
11
134217728
1000
50
84
0
1
0
1
0
0
1
1
1
2
1
572
0
0
9
67108864
1000
50
1
0
1
0
0
1

1
1
8
1
596
0
1
12
268435456
3000
500
60
1
1
0
1
0
0
1
0
1
1
4
2
619
0
2
10
268435456
2000
50
100
1
0
1
0
0
1

1
1
2
1
635
0
0
9
67108864
2000
1000
1
0
1
0
0
1

1
1
2
1
639
0
0
9
134217728
2000
100
1
0
1
0
0
1

1
1
2
1
644
0
2
10
268435456
1000
100
100
1
0
1
0
0
1

1
1
2
2
645
0
2
10
268435456
3000
500
5
1
0
1
0
0
1

1
1
8
8
673
0
1
11
67108864
2000
1000
50
0
1
0
1
0
0
1
1
1
2
1
703
0
2
10
268435456
3000
50
5
1
0
1
0
0
1

1
1
8
4
712
0
0
9
268435456
3000
500
1
0
1
0
0
1

1
1
1
1
715
0
0
9
67108864
4000
500
1
0
1
0
0
1

1
1
4
4
742
0
2
10
134217728
4000
50
1
1
0
1
0
0
1

1
1
1
1
765
0
0
9
268435456
1000
250
1
0
1
0
0
1

1
1
2
1
792
0
1
11
268435456
1000
500
23
0
1
0
1
0
0
1
1
1
4
4
813
0
2
10
134217728
1000
100
10
1
0
1
0
0
1

1
1
1
1
818
0
0
9
268435456
1000
500
1
0
1
0
0
1

1
1
2
1
832
0
0
9
134217728
1000
100
1
0
1
0
0
1

1
1
2
1
850
0
1
12
268435456
2000
250
97
1
1
0
1
0
0
1
0
1
1
2
1
855
0
2
10
268435456
1000
250
5
1
0
1
0
0
1

1
1
1
1
869
0
1
12
134217728
3000
500
49
1
1
0
1
0
0
1
0
1
1
1
1
870
0
2
10
268435456
3000
250
1
1
0
1
0
0
1

1
1
8
1
891
0
1
11
67108864
3000
500
23
0
1
0
1
0
0
1
1
1
4
1
909
0
1
11
268435456
3000
250
17
0
1
0
1
0
0
1
1
1
4
2
920
0
2
10
67108864
1000
500
10
1
0
1
0
0
1

1
1
4
2
940
0
1
11
67108864
4000
250
77
0
1
0
1
0
0
1
1
1
2
2
948
0
2
10
268435456
1000
500
1
1
0
1
0
0
1

1
1
1
1
964
0
2
10
134217728
1000
500
1000
1
0
1
0
0
1

1
1
8
8
973
0
0
9
67108864
1000
1000
1
0
1
0
0
1

1
1
4
2
999
0
1
12
268435456
2000
500
67
1
1
0
1
0
0
1
0
1
1
2
1
1016
0
0
9
67108864
1000
50
1
0
1
0
0
1

1
1
2
1
1040
0
2
10
268435456
3000
500
1
1
0
1
0
0
1

1
1
8
1
1066
0
1
11
134217728
4000
500
25
0
1
0
1
0
0
1
1
1
8
1
1092
0
2
10
134217728
3000
250
100
1
0
1
0
0
1

1
1
2
2
1108
0
2
10
134217728
4000
250
100
1
0
1
0
0
1

1
1
2
1
1121
0
0
9
268435456
1000
250
1
0
1
0
0
1

1
1
4
2
1141
0
0
9
134217728
3000
500
1
0
1
0
0
1

1
1
4
2
1146
0
0
9
67108864
2000
250
1
0
1
0
0
1

1
1
8
1
1148
0
2
10
134217728
4000
500
5
1
0
1
0
0
1

1
1
2
1
1177
0
2
10
67108864
1000
500
5
1
0
1
0
0
1

1
1
2
2
1187
0
2
10
268435456
2000
100
100
1
0
1
0
0
1

1
1
4
1
1209
0
0
9
67108864
1000
250
1
0
1
0
0
1

1
1
4
2
1229
0
1
12
67108864
2000
250
50
1
1
0
1
0
0
1
0
1
1
2
1
1232
0
2
10
67108864
1000
50
100
1
0
1
0
0
1

1
1
8
4
1233
0
1
12
268435456
3000
500
0
1
1
0
1
0
0
1
0
1
1
2
2
1236
0
2
10
134217728
4000
250
5
1
0
1
0
0
1

1
1
8
1
1240
0
2
10
134217728
4000
100
5
1
0
1
0
0
1

1
1
1
1
1262
0
0
9
134217728
1000
500
1
0
1
0
0
1

1
1
4
2
1273
0
1
12
134217728
3000
1000
86
1
1
0
1
0
0
1
0
1
1
2
1
1291
0
1
12
268435456
3000
50
57
1
1
0
1
0
0
1
0
1
1
1
1
1309
0
2
10
67108864
2000
250
1
1
0
1
0
0
1

1
1
4
2
1312
0
2
10
134217728
4000
100
1000
1
0
1
0
0
1

1
1
8
1
1326
0
0
9
67108864
2000
50
1
0
1
0
0
1

1
1
8
8
1333
0
1
12
134217728
4000
500
85
1
1
0
1
0
0
1
0
1
1
1
1
1336
0
0
9
134217728
1000
250
1
0
1
0
0
1

1
1
4
4
1364
0
1
11
67108864
2000
1000
48
0
1
0
1
0
0
1
1
1
4
2
1376
0
2
10
134217728
1000
50
100
1
0
1
0
0
1

1
1
2
1
1396
0
1
11
134217728
1000
1000
54
0
1
0
1
0
0
1
1
1
8
1
1399
0
1
12
134217728
2000
500
44
1
1
0
1
0
0
1
0
1
1
8
2
1405
0
2
10
67108864
4000
250
5
1
0
1
0
0
1

1
1
2
1
1406
0
1
11
268435456
3000
500
17
0
1
0
1
0
0
1
1
1
4
4
1414
0
1
11
134217728
4000
500
43
0
1
0
1
0
0
1
1
1
2
1
1442
0
0
9
67108864
3000
500
1
0
1
0
0
1

1
1
4
2
1461
0
2
10
134217728
1000
50
5
1
0
1
0
0
1

1
1
2
1
1489
0
0
9
67108864
1000
100
1
0
1
0
0
1

1
1
4
4
1509
0
0
9
67108864
1000
50
1
0
1
0
0
1

1
1
2
2
1510
0
0
9
268435456
3000
100
1
0
1
0
0
1

1
1
1
1
1532
0
0
9
268435456
2000
100
1
0
1
0
0
1

1
1
1
1
1548
0
1
12
134217728
4000
1000
53
1
1
0
1
0
0
1
0
1
1
8
1
1555
0
1
11
134217728
1000
1000
20
0
1
0
1
0
0
1
1
1
1
1
1573
0
2
10
134217728
1000
100
1
1
0
1
0
0
1

1
1
4
2
1602
0
1
12
134217728
2000
1000
16
1
1
0
1
0
0
1
0
1
1
4
1
1624
0
2
10
268435456
2000
50
5
1
0
1
0
0
1

1
1
1
1
1654
0
0
9
67108864
1000
500
1
0
1
0
0
1

1
1
2
2
1666
0
2
10
67108864
4000
1000
1000
1
0
1
0
0
1

1
1
8
1
1673
0
0
9
268435456
2000
500
1
0
1
0
0
1

1
1
1
1
1695
0
0
9
268435456
2000
100
1
0
1
0
0
1

1
1
8
1
1696
0
2
10
134217728
4000
500
5
1
0
1
0
0
1

1
1
8
4
1712
0
1
11
268435456
3000
500
53
0
1
0
1
0
0
1
1
1
1
1
1738
0
1
12
67108864
1000
1000
20
1
1
0
1
0
0
1
0
1
1
8
1
1754
0
0
9
67108864
4000
250
1
0
1
0
0
1

1
1
4
2
1757
0
2
10
268435456
1000
500
1
1
0
1
0
0
1

1
1
8
2
1769
0
0
9
67108864
4000
100
1
0
1
0
0
1

1
1
1
1
1782
0
1
12
134217728
4000
500
18
1
1
0
1
0
0
1
0
1
1
2
1
1807
0
0
9
67108864
4000
50
1
0
1
0
0
1

1
1
4
2
1821
0
2
10
268435456
2000
500
10
1
0
1
0
0
1

1
1
2
2
1831
0
2
10
268435456
2000
50
100
1
0
1
0
0
1

1
1
8
8
1833
0
0
9
268435456
3000
50
1
0
1
0
0
1

1
1
1
1
1838
0
1
11
134217728
3000
500
11
0
1
0
1
0
0
1
1
1
8
8
1856
0
1
11
67108864
4000
100
68
0
1
0
1
0
0
1
1
1
8
2
1864
0
2
10
268435456
3000
50
1000
1
0
1
0
0
1

1
1
2
2
1873
0
0
9
268435456
3000
50
1
0
1
0
0
1

1
1
8
2
1901
0
0
9
134217728
3000
50
1
0
1
0
0
1

1
1
2
1
1903
0
0
9
134217728
3000
250
1
0
1
0
0
1

1
1
1
1
1927
0
2
10
134217728
3000
50
1000
1
0
1
0
0
1

1
1
8
2
1949
0
2
10
134217728
3000
250
1
1
0
1
0
0
1

1
1
4
1
1966
0
2
10
67108864
1000
1000
100
1
0
1
0
0
1

1
1
2
1
1993
0
0
9
268435456
1000
50
1
0
1
0
0
1

1
1
1
1
2005
0
0
9
67108864
2000
250
1
0
1
0
0
1

1
1
1
1
2015
0
0
9
268435456
2000
50
1
0
1
0
0
1

1
1
8
8
2022
0
0
9
268435456
3000
500
1
0
1
0
0
1

1
1
2
2
2028
0
2
10
134217728
4000
100
1000
1
0
1
0
0
1

1
1
1
1
2056
0
1
11
67108864
3000
500
53
0
1
0
1
0
0
1
1
1
8
8
2080
0
1
12
268435456
1000
100
88
1
1
0
1
0
0
1
0
1
1
4
1
2105
0
2
10
134217728
3000
250
1000
1
0
1
0
0
1

1
1
4
2
2131
0
2
10
67108864
2000
50
10
1
0
1
0
0
1

1
1
4
2
2152
0
2
10
134217728
2000
50
100
1
0
1
0
0
1

1
1
4
4
2157
0
1
11
268435456
2000
100
98
0
1
0
1
0
0
1
1
1
2
2
2160
0
0
9
268435456
3000
500
1
0
1
0
0
1

1
1
8
1
2190
0
1
12
67108864
3000
100
39
1
1
0
1
0
0
1
0
1
1
1
1
2216
0
2
10
268435456
3000
100
100
1
0
1
0
0
1

1
1
4
1
2223
0
0
9
134217728
3000
500
1
0
1
0
0
1

1
1
1
1
2225
0
1
11
134217728
3000
500
16
0
1
0
1
0
0
1
1
1
4
2
2231
0
0
9
268435456
1000
500
1
0
1
0
0
1

1
1
2
1
2240
0
0
9
268435456
3000
500
1
0
1
0
0
1

1
1
1
1
2248
0
2
10
67108864
2000
250
1
1
0
1
0
0
1

1
1
8
4
2272
0
1
11
67108864
4000
250
19
0
1
0
1
0
0
1
1
1
4
2
2284
0
0
9
67108864
3000
1000
1
0
1
0
0
1

1
1
1
1
2309
0
0
9
67108864
2000
500
1
0
1
0
0
1

1
1
2
1
2311
0
2
10
67108864
2000
250
100
1
0
1
0
0
1

1
1
2
1
2313
0
0
9
67108864
4000
500
1
0
1
0
0
1

1
1
8
8
2329
0
1
11
134217728
3000
100
23
0
1
0
1
0
0
1
1
1
2
1
2355
0
1
12
268435456
3000
100
27
1
1
0
1
0
0
1
0
1
1
1
1
2356
0
1
12
67108864
1000
50
49
1
1
0
1
0
0
1
0
1
1
2
2
2372
0
0
9
67108864
2000
1000
1
0
1
0
0
1

1
1
4
2
2380
0
2
10
268435456
3000
250
1
1
0
1
0
0
1

1
1
8
1
2395
0
1
12
134217728
4000
1000
13
1
1
0
1
0
0
1
0
1
1
4
2
2408
0
2
10
67108864
3000
250
1
1
0
1
0
0
1

1
1
8
4
2427
0
2
10
67108864
2000
50
1
1
0
1
0
0
1

1
1
8
4
2439
0
0
9
67108864
2000
1000
1
0
1
0
0
1

1
1
1
1
2440
0
0
9
134217728
3000
50
1
0
1
0
0
1

1
1
8
8
2449
0
0
9
67108864
4000
250
1
0
1
0
0
1

1
1
2
1
2468
0
0
9
268435456
2000
50
1
0
1
0
0
1

1
1
8
4
2475
0
1
11
268435456
3000
100
47
0
1
0
1
0
0
1
1
1
8
4
2476
0
2
10
268435456
1000
100
10
1
0
1
0
0
1

1
1
8
1
2495
0
0
9
134217728
1000
1000
1
0
1
0
0
1

1
1
4
2
2499
0
0
9
134217728
2000
250
1
0
1
0
0
1

1
1
8
2
2522
0
2
10
268435456
3000
500
5
1
0
1
0
0
1

1
1
2
2
2548
0
2
10
67108864
2000
50
5
1
0
1
0
0
1

1
1
1
1
2578
0
0
9
67108864
1000
50
1
0
1
0
0
1

1
1
1
1
2594
0
2
10
268435456
2000
250
100
1
0
1
0
0
1

1
1
4
2
2601
0
0
9
134217728
2000
250
1
0
1
0
0
1

1
1
1
1
2611
0
0
9
268435456
2000
50
1
0
1
0
0
1

1
1
8
1
2627
0
1
11
67108864
3000
250
89
0
1
0
1
0
0
1
1
1
2
1
2629
0
0
9
134217728
2000
1000
1
0
1
0
0
1

1
1
1
1
2635
0
1
11
134217728
3000
1000
90
0
1
0
1
0
0
1
1
1
2
1
2648
0
0
9
134217728
3000
500
1
0
1
0
0
1

1
1
4
4
2658
0
1
11
67108864
2000
250
38
0
1
0
1
0
0
1
1
1
4
2
2665
0
1
12
134217728
2000
100
5
1
1
0
1
0
0
1
0
1
1
1
1
2676
0
0
9
268435456
3000
50
1
0
1
0
0
1

1
1
1
1
2703
0
2
10
67108864
1000
100
10
1
0
1
0
0
1

1
1
8
2
2708
0
2
10
134217728
3000
100
100
1
0
1
0
0
1

1
1
1
1
2736
0
1
11
134217728
2000
50
68
0
1
0
1
0
0
1
1
1
2
2
2758
0
0
9
67108864
3000
1000
1
0
1
0
0
1

1
1
8
1
2767
0
1
11
134217728
2000
500
20
0
1
0
1
0
0
1
1
1
1
1
2771
0
1
11
134217728
4000
500
32
0
1
0
1
0
0
1
1
1
8
2
2788
0
1
12
268435456
1000
100
3
1
1
0
1
0
0
1
0
1
1
1
1
2794
0
2
10
134217728
1000
100
100
1
0
1
0
0
1

1
1
4
2
2824
0
1
11
134217728
3000
1000
88
0
1
0
1
0
0
1
1
1
1
1
2844
0
1
12
134217728
1000
100
84
1
1
0
1
0
0
1
0
1
1
1
1
2864
0
2
10
268435456
3000
500
10
1
0
1
0
0
1

1
1
8
1
2869
0
0
9
268435456
3000
250
1
0
1
0
0
1

1
1
4
4
2885
0
1
11
268435456
1000
50
7
0
1
0
1
0
0
1
1
1
4
4
2910
0
0
9
134217728
1000
500
1
0
1
0
0
1

1
1
8
2
2911
0
1
12
268435456
2000
50
57
1
1
0
1
0
0
1
0
1
1
2
1
2921
0
1
11
268435456
1000
250
34
0
1
0
1
0
0
1
1
1
1
1
2947
0
0
9
67108864
3000
50
1
0
1
0
0
1

1
1
2
1
2960
0
2
10
268435456
1000
100
1000
1
0
1
0
0
1

1
1
2
1
2963
0
2
10
67108864
2000
250
1000
1
0
1
0
0
1

1
1
2
2
2983
0
0
9
67108864
3000
50
1
0
1
0
0
1

1
1
8
4
2993
0
0
9
268435456
2000
250
1
0
1
0
0
1

1
1
2
1
3005
0
2
10
268435456
2000
250
10
1
0
1
0
0
1

1
1
1
1
3012
0
1
12
268435456
3000
100
61
1
1
0
1
0
0
1
0
1
1
2
1
3032
0
1
11
134217728
2000
250
41
0
1
0
1
0
0
1
1
1
2
1
3035
0
2
10
134217728
1000
500
10
1
0
1
0
0
1

1
1
1
1
3055
0
1
12
134217728
3000
250
11
1
1
0
1
0
0
1
0
1
1
1
1
3060
0
0
9
268435456
3000
50
1
0
1
0
0
1

1
1
8
1
3062
0
2
10
134217728
4000
100
10
1
0
1
0
0
1

1
1
2
1
3085
0
2
10
134217728
4000
1000
10
1
0
1
0
0
1

1
1
8
2
3086
0
2
10
268435456
2000
50
1000
1
0
1
0
0
1

1
1
8
1
3111
0
0
9
134217728
1000
500
1
0
1
0
0
1

1
1
4
1
3130
0
0
9
134217728
1000
250
1
0
1
0
0
1

1
1
1
1
3156
0
0
9
268435456
3000
250
1
0
1
0
0
1

1
1
1
1
3162
0
0
9
134217728
1000
250
1
0
1
0
0
1

1
1
2
1
3165
0
2
10
268435456
1000
100
100
1
0
1
0
0
1

1
1
1
1
3187
0
1
11
134217728
1000
100
40
0
1
0
1
0
0
1
1
1
8
4
3190
0
0
9
268435456
3000
250
1
0
1
0
0
1

1
1
8
2
3215
0
2
10
134217728
2000
50
10
1
0
1
0
0
1

1
1
8
4
3222
0
0
9
67108864
1000
50
1
0
1
0
0
1

1
1
1
1
3240
0
0
9
134217728
4000
50
1
0
1
0
0
1

1
1
4
1
3248
0
1
12
134217728
2000
250
58
1
1
0
1
0
0
1
0
1
1
1
1
3269
0
2
10
268435456
1000
500
100
1
0
1
0
0
1

1
1
4
2
3299
0
2
10
67108864
2000
1000
5
1
0
1
0
0
1

1
1
1
1
3320
0
1
12
268435456
3000
250
20
1
1
0
1
0
0
1
0
1
1
1
1
3347
0
0
9
67108864
3000
1000
1
0
1
0
0
1

1
1
2
1
3369
0
1
12
134217728
3000
50
47
1
1
0
1
0
0
1
0
1
1
8
1
3386
0
1
12
67108864
2000
500
64
1
1
0
1
0
0
1
0
1
1
2
1
3412
0
1
12
67108864
1000
250
4
1
1
0
1
0
0
1
0
1
1
4
2
3434
0
0
9
67108864
1000
50
1
0
1
0
0
1

1
1
2
1
3444
0
2
10
268435456
2000
500
10
1
0
1
0
0
1

1
1
4
2
3467
0
1
12
134217728
2000
1000
30
1
1
0
1
0
0
1
0
1
1
8
4
3472
0
1
12
67108864
2000
250
16
1
1
0
1
0
0
1
0
1
1
8
2
3477
0
0
9
134217728
2000
500
1
0
1
0
0
1

1
1
8
8
3501
0
0
9
134217728
3000
250
1
0
1
0
0
1

1
1
2
1
3528
0
2
10
67108864
4000
1000
1000
1
0
1
0
0
1

1
1
1
1
3557
0
0
9
268435456
2000
250
1
0
1
0
0
1

1
1
4
2
3566
0
1
11
268435456
1000
100
3
0
1
0
1
0
0
1
1
1
2
1
3594
0
2
10
134217728
1000
100
1
1
0
1
0
0
1

1
1
1
1
3597
0
1
11
67108864
2000
50
69
0
1
0
1
0
0
1
1
1
2
2
3620
0
1
12
134217728
4000
1000
70
1
1
0
1
0
0
1
0
1
1
8
2
3646
0
2
10
134217728
2000
50
100
1
0
1
0
0
1

1
1
4
2
3676
0
2
10
67108864
4000
250
10
1
0
1
0
0
1

1
1
2
1
3706
0
2
10
134217728
1000
100
1000
1
0
1
0
0
1

1
1
8
2
3735
0
1
12
67108864
1000
1000
35
1
1
0
1
0
0
1
0
1
1
2
1
3737
0
2
10
67108864
2000
1000
1000
1
0
1
0
0
1

1
1
2
1
3757
0
1
12
67108864
2000
500
64
1
1
0
1
0
0
1
0
1
1
1
1
3759
0
1
12
67108864
3000
50
93
1
1
0
1
0
0
1
0
1
1
1
1
3788
0
1
12
268435456
3000
100
69
1
1
0
1
0
0
1
0
1
1
1
1
3807
0
2
10
67108864
4000
100
10
1
0
1
0
0
1

1
1
4
1
3822
0
0
9
67108864
2000
100
1
0
1
0
0
1

1
1
1
1
3828
0
1
12
268435456
1000
100
27
1
1
0
1
0
0
1
0
1
1
8
8
3837
0
1
12
134217728
4000
50
75
1
1
0
1
0
0
1
0
1
1
1
1
3857
0
2
10
67108864
2000
500
100
1
0
1
0
0
1

1
1
1
1
3866
0
0
9
268435456
1000
500
1
0
1
0
0
1

1
1
8
1
3873
0
1
12
67108864
2000
50
4
1
1
0
1
0
0
1
0
1
1
2
2
3877
0
1
12
134217728
2000
250
96
1
1
0
1
0
0
1
0
1
1
2
1
3899
0
1
11
268435456
3000
500
65
0
1
0
1
0
0
1
1
1
4
1
3928
0
1
12
134217728
1000
1000
90
1
1
0
1
0
0
1
0
1
1
8
4
3936
0
0
9
67108864
2000
50
1
0
1
0
0
1

1
1
1
1
3940
0
2
10
67108864
2000
50
5
1
0
1
0
0
1

1
1
1
1
3959
0
1
12
134217728
2000
50
50
1
1
0
1
0
0
1
0
1
1
8
8
3976
0
0
9
67108864
1000
100
1
0
1
0
0
1

1
1
2
1
4001
0
0
9
134217728
1000
50
1
0
1
0
0
1

1
1
2
1
4011
0
1
12
67108864
3000
250
27
1
1
0
1
0
0
1
0
1
1
1
1
4037
0
0
9
67108864
1000
100
1
0
1
0
0
1

1
1
4
2
4066
0
0
9
268435456
3000
500
1
0
1
0
0
1

1
1
2
1
4087
0
0
9
134217728
2000
250
1
0
1
0
0
1

1
1
1
1
4105
0
2
10
67108864
3000
250
1000
1
0
1
0
0
1

1
1
8
1
4121
0
1
12
67108864
2000
50
7
1
1
0
1
0
0
1
0
1
1
1
1
4123
0
2
10
134217728
2000
1000
1
1
0
1
0
0
1

1
1
1
1
4129
0
2
10
67108864
2000
1000
100
1
0
1
0
0
1

1
1
8
1
4148
0
0
9
268435456
3000
250
1
0
1
0
0
1

1
1
1
1
4151
0
2
10
134217728
3000
250
10
1
0
1
0
0
1

1
1
2
1
4155
0
0
9
268435456
3000
100
1
0
1
0
0
1

1
1
4
1
4158
0
2
10
67108864
2000
1000
5
1
0
1
0
0
1

1
1
4
4
4183
0
1
12
67108864
4000
1000
7
1
1
0
1
0
0
1
0
1
1
2
2
4196
0
0
9
67108864
3000
1000
1
0
1
0
0
1

1
1
4
4
4201
0
0
9
268435456
1000
50
1
0
1
0
0
1

1
1
2
1
4212
0
0
9
268435456
1000
100
1
0
1
0
0
1

1
1
1
1
4231
0
2
10
268435456
3000
100
100
1
0
1
0
0
1

1
1
2
2
4241
0
1
11
134217728
2000
50
78
0
1
0
1
0
0
1
1
1
4
2
4262
0
1
12
67108864
2000
250
60
1
1
0
1
0
0
1
0
1
1
1
1
4264
0
2
10
134217728
1000
100
100
1
0
1
0
0
1

1
1
4
1
4265
0
2
10
134217728
2000
100
1
1
0
1
0
0
1

1
1
8
8
4284
0
1
12
67108864
2000
500
56
1
1
0
1
0
0
1
0
1
1
8
4
4287
0
1
11
268435456
3000
100
23
0
1
0
1
0
0
1
1
1
1
1
4290
0
0
9
268435456
2000
100
1
0
1
0
0
1

1
1
1
1
4319
0
2
10
268435456
2000
50
1
1
0
1
0
0
1

1
1
4
4
4341
0
2
10
134217728
2000
500
10
1
0
1
0
0
1

1
1
4
2
4360
0
1
11
67108864
4000
1000
20
0
1
0
1
0
0
1
1
1
4
4
4377
0
0
9
134217728
1000
250
1
0
1
0
0
1

1
1
1
1
4395
0
0
9
268435456
3000
500
1
0
1
0
0
1

1
1
4
4
4399
0
1
12
134217728
1000
500
82
1
1
0
1
0
0
1
0
1
1
4
4
4428
0
0
9
268435456
1000
100
1
0
1
0
0
1

1
1
8
2
4435
0
2
10
134217728
3000
50
1000
1
0
1
0
0
1

1
1
8
8
4449
0
0
9
268435456
2000
500
1
0
1
0
0
1

1
1
1
1
4454
0
0
9
134217728
4000
100
1
0
1
0
0
1

1
1
4
1
4464
0
0
9
67108864
4000
1000
1
0
1
0
0
1

1
1
8
2
4466
0
0
9
268435456
3000
500
1
0
1
0
0
1

1
1
8
4
4488
0
1
11
134217728
2000
50
58
0
1
0
1
0
0
1
1
1
2
2
4496
0
2
10
134217728
4000
500
100
1
0
1
0
0
1

1
1
2
1
4509
0
0
9
268435456
1000
500
1
0
1
0
0
1

1
1
8
8
4534
0
2
10
134217728
1000
50
10
1
0
1
0
0
1

1
1
8
1
4538
0
0
9
268435456
2000
50
1
0
1
0
0
1

1
1
8
2
4565
0
2
10
67108864
2000
1000
5
1
0
1
0
0
1

1
1
2
1
4574
0
2
10
67108864
2000
250
100
1
0
1
0
0
1

1
1
4
4
4577
0
1
11
134217728
3000
250
27
0
1
0
1
0
0
1
1
1
8
8
4599
0
1
12
134217728
3000
250
53
1
1
0
1
0
0
1
0
1
1
2
1
4621
0
1
12
67108864
2000
50
74
1
1
0
1
0
0
1
0
1
1
1
1
4628
0
0
9
268435456
3000
500
1
0
1
0
0
1

1
1
1
1
4644
0
2
10
134217728
4000
1000
1
1
0
1
0
0
1

1
1
8
8
4667
0
2
10
268435456
3000
50
5
1
0
1
0
0
1

1
1
4
4
4681
0
1
12
67108864
4000
50
46
1
1
0
1
0
0
1
0
1
1
2
1
4708
0
1
12
268435456
3000
50
11
1
1
0
1
0
0
1
0
1
1
2
2
4732
0
0
9
134217728
3000
100
1
0
1
0
0
1

1
1
4
1
4762
0
2
10
268435456
1000
500
1
1
0
1
0
0
1

1
1
4
2
4781
0
1
12
268435456
3000
50
38
1
1
0
1
0
0
1
0
1
1
2
1
4788
0
2
10
134217728
3000
500
10
1
0
1
0
0
1

1
1
4
2
4808
0
2
10
67108864
3000
50
10
1
0
1
0
0
1

1
1
8
2
4824
0
1
12
67108864
2000
500
76
1
1
0
1
0
0
1
0
1
1
2
1
4826
0
1
11
134217728
2000
250
35
0
1
0
1
0
0
1
1
1
4
4
4827
0
1
12
268435456
1000
250
35
1
1
0
1
0
0
1
0
1
1
2
1
4856
0
1
12
134217728
1000
1000
64
1
1
0
1
0
0
1
0
1
1
4
2
4869
0
2
10
134217728
2000
50
1
1
0
1
0
0
1

1
1
8
2
4891
0
2
10
134217728
1000
100
1000
1
0
1
0
0
1

1
1
8
2
4920
0
2
10
268435456
3000
250
100
1
0
1
0
0
1

1
1
1
1
4946
0
2
10
67108864
3000
1000
10
1
0
1
0
0
1

1
1
2
1
4976
0
2
10
268435456
2000
50
1000
1
0
1
0
0
1

1
1
8
1
4983
0
2
10
67108864
1000
500
1000
1
0
1
0
0
1

1
1
4
1
5006
0
0
9
67108864
3000
250
1
0
1
0
0
1

1
1
4
2
5014
0
0
9
67108864
3000
100
1
0
1
0
0
1

1
1
4
4
5037
0
0
9
67108864
4000
1000
1
0
1
0
0
1

1
1
4
2
5047
0
2
10
134217728
4000
250
1
1
0
1
0
0
1

1
1
4
4
5061
0
1
12
268435456
2000
50
9
1
1
0
1
0
0
1
0
1
1
8
2
5075
0
0
9
268435456
3000
500
1
0
1
0
0
1

1
1
4
2
5104
0
2
10
268435456
3000
100
100
1
0
1
0
0
1

1
1
8
8
5133
0
0
9
67108864
4000
100
1
0
1
0
0
1

1
1
8
2
5150
0
0
9
134217728
3000
250
1
0
1
0
0
1

1
1
2
1
5167
0
2
10
67108864
3000
1000
10
1
0
1
0
0
1

1
1
4
1
5179
0
2
10
67108864
3000
500
1000
1
0
1
0
0
1

1
1
4
4
5180
0
1
11
134217728
2000
100
24
0
1
0
1
0
0
1
1
1
1
1
5209
0
1
12
268435456
3000
500
57
1
1
0
1
0
0
1
0
1
1
4
4
5230
0
1
12
134217728
2000
1000
42
1
1
0
1
0
0
1
0
1
1
1
1
5247
0
2
10
134217728
4000
1000
5
1
0
1
0
0
1

1
1
1
1
5254
0
0
9
134217728
4000
50
1
0
1
0
0
1

1
1
8
8
5267
0
1
12
268435456
3000
250
81
1
1
0
1
0
0
1
0
1
1
2
1
5279
0
2
10
134217728
4000
500
1
1
0
1
0
0
1

1
1
8
4
5284
0
2
10
268435456
2000
50
1
1
0
1
0
0
1

1
1
2
1
5299
0
1
11
134217728
2000
1000
40
0
1
0
1
0
0
1
1
1
8
2
5308
0
0
9
67108864
3000
1000
1
0
1
0
0
1

1
1
1
1
5334
0
0
9
67108864
4000
1000
1
0
1
0
0
1

1
1
8
2
5361
0
1
11
134217728
2000
500
51
0
1
0
1
0
0
1
1
1
1
1
5389
0
0
9
134217728
2000
250
1
0
1
0
0
1

1
1
2
1
5397
0
0
9
134217728
4000
500
1
0
1
0
0
1

1
1
2
1
5400
0
2
10
134217728
3000
500
100
1
0
1
0
0
1

1
1
2
1
5409
0
0
9
67108864
2000
500
1
0
1
0
0
1

1
1
1
1
5422
0
2
10
134217728
3000
500
5
1
0
1
0
0
1

1
1
2
1
5444
0
0
9
134217728
3000
50
1
0
1
0
0
1

1
1
8
8
5450
0
0
9
268435456
3000
500
1
0
1
0
0
1

1
1
4
4
5480
0
2
10
67108864
4000
250
10
1
0
1
0
0
1

1
1
8
4
5492
0
1
11
268435456
2000
250
34
0
1
0
1
0
0
1
1
1
8
8
5514
0
0
9
134217728
2000
250
1
0
1
0
0
1

1
1
2
1
5528
0
0
9
67108864
4000
250
1
0
1
0
0
1

1
1
1
1
5546
0
1
11
268435456
3000
500
54
0
1
0
1
0
0
1
1
1
4
4
5559
0
2
10
67108864
3000
250
10
1
0
1
0
0
1

1
1
2
1
5588
0
1
12
134217728
2000
250
1
1
1
0
1
0
0
1
0
1
1
1
1
5617
0
1
11
134217728
1000
50
65
0
1
0
1
0
0
1
1
1
4
2
5628
0
1
11
67108864
2000
1000
45
0
1
0
1
0
0
1
1
1
8
4
5630
0
0
9
67108864
2000
250
1
0
1
0
0
1

1
1
8
1
5639
0
1
11
67108864
1000
250
93
0
1
0
1
0
0
1
1
1
2
2
5643
0
0
9
67108864
4000
1000
1
0
1
0
0
1

1
1
2
1
5650
0
0
9
134217728
2000
100
1
0
1
0
0
1

1
1
2
2
5666
0
0
9
134217728
2000
50
1
0
1
0
0
1

1
1
8
8
5671
0
1
12
67108864
3000
500
61
1
1
0
1
0
0
1
0
1
1
8
4
5684
0
0
9
67108864
3000
1000
1
0
1
0
0
1

1
1
2
2
5696
0
1
11
67108864
3000
100
35
0
1
0
1
0
0
1
1
1
2
1
5715
0
2
10
268435456
1000
500
1
1
0
1
0
0
1

1
1
1
1
5737
0
0
9
134217728
2000
1000
1
0
1
0
0
1

1
1
2
1
5743
0
1
12
67108864
4000
50
36
1
1
0
1
0
0
1
0
1
1
8
1
5751
0
2
10
134217728
2000
250
5
1
0
1
0
0
1

1
1
2
1
5775
0
2
10
268435456
2000
500
1
1
0
1
0
0
1

1
1
4
2
5805
0
0
9
67108864
2000
250
1
0
1
0
0
1

1
1
2
1
5832
0
2
10
67108864
2000
50
10
1
0
1
0
0
1

1
1
4
2
5841
0
0
9
268435456
3000
500
1
0
1
0
0
1

1
1
4
2
5845
0
0
9
67108864
1000
500
1
0
1
0
0
1

1
1
4
2
5860
0
0
9
134217728
3000
500
1
0
1
0
0
1

1
1
4
4
5866
0
1
12
268435456
3000
500
11
1
1
0
1
0
0
1
0
1
1
1
1
5894
0
1
12
268435456
3000
250
26
1
1
0
1
0
0
1
0
1
1
1
1
5901
0
2
10
134217728
1000
500
1
1
0
1
0
0
1

1
1
8
2
5916
0
0
9
268435456
3000
500
1
0
1
0
0
1

1
1
8
1
5940
0
1
12
134217728
1000
250
77
1
1
0
1
0
0
1
0
1
1
2
1
5962
0
0
9
268435456
2000
100
1
0
1
0
0
1

1
1
2
2
5976
0
0
9
134217728
2000
1000
1
0
1
0
0
1

1
1
1
1
5978
0
1
12
134217728
4000
50
53
1
1
0
1
0
0
1
0
1
1
1
1
6004
0
0
9
134217728
4000
500
1
0
1
0
0
1

1
1
2
1
6013
0
0
9
67108864
4000
1000
1
0
1
0
0
1

1
1
1
1
6030
0
1
12
134217728
2000
250
53
1
1
0
1
0
0
1
0
1
1
4
4
6037
0
1
11
268435456
3000
500
41
0
1
0
1
0
0
1
1
1
4
1
6044
0
0
9
268435456
3000
500
1
0
1
0
0
1

1
1
4
2
6051
0
0
9
67108864
1000
100
1
0
1
0
0
1

1
1
8
8
6061
0
2
10
134217728
2000
100
1000
1
0
1
0
0
1

1
1
4
2
6080
0
2
10
67108864
4000
1000
10
1
0
1
0
0
1

1
1
2
2
6108
0
2
10
268435456
1000
500
5
1
0
1
0
0
1

1
1
4
1
6116
0
0
9
134217728
4000
250
1
0
1
0
0
1

1
1
2
1
6145
0
2
10
268435456
3000
100
1000
1
0
1
0
0
1

1
1
4
1
6168
0
2
10
134217728
4000
100
1000
1
0
1
0
0
1

1
1
8
4
6174
0
1
11
268435456
3000
500
12
0
1
0
1
0
0
1
1
1
8
8
6180
0
0
9
268435456
1000
50
1
0
1
0
0
1

1
1
2
1
6195
0
1
12
67108864
1000
50
23
1
1
0
1
0
0
1
0
1
1
4
1
6213
0
2
10
67108864
2000
1000
1000
1
0
1
0
0
1

1
1
8
2
6233
0
1
12
268435456
3000
50
76
1
1
0
1
0
0
1
0
1
1
4
1
6242
0
2
10
134217728
3000
500
100
1
0
1
0
0
1

1
1
1
1
6270
0
1
11
67108864
1000
50
77
0
1
0
1
0
0
1
1
1
2
2
6299
0
2
10
67108864
1000
100
1
1
0
1
0
0
1

1
1
8
2
6319
0
0
9
134217728
1000
500
1
0
1
0
0
1

1
1
1
1
6340
0
0
9
67108864
2000
100
1
0
1
0
0
1

1
1
8
8
6363
0
1
11
268435456
2000
250
45
0
1
0
1
0
0
1
1
1
8
2
6378
0
1
11
67108864
3000
250
7
0
1
0
1
0
0
1
1
1
8
4
6381
0
2
10
67108864
1000
100
1
1
0
1
0
0
1

1
1
4
2
6403
0
1
11
134217728
1000
100
67
0
1
0
1
0
0
1
1
1
4
4
6433
0
0
9
67108864
4000
50
1
0
1
0
0
1

1
1
2
1
6460
0
1
11
67108864
1000
50
62
0
1
0
1
0
0
1
1
1
1
1
6463
0
1
12
268435456
3000
100
91
1
1
0
1
0
0
1
0
1
1
8
2
6482
0
0
9
134217728
4000
50
1
0
1
0
0
1

1
1
1
1
6494
0
0
9
67108864
3000
250
1
0
1
0
0
1

1
1
4
2
6501
0
1
11
134217728
4000
1000
60
0
1
0
1
0
0
1
1
1
2
2
6526
0
0
9
134217728
1000
500
1
0
1
0
0
1

1
1
8
4
6540
0
1
11
268435456
3000
250
57
0
1
0
1
0
0
1
1
1
1
1
6556
0
0
9
268435456
2000
250
1
0
1
0
0
1

1
1
1
1
6572
0
2
10
134217728
1000
50
1
1
0
1
0
0
1

1
1
2
1
6599
0
1
11
67108864
2000
1000
89
0
1
0
1
0
0
1
1
1
8
8
6614
0
2
10
134217728
2000
500
10
1
0
1
0
0
1

1
1
2
1
6616
0
2
10
67108864
4000
500
10
1
0
1
0
0
1

1
1
8
1
6626
0
0
9
67108864
1000
1000
1
0
1
0
0
1

1
1
1
1
6631
0
1
11
67108864
1000
50
44
0
1
0
1
0
0
1
1
1
8
4
6636
0
1
12
67108864
3000
50
93
1
1
0
1
0
0
1
0
1
1
8
2
6663
0
1
12
268435456
3000
500
24
1
1
0
1
0
0
1
0
1
1
1
1
6688
0
2
10
268435456
3000
50
5
1
0
1
0
0
1

1
1
8
8
6698
0
2
10
67108864
2000
100
5
1
0
1
0
0
1

1
1
1
1
6725
0
2
10
134217728
2000
500
10
1
0
1
0
0
1

1
1
4
2
6730
0
2
10
67108864
1000
1000
1000
1
0
1
0
0
1

1
1
4
1
6757
0
0
9
67108864
3000
50
1
0
1
0
0
1

1
1
8
2
6759
0
1
12
268435456
1000
500
24
1
1
0
1
0
0
1
0
1
1
4
2
6766
0
0
9
268435456
3000
50
1
0
1
0
0
1

1
1
8
2
6769
0
2
10
268435456
2000
100
1
1
0
1
0
0
1

1
1
8
2
6791
0
2
10
268435456
2000
250
5
1
0
1
0
0
1

1
1
2
1
6815
0
1
12
134217728
2000
50
44
1
1
0
1
0
0
1
0
1
1
8
8
6842
0
2
10
67108864
1000
500
1000
1
0
1
0
0
1

1
1
1
1
6858
0
2
10
268435456
3000
50
10
1
0
1
0
0
1

1
1
8
1
6879
0
1
12
268435456
1000
50
68
1
1
0
1
0
0
1
0
1
1
1
1
6904
0
1
12
134217728
4000
250
36
1
1
0
1
0
0
1
0
1
1
8
2
6914
0
1
11
134217728
4000
1000
47
0
1
0
1
0
0
1
1
1
8
8
6936
0
2
10
67108864
3000
50
100
1
0
1
0
0
1

1
1
8
8
6938
0
2
10
134217728
3000
1000
100
1
0
1
0
0
1

1
1
4
1
6953
0
2
10
268435456
2000
500
100
1
0
1
0
0
1

1
1
2
1
6956
0
1
12
134217728
1000
1000
83
1
1
0
1
0
0
1
0
1
1
1
1
6979
0
0
9
268435456
2000
100
1
0
1
0
0
1

1
1
2
2
6990
0
2
10
134217728
1000
1000
10
1
0
1
0
0
1

1
1
8
8
7013
0
0
9
268435456
2000
500
1
0
1
0
0
1

1
1
2
1
7035
0
1
11
134217728
3000
250
61
0
1
0
1
0
0
1
1
1
1
1
7058
0
1
11
67108864
2000
50
88
0
1
0
1
0
0
1
1
1
8
8
7082
0
2
10
134217728
4000
50
5
1
0
1
0
0
1

1
1
2
1
7109
0
1
11
268435456
3000
250
29
0
1
0
1
0
0
1
1
1
1
1
7129
0
0
9
134217728
4000
50
1
0
1
0
0
1

1
1
2
2
7157
0
0
9
67108864
4000
1000
1
0
1
0
0
1

1
1
1
1
7165
0
2
10
67108864
4000
100
1000
1
0
1
0
0
1

1
1
2
2
7180
0
1
12
67108864
1000
1000
5
1
1
0
1
0
0
1
0
1
1
2
2
7195
0
2
10
67108864
2000
250
1000
1
0
1
0
0
1

1
1
2
1
7223
0
0
9
268435456
3000
250
1
0
1
0
0
1

1
1
8
8
7251
0
0
9
67108864
4000
50
1
0
1
0
0
1

1
1
8
8
7281
0
0
9
134217728
3000
50
1
0
1
0
0
1

1
1
1
1
7293
0
1
12
67108864
3000
100
63
1
1
0
1
0
0
1
0
1
1
2
2
7312
0
1
11
134217728
2000
500
13
0
1
0
1
0
0
1
1
1
4
1
7330
0
2
10
67108864
2000
100
10
1
0
1
0
0
1

1
1
8
1
7338
0
2
10
268435456
2000
500
1
1
0
1
0
0
1

1
1
2
1
7342
0
1
11
67108864
3000
50
87
0
1
0
1
0
0
1
1
1
8
4
7353
0
1
12
268435456
3000
500
10
1
1
0
1
0
0
1
0
1
1
4
2
7367
0
1
12
134217728
2000
100
93
1
1
0
1
0
0
1
0
1
1
2
2
7369
0
0
9
268435456
3000
100
1
0
1
0
0
1

1
1
1
1
7381
0
1
12
134217728
3000
500
51
1
1
0
1
0
0
1
0
1
1
8
4
7407
0
2
10
268435456
1000
100
100
1
0
1
0
0
1

1
1
2
1
7418
0
0
9
134217728
1000
1000
1
0
1
0
0
1

1
1
8
1
7445
0
0
9
67108864
3000
50
1
0
1
0
0
1

1
1
8
1
7447
0
1
11
67108864
2000
250
1
0
1
0
1
0
0
1
1
1
2
2
7461
0
0
9
134217728
3000
1000
1
0
1
0
0
1

1
1
1
1
7466
0
2
10
268435456
2000
100
5
1
0
1
0
0
1

1
1
2
1
7481
0
0
9
134217728
3000
250
1
0
1
0
0
1

1
1
4
1
7486
0
0
9
268435456
2000
100
1
0
1
0
0
1

1
1
8
4
7502
0
2
10
268435456
1000
250
1000
1
0
1
0
0
1

1
1
1
1
7518
0
2
10
67108864
3000
250
5
1
0
1
0
0
1

1
1
8
1
7545
0
1
11
268435456
2000
500
28
0
1
0
1
0
0
1
1
1
1
1
7556
0
1
11
268435456
3000
500
19
0
1
0
1
0
0
1
1
1
8
4
7581
0
0
9
67108864
4000
100
1
0
1
0
0
1

1
1
1
1
7584
0
0
9
134217728
2000
250
1
0
1
0
0
1

1
1
2
1
7590
0
1
12
268435456
3000
50
97
1
1
0
1
0
0
1
0
1
1
1
1
7612
0
1
12
67108864
2000
1000
37
1
1
0
1
0
0
1
0
1
1
4
2
7638
0
0
9
268435456
1000
50
1
0
1
0
0
1

1
1
8
4
7646
0
0
9
268435456
2000
500
1
0
1
0
0
1

1
1
8
4
7653
0
2
10
268435456
2000
500
5
1
0
1
0
0
1

1
1
8
2
7668
0
1
11
268435456
1000
500
26
0
1
0
1
0
0
1
1
1
8
2
7685
0
0
9
134217728
3000
50
1
0
1
0
0
1

1
1
8
8
7686
0
2
10
67108864
3000
50
1
1
0
1
0
0
1

1
1
4
1
7700
0
1
11
268435456
1000
100
7
0
1
0
1
0
0
1
1
1
1
1
7705
0
2
10
67108864
2000
250
1
1
0
1
0
0
1

1
1
1
1
7723
0
0
9
67108864
4000
1000
1
0
1
0
0
1

1
1
1
1
7747
0
1
11
134217728
3000
500
40
0
1
0
1
0
0
1
1
1
4
2
7772
0
0
9
67108864
3000
1000
1
0
1
0
0
1

1
1
1
1
7785
0
0
9
268435456
3000
500
1
0
1
0
0
1

1
1
2
1
7801
0
0
9
134217728
2000
500
1
0
1
0
0
1

1
1
2
2
7802
0
1
11
67108864
4000
100
88
0
1
0
1
0
0
1
1
1
1
1
7829
0
1
12
134217728
3000
500
92
1
1
0
1
0
0
1
0
1
1
4
2
7837
0
2
10
134217728
4000
250
10
1
0
1
0
0
1

1
1
1
1
7839
0
2
10
134217728
2000
250
10
1
0
1
0
0
1

1
1
8
4
7849
0
2
10
268435456
3000
500
1000
1
0
1
0
0
1

1
1
4
4
7862
0
0
9
67108864
2000
100
1
0
1
0
0
1

1
1
4
2
7867
0
2
10
134217728
1000
100
100
1
0
1
0
0
1

1
1
1
1
7884
0
1
12
67108864
2000
1000
16
1
1
0
1
0
0
1
0
1
1
4
2
7892
0
2
10
134217728
3000
500
5
1
0
1
0
0
1

1
1
2
2
7920
0
0
9
134217728
1000
100
1
0
1
0
0
1

1
1
8
1
7947
0
2
10
67108864
1000
500
5
1
0
1
0
0
1

1
1
1
1
7970
0
1
12
134217728
4000
1000
28
1
1
0
1
0
0
1
0
1
1
2
1
7980
0
2
10
268435456
2000
500
5
1
0
1
0
0
1

1
1
2
1
8004
0
1
11
268435456
2000
500
35
0
1
0
1
0
0
1
1
1
8
8
8018
0
2
10
67108864
1000
100
1
1
0
1
0
0
1

1
1
2
1
8042
0
0
9
268435456
2000
50
1
0
1
0
0
1

1
1
8
1
8051
0
1
12
268435456
1000
500
0
1
1
0
1
0
0
1
0
1
1
1
1
8078
0
0
9
67108864
1000
50
1
0
1
0
0
1

1
1
2
1
8095
0
0
9
67108864
3000
100
1
0
1
0
0
1

1
1
2
1
8117
0
1
11
134217728
1000
100
1
0
1
0
1
0
0
1
1
1
1
1
8132
0
1
11
67108864
2000
50
28
0
1
0
1
0
0
1
1
1
2
2
8161
0
0
9
67108864
1000
500
1
0
1
0
0
1

1
1
2
2
8173
0
0
9
134217728
1000
500
1
0
1
0
0
1

1
1
2
2
8198
0
0
9
134217728
1000
50
1
0
1
0
0
1

1
1
8
1
8224
0
2
10
268435456
3000
500
100
1
0
1
0
0
1

1
1
8
2
8244
0
0
9
67108864
4000
250
1
0
1
0
0
1

1
1
8
4
8245
0
2
10
268435456
3000
500
1
1
0
1
0
0
1

1
1
8
8
8258
0
2
10
67108864
4000
50
1
1
0
1
0
0
1

1
1
8
8
8285
0
2
10
67108864
2000
250
1000
1
0
1
0
0
1

1
1
4
4
8289
0
0
9
67108864
3000
1000
1
0
1
0
0
1

1
1
2
2
8312
0
1
11
268435456
3000
500
8
0
1
0
1
0
0
1
1
1
4
2
8325
0
2
10
134217728
4000
100
1000
1
0
1
0
0
1

1
1
1
1
8327
0
1
12
134217728
4000
50
30
1
1
0
1
0
0
1
0
1
1
1
1
8347
0
2
10
67108864
3000
1000
1000
1
0
1
0
0
1

1
1
4
2
8363
0
2
10
67108864
2000
100
1
1
0
1
0
0
1

1
1
2
1
8389
0
1
11
67108864
3000
50
57
0
1
0
1
0
0
1
1
1
4
2
8392
0
2
10
268435456
1000
50
1
1
0
1
0
0
1

1
1
4
2
8419
0
1
12
134217728
4000
1000
33
1
1
0
1
0
0
1
0
1
1
2
1
8432
0
1
11
67108864
3000
1000
16
0
1
0
1
0
0
1
1
1
4
1
8444
0
2
10
268435456
2000
50
1
1
0
1
0
0
1

1
1
2
2
8468
0
2
10
134217728
4000
250
1000
1
0
1
0
0
1

1
1
1
1
8498
0
0
9
134217728
3000
250
1
0
1
0
0
1

1
1
8
8
8501
0
0
9
67108864
4000
500
1
0
1
0
0
1

1
1
4
2
8506
0
0
9
268435456
1000
50
1
0
1
0
0
1

1
1
4
4
8526
0
1
12
67108864
3000
50
7
1
1
0
1
0
0
1
0
1
1
4
2
8532
0
0
9
268435456
2000
100
1
0
1
0
0
1

1
1
2
1
8562
0
0
9
67108864
1000
500
1
0
1
0
0
1

1
1
8
2
8581
0
1
12
134217728
4000
1000
5
1
1
0
1
0
0
1
0
1
1
2
1
8593
0
2
10
67108864
1000
1000
1000
1
0
1
0
0
1

1
1
4
2
8614
0
2
10
67108864
4000
250
5
1
0
1
0
0
1

1
1
8
8
8625
0
1
11
67108864
2000
100
83
0
1
0
1
0
0
1
1
1
2
1
8642
0
0
9
134217728
1000
500
1
0
1
0
0
1

1
1
1
1
8650
0
2
10
67108864
2000
250
1000
1
0
1
0
0
1

1
1
2
1
8674
0
0
9
268435456
2000
50
1
0
1
0
0
1

1
1
4
2
8675
0
2
10
268435456
3000
250
5
1
0
1
0
0
1

1
1
4
1
8704
0
2
10
268435456
2000
500
5
1
0
1
0
0
1

1
1
2
1
8725
0
0
9
134217728
4000
1000
1
0
1
0
0
1

1
1
1
1
8727
0
1
12
268435456
1000
100
46
1
1
0
1
0
0
1
0
1
1
1
1
8748
0
2
10
67108864
2000
1000
100
1
0
1
0
0
1

1
1
8
2
8759
0
2
10
268435456
3000
50
100
1
0
1
0
0
1

1
1
1
1
8782
0
2
10
134217728
4000
50
100
1
0
1
0
0
1

1
1
1
1
8802
0
0
9
67108864
3000
50
1
0
1
0
0
1

1
1
8
8
8812
0
1
11
268435456
3000
100
84
0
1
0
1
0
0
1
1
1
2
1
8819
0
1
11
268435456
3000
500
69
0
1
0
1
0
0
1
1
1
2
1
8848
0
1
12
134217728
4000
500
95
1
1
0
1
0
0
1
0
1
1
1
1
8871
0
0
9
134217728
1000
1000
1
0
1
0
0
1

1
1
1
1
8889
0
0
9
67108864
4000
500
1
0
1
0
0
1

1
1
4
4
8903
0
0
9
67108864
4000
1000
1
0
1
0
0
1

1
1
8
1
8912
0
1
12
268435456
2000
500
56
1
1
0
1
0
0
1
0
1
1
4
2
8936
0
0
9
268435456
3000
500
1
0
1
0
0
1

1
1
4
4
8942
0
0
9
67108864
2000
500
1
0
1
0
0
1

1
1
1
1
8945
0
1
11
67108864
3000
100
8
0
1
0
1
0
0
1
1
1
1
1
8973
0
0
9
67108864
2000
100
1
0
1
0
0
1

1
1
4
2
8978
0
0
9
268435456
3000
500
1
0
1
0
0
1

1
1
4
4
8987
0
1
12
67108864
3000
500
72
1
1
0
1
0
0
1
0
1
1
2
1
9009
0
2
10
67108864
4000
250
10
1
0
1
0
0
1

1
1
4
1
9034
0
0
9
67108864
3000
100
1
0
1
0
0
1

1
1
4
2
9055
0
2
10
268435456
3000
500
100
1
0
1
0
0
1

1
1
8
4
9067
0
1
12
268435456
2000
100
34
1
1
0
1
0
0
1
0
1
1
2
1
9077
0
1
12
134217728
4000
1000
85
1
1
0
1
0
0
1
0
1
1
1
1
9097
0
2
10
268435456
1000
500
100
1
0
1
0
0
1

1
1
4
1
9115
0
1
12
134217728
3000
50
4
1
1
0
1
0
0
1
0
1
1
2
2
9134
0
1
12
268435456
3000
50
69
1
1
0
1
0
0
1
0
1
1
1
1
9157
0
2
10
268435456
2000
500
5
1
0
1
0
0
1

1
1
4
4
9175
0
1
11
134217728
1000
1000
87
0
1
0
1
0
0
1
1
1
2
1
9200
0
2
10
134217728
3000
100
5
1
0
1
0
0
1

1
1
1
1
9228
0
1
12
268435456
3000
500
74
1
1
0
1
0
0
1
0
1
1
1
1
9244
0
1
11
67108864
2000
50
67
0
1
0
1
0
0
1
1
1
4
4
9269
0
2
10
268435456
3000
500
5
1
0
1
0
0
1

1
1
4
1
9283
0
2
10
67108864
2000
250
1000
1
0
1
0
0
1

1
1
4
2
9305
0
1
12
134217728
3000
1000
89
1
1
0
1
0
0
1
0
1
1
1
1
9328
0
1
11
134217728
2000
50
60
0
1
0
1
0
0
1
1
1
2
1
9334
0
2
10
268435456
3000
250
1000
1
0
1
0
0
1

1
1
4
4
9356
0
1
11
134217728
4000
1000
54
0
1
0
1
0
0
1
1
1
1
1
9383
0
2
10
67108864
2000
100
10
1
0
1
0
0
1

1
1
4
2
9393
0
0
9
67108864
2000
250
1
0
1
0
0
1

1
1
4
2
9408
0
2
10
67108864
4000
50
10
1
0
1
0
0
1

1
1
2
2
9425
0
0
9
268435456
1000
50
1
0
1
0
0
1

1
1
8
2
9435
0
2
10
67108864
4000
1000
10
1
0
1
0
0
1

1
1
1
1
9464
0
1
12
134217728
4000
1000
65
1
1
0
1
0
0
1
0
1
1
2
2
9480
0
0
9
268435456
1000
100
1
0
1
0
0
1

1
1
8
8
9507
0
0
9
268435456
2000
250
1
0
1
0
0
1

1
1
8
1
9508
0
0
9
67108864
1000
250
1
0
1
0
0
1

1
1
2
1
9517
0
1
12
268435456
3000
500
61
1
1
0
1
0
0
1
0
1
1
8
2
9519
0
2
10
67108864
3000
100
5
1
0
1
0
0
1

1
1
2
1
9532
0
1
12
268435456
2000
100
92
1
1
0
1
0
0
1
0
1
1
2
1
9533
0
1
11
67108864
2000
100
90
0
1
0
1
0
0
1
1
1
1
1
9540
0
2
10
134217728
2000
250
1
1
0
1
0
0
1

1
1
4
4
9559
0
0
9
134217728
3000
500
1
0
1
0
0
1

1
1
1
1
9564
0
2
10
268435456
2000
500
100
1
0
1
0
0
1

1
1
1
1
9586
0
2
10
268435456
1000
500
1000
1
0
1
0
0
1

1
1
4
4
9601
0
0
9
268435456
3000
500
1
0
1
0
0
1

1
1
4
1
9605
0
1
12
268435456
2000
500
37
1
1
0
1
0
0
1
0
1
1
8
1
9619
0
0
9
67108864
3000
250
1
0
1
0
0
1

1
1
2
1
9632
0
2
10
134217728
4000
250
100
1
0
1
0
0
1

1
1
1
1
9633
0
1
12
67108864
2000
500
66
1
1
0
1
0
0
1
0
1
1
8
2
9651
0
0
9
268435456
1000
500
1
0
1
0
0
1

1
1
1
1
9655
0
2
10
67108864
2000
250
1000
1
0
1
0
0
1

1
1
8
2
9679
0
0
9
268435456
2000
250
1
0
1
0
0
1

1
1
8
8
9704
0
2
10
134217728
1000
250
1000
1
0
1
0
0
1

1
1
1
1
9733
0
2
10
268435456
2000
500
1000
1
0
1
0
0
1

1
1
2
1
9740
0
1
12
268435456
3000
500
24
1
1
0
1
0
0
1
0
1
1
4
2
9750
0
0
9
268435456
2000
500
1
0
1
0
0
1

1
1
8
2
9753
0
2
10
268435456
2000
250
1000
1
0
1
0
0
1

1
1
2
1
9757
0
2
10
268435456
3000
500
100
1
0
1
0
0
1

1
1
1
1
9779
0
0
9
67108864
1000
500
1
0
1
0
0
1

1
1
8
1
9780
0
0
9
134217728
3000
500
1
0
1
0
0
1

1
1
4
4
9782
0
2
10
134217728
1000
500
100
1
0
1
0
0
1

1
1
4
2
9806
0
0
9
67108864
2000
100
1
0
1
0
0
1

1
1
2
1
9833
0
2
10
134217728
2000
250
1000
1
0
1
0
0
1

1
1
4
4
9854
0
0
9
268435456
3000
500
1
0
1
0
0
1

1
1
8
4
9862
0
2
10
134217728
1000
100
1
1
0
1
0
0
1

1
1
2
1
9871
0
1
11
67108864
4000
50
87
0
1
0
1
0
0
1
1
1
8
8
9889
0
1
12
268435456
1000
50
19
1
1
0
1
0
0
1
0
1
1
1
1
9903
0
2
10
67108864
4000
500
100
1
0
1
0
0
1

1
1
4
2
9921
0
2
10
268435456
1000
500
1
1
0
1
0
0
1

1
1
1
1
9936
0
2
10
134217728
2000
100
10
1
0
1
0
0
1

1
1
1
1
9961
0
1
12
67108864
1000
100
4
1
1
0
1
0
0
1
0
1
1
1
1
9980
0
2
10
67108864
1000
50
1000
1
0
1
0
0
1

1
1
4
2
9995
0
1
11
134217728
4000
1000
20
0
1
0
1
0
0
1
1
1
8
8
10012
0
1
12
67108864
3000
1000
48
1
1
0
1
0
0
1
0
1
1
1
1
10039
0
2
10
268435456
3000
100
5
1
0
1
0
0
1

1
1
2
1
10046
0
1
11
134217728
4000
250
77
0
1
0
1
0
0
1
1
1
4
2
10076
0
0
9
134217728
1000
100
1
0
1
0
0
1

1
1
8
8
10078
0
1
12
67108864
2000
1000
92
1
1
0
1
0
0
1
0
1
1
1
1
10107
0
0
9
67108864
1000
100
1
0
1
0
0
1

1
1
2
2
10118
0
2
10
134217728
2000
1000
10
1
0
1
0
0
1

1
1
4
4
10145
0
2
10
134217728
2000
1000
10
1
0
1
0
0
1

1
1
2
1
10147
0
1
12
268435456
3000
50
27
1
1
0
1
0
0
1
0
1
1
8
2
10174
0
0
9
67108864
1000
1000
1
0
1
0
0
1

1
1
2
1
10179
0
0
9
268435456
3000
500
1
0
1
0
0
1

1
1
2
1
10197
0
2
10
134217728
2000
50
100
1
0
1
0
0
1

1
1
2
1
10201
0
1
11
67108864
3000
50
28
0
1
0
1
0
0
1
1
1
2
1
10204
0
2
10
268435456
1000
250
1
1
0
1
0
0
1

1
1
4
2
10207
0
0
9
67108864
1000
500
1
0
1
0
0
1

1
1
2
1
10233
0
2
10
134217728
2000
100
1000
1
0
1
0
0
1

1
1
2
1
10247
0
1
11
268435456
3000
500
61
0
1
0
1
0
0
1
1
1
4
1
10256
0
1
12
134217728
3000
50
22
1
1
0
1
0
0
1
0
1
1
8
4
10259
0
0
9
268435456
3000
500
1
0
1
0
0
1

1
1
1
1
10288
0
1
11
134217728
3000
500
93
0
1
0
1
0
0
1
1
1
1
1
10311
0
2
10
67108864
1000
250
5
1
0
1
0
0
1

1
1
1
1
10320
0
0
9
67108864
4000
1000
1
0
1
0
0
1

1
1
4
2
10325
0
1
12
67108864
2000
50
28
1
1
0
1
0
0
1
0
1
1
4
2
10352
0
2
10
134217728
1000
50
5
1
0
1
0
0
1

1
1
8
2
10363
0
0
9
134217728
1000
100
1
0
1
0
0
1

1
1
8
1
10367
0
2
10
67108864
1000
1000
100
1
0
1
0
0
1

1
1
8
8
10370
0
1
12
67108864
3000
1000
78
1
1
0
1
0
0
1
0
1
1
1
1
10380
0
1
11
268435456
3000
50
68
0
1
0
1
0
0
1
1
1
4
4
10402
0
2
10
134217728
1000
1000
5
1
0
1
0
0
1

1
1
4
4
10414
0
1
12
268435456
1000
250
66
1
1
0
1
0
0
1
0
1
1
1
1
10416
0
1
11
67108864
2000
1000
4
0
1
0
1
0
0
1
1
1
8
1
10441
0
2
10
268435456
2000
250
100
1
0
1
0
0
1

1
1
2
1
10469
0
2
10
67108864
2000
250
1
1
0
1
0
0
1

1
1
8
8
10490
0
1
12
67108864
3000
50
15
1
1
0
1
0
0
1
0
1
1
8
4
10501
0
1
11
268435456
2000
500
23
0
1
0
1
0
0
1
1
1
1
1
10513
0
2
10
268435456
1000
100
1000
1
0
1
0
0
1

1
1
2
1
10538
0
2
10
134217728
2000
500
1
1
0
1
0
0
1

1
1
4
1
10542
0
1
12
134217728
1000
250
14
1
1
0
1
0
0
1
0
1
1
8
1
10565
0
2
10
67108864
1000
500
10
1
0
1
0
0
1

1
1
2
1
10575
0
1
12
268435456
1000
250
94
1
1
0
1
0
0
1
0
1
1
2
2
10603
0
0
9
134217728
3000
500
1
0
1
0
0
1

1
1
2
2
10627
0
2
10
67108864
4000
500
5
1
0
1
0
0
1

1
1
2
1
10636
0
0
9
268435456
1000
500
1
0
1
0
0
1

1
1
1
1
10660
0
0
9
268435456
3000
100
1
0
1
0
0
1

1
1
8
8
10681
0
0
9
134217728
4000
100
1
0
1
0
0
1

1
1
8
4
10699
0
0
9
268435456
1000
100
1
0
1
0
0
1

1
1
1
1
10721
0
1
11
67108864
4000
1000
55
0
1
0
1
0
0
1
1
1
4
4
10724
0
0
9
67108864
3000
250
1
0
1
0
0
1

1
1
2
1
10750
0
1
11
134217728
1000
1000
9
0
1
0
1
0
0
1
1
1
4
2
10757
0
0
9
134217728
1000
500
1
0
1
0
0
1

1
1
4
1
10787
0
1
12
67108864
2000
100
86
1
1
0
1
0
0
1
0
1
1
1
1
10812
0
0
9
268435456
2000
500
1
0
1
0
0
1

1
1
1
1
10816
0
0
9
67108864
3000
500
1
0
1
0
0
1

1
1
2
1
10842
0
0
9
268435456
1000
500
1
0
1
0
0
1

1
1
2
1
10847
0
2
10
67108864
1000
500
10
1
0
1
0
0
1

1
1
8
2
10877
0
2
10
67108864
2000
500
10
1
0
1
0
0
1

1
1
8
8
10883
0
1
11
268435456
2000
50
40
0
1
0
1
0
0
1
1
1
4
2
10908
0
2
10
268435456
2000
250
5
1
0
1
0
0
1

1
1
8
8
10924
0
0
9
268435456
3000
500
1
0
1
0
0
1

1
1
4
1
10936
0
2
10
67108864
2000
1000
5
1
0
1
0
0
1

1
1
4
2
10959
0
0
9
67108864
3000
1000
1
0
1
0
0
1

1
1
1
1
10972
0
2
10
67108864
2000
500
1000
1
0
1
0
0
1

1
1
8
8
10975
0
2
10
268435456
1000
500
100
1
0
1
0
0
1

1
1
1
1
10994
0
1
11
67108864
1000
100
5
0
1
0
1
0
0
1
1
1
8
2
11011
0
1
12
67108864
2000
100
67
1
1
0
1
0
0
1
0
1
1
8
8
11022
0
1
12
67108864
4000
500
9
1
1
0
1
0
0
1
0
1
1
4
1
11040
0
1
11
268435456
2000
100
50
0
1
0
1
0
0
1
1
1
8
8
11049
0
1
12
268435456
1000
50
69
1
1
0
1
0
0
1
0
1
1
1
1
11079
0
1
12
134217728
3000
50
47
1
1
0
1
0
0
1
0
1
1
4
4
11103
0
1
11
134217728
4000
500
59
0
1
0
1
0
0
1
1
1
1
1
11110
0
0
9
268435456
1000
250
1
0
1
0
0
1

1
1
4
1
11125
0
1
11
268435456
2000
500
13
0
1
0
1
0
0
1
1
1
2
1
11133
0
1
12
67108864
1000
250
97
1
1
0
1
0
0
1
0
1
1
8
1
11150
0
0
9
67108864
4000
100
1
0
1
0
0
1

1
1
2
2
11160
0
2
10
67108864
3000
100
10
1
0
1
0
0
1

1
1
1
1
11177
0
0
9
134217728
1000
500
1
0
1
0
0
1

1
1
1
1
11181
0
2
10
268435456
2000
500
10
1
0
1
0
0
1

1
1
1
1
11193
0
2
10
134217728
1000
1000
1
1
0
1
0
0
1

1
1
1
1
11215
0
1
12
67108864
3000
50
42
1
1
0
1
0
0
1
0
1
1
4
1
11225
0
0
9
134217728
3000
1000
1
0
1
0
0
1

1
1
1
1
11251
0
0
9
67108864
3000
500
1
0
1
0
0
1

1
1
1
1
11259
0
1
11
134217728
4000
50
39
0
1
0
1
0
0
1
1
1
8
8
11272
0
1
12
67108864
4000
1000
75
1
1
0
1
0
0
1
0
1
1
4
4
11276
0
2
10
134217728
3000
1000
100
1
0
1
0
0
1

1
1
1
1
11297
0
1
12
134217728
2000
50
41
1
1
0
1
0
0
1
0
1
1
2
1
11311
0
2
10
134217728
3000
50
5
1
0
1
0
0
1

1
1
4
4
11337
0
1
11
134217728
1000
100
30
0
1
0
1
0
0
1
1
1
8
4
11349
0
1
12
134217728
1000
500
85
1
1
0
1
0
0
1
0
1
1
8
8
11350
0
0
9
67108864
2000
50
1
0
1
0
0
1

1
1
1
1
11377
0
1
12
134217728
4000
500
45
1
1
0
1
0
0
1
0
1
1
2
1
11400
0
2
10
67108864
4000
250
1
1
0
1
0
0
1

1
1
1
1
11420
0
1
11
268435456
2000
100
3
0
1
0
1
0
0
1
1
1
1
1
11444
0
2
10
134217728
3000
50
1000
1
0
1
0
0
1

1
1
1
1
11457
0
0
9
67108864
1000
1000
1
0
1
0
0
1

1
1
2
1
11461
0
0
9
67108864
2000
50
1
0
1
0
0
1

1
1
2
1
11468
0
0
9
134217728
4000
500
1
0
1
0
0
1

1
1
4
2
11490
0
0
9
67108864
3000
50
1
0
1
0
0
1

1
1
8
2
11516
0
1
11
268435456
3000
250
48
0
1
0
1
0
0
1
1
1
4
4
11538
0
0
9
134217728
3000
500
1
0
1
0
0
1

1
1
8
4
11563
0
0
9
268435456
1000
500
1
0
1
0
0
1

1
1
8
1
11590
0
0
9
268435456
2000
250
1
0
1
0
0
1

1
1
8
4
11602
0
2
10
134217728
1000
50
100
1
0
1
0
0
1

1
1
4
4
11623
0
0
9
134217728
3000
250
1
0
1
0
0
1

1
1
2
2
11628
0
0
9
67108864
4000
50
1
0
1
0
0
1

1
1
4
1
11638
0
2
10
67108864
1000
250
1000
1
0
1
0
0
1

1
1
4
4
11658
0
0
9
67108864
4000
100
1
0
1
0
0
1

1
1
8
1
11678
0
1
12
268435456
3000
100
30
1
1
0
1
0
0
1
0
1
1
2
1
11706
0
2
10
268435456
3000
250
1000
1
0
1
0
0
1

1
1
1
1
11728
0
2
10
134217728
4000
500
5
1
0
1
0
0
1

1
1
2
1
11732
0
1
11
134217728
4000
250
54
0
1
0
1
0
0
1
1
1
1
1
11749
0
2
10
134217728
3000
50
1000
1
0
1
0
0
1

1
1
4
2
11754
0
2
10
134217728
2000
50
100
1
0
1
0
0
1

1
1
8
2
11755
0
0
9
67108864
2000
50
1
0
1
0
0
1

1
1
1
1
11774
0
1
11
134217728
1000
100
49
0
1
0
1
0
0
1
1
1
8
2
11783
0
1
12
268435456
2000
250
18
1
1
0
1
0
0
1
0
1
1
8
4
11802
0
0
9
67108864
2000
50
1
0
1
0
0
1

1
1
8
8
11824
0
2
10
67108864
1000
1000
5
1
0
1
0
0
1

1
1
4
1
11842
0
0
9
268435456
3000
250
1
0
1
0
0
1

1
1
4
1
11854
0
2
10
134217728
4000
500
100
1
0
1
0
0
1

1
1
4
2
11865
0
2
10
268435456
1000
500
1000
1
0
1
0
0
1

1
1
4
2
11878
0
1
12
67108864
2000
1000
18
1
1
0
1
0
0
1
0
1
1
8
8
11880
0
2
10
134217728
1000
1000
5
1
0
1
0
0
1

1
1
2
2
11897
0
1
11
134217728
4000
500
9
0
1
0
1
0
0
1
1
1
4
2
11927
0
2
10
67108864
3000
250
1000
1
0
1
0
0
1

1
1
8
1
11932
0
2
10
134217728
2000
50
5
1
0
1
0
0
1

1
1
4
2
11951
0
1
11
268435456
1000
250
12
0
1
0
1
0
0
1
1
1
1
1
11978
0
0
9
268435456
3000
250
1
0
1
0
0
1

1
1
1
1
11992
0
2
10
134217728
2000
1000
1000
1
0
1
0
0
1

1
1
2
2
12019
0
0
9
67108864
3000
100
1
0
1
0
0
1

1
1
1
1
12028
0
2
10
134217728
2000
250
10
1
0
1
0
0
1

1
1
1
1
12041
0
2
10
67108864
1000
250
100
1
0
1
0
0
1

1
1
1
1
12061
0
2
10
134217728
4000
1000
1000
1
0
1
0
0
1

1
1
1
1
12080
0
1
11
268435456
1000
100
25
0
1
0
1
0
0
1
1
1
8
1
12106
0
2
10
268435456
1000
500
1
1
0
1
0
0
1

1
1
2
1
12135
0
1
12
67108864
3000
250
24
1
1
0
1
0
0
1
0
1
1
8
4
12156
0
2
10
134217728
3000
500
10
1
0
1
0
0
1

1
1
8
1
12168
0
1
11
268435456
1000
250
57
0
1
0
1
0
0
1
1
1
1
1
12174
0
1
11
268435456
2000
50
96
0
1
0
1
0
0
1
1
1
1
1
12178
0
0
9
134217728
4000
50
1
0
1
0
0
1

1
1
4
4
12195
0
2
10
67108864
2000
1000
1
1
0
1
0
0
1

1
1
1
1
12217
0
0
9
134217728
3000
500
1
0
1
0
0
1

1
1
1
1
12227
0
1
11
134217728
4000
50
55
0
1
0
1
0
0
1
1
1
4
1
12232
0
0
9
67108864
3000
1000
1
0
1
0
0
1

1
1
4
4
12254
0
0
9
67108864
4000
250
1
0
1
0
0
1

1
1
8
4
12263
0
0
9
268435456
1000
50
1
0
1
0
0
1

1
1
2
1
12269
0
1
12
67108864
2000
250
60
1
1
0
1
0
0
1
0
1
1
2
1
12292
0
1
12
134217728
2000
250
55
1
1
0
1
0
0
1
0
1
1
1
1
12301
0
1
12
134217728
2000
250
41
1
1
0
1
0
0
1
0
1
1
2
2
12313
0
1
11
268435456
3000
500
22
0
1
0
1
0
0
1
1
1
1
1
12338
0
2
10
134217728
3000
100
100
1
0
1
0
0
1

1
1
4
2
12361
0
0
9
67108864
3000
500
1
0
1
0
0
1

1
1
8
4
12374
0
2
10
67108864
1000
500
10
1
0
1
0
0
1

1
1
8
8
12394
0
2
10
268435456
2000
500
5
1
0
1
0
0
1

1
1
4
2
12409
0
0
9
268435456
2000
100
1
0
1
0
0
1

1
1
8
8
12412
0
1
11
67108864
4000
100
23
0
1
0
1
0
0
1
1
1
2
1
12432
0
0
9
268435456
3000
50
1
0
1
0
0
1

1
1
1
1
12436
0
2
10
134217728
2000
50
10
1
0
1
0
0
1

1
1
2
2
12446
0
2
10
67108864
1000
100
1000
1
0
1
0
0
1

1
1
4
2
12450
0
0
9
268435456
3000
500
1
0
1
0
0
1

1
1
8
8
12461
0
2
10
134217728
3000
1000
1
1
0
1
0
0
1

1
1
2
1
12479
0
0
9
134217728
3000
250
1
0
1
0
0
1

1
1
2
1
12499
0
1
12
67108864
1000
250
82
1
1
0
1
0
0
1
0
1
1
1
1
12529
0
0
9
268435456
3000
500
1
0
1
0
0
1

1
1
4
2
12543
0
0
9
67108864
1000
1000
1
0
1
0
0
1

1
1
8
8
12570
0
1
11
268435456
2000
500
55
0
1
0
1
0
0
1
1
1
2
2
12579
0
0
9
268435456
1000
500
1
0
1
0
0
1

1
1
1
1
12606
0
0
9
134217728
3000
500
1
0
1
0
0
1

1
1
1
1
12608
0
1
11
67108864
3000
250
39
0
1
0
1
0
0
1
1
1
8
2
12624
0
2
10
268435456
1000
250
1000
1
0
1
0
0
1

1
1
4
4
12654
0
1
11
268435456
3000
100
53
0
1
0
1
0
0
1
1
1
2
1
12674
0
0
9
134217728
3000
1000
1
0
1
0
0
1

1
1
4
2
12703
0
1
12
268435456
3000
500
56
1
1
0
1
0
0
1
0
1
1
4
2
12726
0
1
12
134217728
3000
1000
20
1
1
0
1
0
0
1
0
1
1
8
1
12756
0
2
10
268435456
3000
100
5
1
0
1
0
0
1

1
1
4
1
12765
0
2
10
268435456
3000
500
1000
1
0
1
0
0
1

1
1
4
2
12771
0
1
12
67108864
4000
1000
67
1
1
0
1
0
0
1
0
1
1
8
1
12790
0
2
10
134217728
1000
250
5
1
0
1
0
0
1

1
1
4
2
12793
0
2
10
268435456
3000
500
1000
1
0
1
0
0
1

1
1
8
8
12801
0
1
11
268435456
1000
250
75
0
1
0
1
0
0
1
1
1
8
1
12825
0
0
9
134217728
3000
500
1
0
1
0
0
1

1
1
8
4
12828
0
1
12
268435456
3000
500
70
1
1
0
1
0
0
1
0
1
1
1
1
12841
0
1
12
67108864
1000
100
77
1
1
0
1
0
0
1
0
1
1
2
1
12856
0
0
9
134217728
3000
1000
1
0
1
0
0
1

1
1
1
1
12869
0
1
12
134217728
2000
1000
73
1
1
0
1
0
0
1
0
1
1
2
1
12898
0
1
11
67108864
2000
500
69
0
1
0
1
0
0
1
1
1
8
8
12900
0
0
9
134217728
4000
1000
1
0
1
0
0
1

1
1
1
1
12910
0
0
9
67108864
2000
50
1
0
1
0
0
1

1
1
2
1
12926
0
1
12
268435456
1000
50
55
1
1
0
1
0
0
1
0
1
1
8
8
12952
0
1
11
134217728
1000
250
77
0
1
0
1
0
0
1
1
1
2
1
12962
0
0
9
134217728
2000
500
1
0
1
0
0
1

1
1
8
4
12968
0
0
9
134217728
2000
500
1
0
1
0
0
1

1
1
1
1
12980
0
0
9
134217728
1000
250
1
0
1
0
0
1

1
1
1
1
12984
0
2
10
134217728
3000
1000
1000
1
0
1
0
0
1

1
1
8
1
12998
0
0
9
134217728
1000
1000
1
0
1
0
0
1

1
1
8
1
13006
0
2
10
67108864
1000
100
1000
1
0
1
0
0
1

1
1
4
1
13033
0
2
10
268435456
1000
500
1000
1
0
1
0
0
1

1
1
1
1
13062
0
2
10
268435456
2000
100
5
1
0
1
0
0
1

1
1
2
1
13074
0
0
9
134217728
1000
500
1
0
1
0
0
1

1
1
8
8
13097
0
1
11
268435456
3000
250
94
0
1
0
1
0
0
1
1
1
4
2
13103
0
0
9
67108864
3000
1000
1
0
1
0
0
1

1
1
4
2
13106
0
2
10
268435456
3000
250
10
1
0
1
0
0
1

1
1
2
1
13128
0
0
9
268435456
3000
250
1
0
1
0
0
1

1
1
8
8
13156
0
2
10
134217728
2000
1000
10
1
0
1
0
0
1

1
1
2
1
13183
0
2
10
268435456
1000
500
1000
1
0
1
0
0
1

1
1
4
4
13211
0
2
10
268435456
3000
100
5
1
0
1
0
0
1

1
1
2
1
13213
0
0
9
134217728
2000
250
1
0
1
0
0
1

1
1
4
2
13219
0
0
9
134217728
1000
250
1
0
1
0
0
1

1
1
1
1
13245
0
1
11
134217728
4000
100
12
0
1
0
1
0
0
1
1
1
8
4
13270
0
2
10
268435456
2000
500
100
1
0
1
0
0
1

1
1
1
1
13287
0
1
12
268435456
3000
250
68
1
1
0
1
0
0
1
0
1
1
8
4
13317
0
1
12
134217728
2000
1000
66
1
1
0
1
0
0
1
0
1
1
2
1
13330
0
0
9
67108864
4000
100
1
0
1
0
0
1

1
1
4
4
13333
0
1
11
134217728
3000
1000
27
0
1
0
1
0
0
1
1
1
4
2
13356
0
1
12
134217728
1000
1000
68
1
1
0
1
0
0
1
0
1
1
4
4
13368
0
1
12
67108864
1000
100
67
1
1
0
1
0
0
1
0
1
1
1
1
13378
0
0
9
67108864
3000
250
1
0
1
0
0
1

1
1
2
1
13380
0
2
10
268435456
3000
250
100
1
0
1
0
0
1

1
1
4
4
13410
0
0
9
134217728
1000
250
1
0
1
0
0
1

1
1
8
4
13436
0
1
12
67108864
2000
100
80
1
1
0
1
0
0
1
0
1
1
4
1
13447
0
0
9
134217728
4000
50
1
0
1
0
0
1

1
1
1
1
13477
0
0
9
134217728
3000
1000
1
0
1
0
0
1

1
1
4
2
13498
0
2
10
134217728
1000
250
10
1
0
1
0
0
1

1
1
1
1
13507
0
1
11
67108864
4000
250
86
0
1
0
1
0
0
1
1
1
8
8
13523
0
2
10
134217728
3000
100
5
1
0
1
0
0
1

1
1
4
1
13532
0
1
11
134217728
3000
250
65
0
1
0
1
0
0
1
1
1
4
2
13536
0
0
9
67108864
4000
250
1
0
1
0
0
1

1
1
4
2
13553
0
2
10
67108864
4000
250
5
1
0
1
0
0
1

1
1
4
1
13571
0
0
9
67108864
3000
250
1
0
1
0
0
1

1
1
1
1
13601
0
0
9
134217728
3000
1000
1
0
1
0
0
1

1
1
4
4
13629
0
2
10
134217728
1000
50
1000
1
0
1
0
0
1

1
1
4
2
13636
0
2
10
268435456
2000
500
10
1
0
1
0
0
1

1
1
1
1
13654
0
2
10
134217728
1000
100
1000
1
0
1
0
0
1

1
1
2
1
13681
0
2
10
134217728
2000
100
5
1
0
1
0
0
1

1
1
1
1
13697
0
2
10
268435456
1000
500
1
1
0
1
0
0
1

1
1
8
8
13705
0
2
10
268435456
1000
50
100
1
0
1
0
0
1

1
1
8
1
13725
0
2
10
67108864
3000
250
5
1
0
1
0
0
1

1
1
2
1
13743
0
2
10
67108864
3000
250
100
1
0
1
0
0
1

1
1
8
8
13755
0
2
10
268435456
3000
500
1
1
0
1
0
0
1

1
1
4
2
13764
0
2
10
134217728
4000
250
10
1
0
1
0
0
1

1
1
8
4
13766
0
2
10
67108864
3000
1000
10
1
0
1
0
0
1

1
1
4
2
13795
0
2
10
268435456
2000
250
5
1
0
1
0
0
1

1
1
1
1
13814
0
2
10
134217728
1000
500
1
1
0
1
0
0
1

1
1
4
1
13835
0
2
10
134217728
1000
50
1
1
0
1
0
0
1

1
1
1
1
13858
0
2
10
134217728
3000
250
10
1
0
1
0
0
1

1
1
1
1
13862
0
2
10
134217728
4000
50
5
1
0
1
0
0
1

1
1
2
1
13866
0
2
10
134217728
1000
250
1
1
0
1
0
0
1

1
1
2
1
13885
0
2
10
67108864
3000
100
10
1
0
1
0
0
1

1
1
4
1
13905
0
2
10
268435456
3000
250
1000
1
0
1
0
0
1

1
1
8
1
13926
0
2
10
67108864
2000
100
1000
1
0
1
0
0
1

1
1
4
4
13938
0
2
10
67108864
4000
250
100
1
0
1
0
0
1

1
1
2
1
13950
0
2
10
134217728
1000
50
10
1
0
1
0
0
1

1
1
1
1
13957
0
2
10
268435456
1000
500
1000
1
0
1
0
0
1

1
1
4
2
13976
0
2
10
67108864
1000
1000
1000
1
0
1
0
0
1

1
1
2
1
14006
0
2
10
268435456
2000
500
1
1
0
1
0
0
1

1
1
2
2
14036
0
2
10
134217728
1000
250
100
1
0
1
0
0
1

1
1
4
2
14054
0
2
10
134217728
4000
250
1000
1
0
1
0
0
1

1
1
1
1
14076
0
2
10
134217728
2000
1000
1000
1
0
1
0
0
1

1
1
1
1
14101
0
2
10
67108864
2000
100
5
1
0
1
0
0
1

1
1
2
1
14106
0
2
10
268435456
3000
500
1000
1
0
1
0
0
1

1
1
2
1
14119
0
2
10
268435456
2000
100
1
1
0
1
0
0
1

1
1
2
1
14148
0
2
10
67108864
2000
1000
5
1
0
1
0
0
1

1
1
1
1
14152
0
2
10
268435456
3000
500
10
1
0
1
0
0
1

1
1
8
2
14176
0
2
10
134217728
3000
500
10
1
0
1
0
0
1

1
1
1
1
14181
0
2
10
134217728
4000
50
1000
1
0
1
0
0
1

1
1
4
2
14204
0
2
10
268435456
1000
500
10
1
0
1
0
0
1

1
1
2
2
14233
0
2
10
67108864
3000
50
10
1
0
1
0
0
1

1
1
1
1
14246
0
2
10
67108864
3000
500
1
1
0
1
0
0
1

1
1
8
4
14251
0
2
10
67108864
2000
250
100
1
0
1
0
0
1

1
1
2
1
14260
0
2
10
134217728
1000
50
1
1
0
1
0
0
1

1
1
4
1
14269
0
2
10
134217728
3000
50
1
1
0
1
0
0
1

1
1
2
1
14288
0
2
10
67108864
4000
1000
5
1
0
1
0
0
1

1
1
8
4
14318
0
2
10
268435456
3000
250
10
1
0
1
0
0
1

1
1
4
2
14335
0
2
10
67108864
4000
50
100
1
0
1
0
0
1

1
1
4
4
14354
0
2
10
134217728
3000
250
1000
1
0
1
0
0
1

1
1
8
2
14368
0
2
10
134217728
4000
1000
1
1
0
1
0
0
1

1
1
2
1
14369
0
2
10
134217728
4000
1000
10
1
0
1
0
0
1

1
1
1
1
14370
0
2
10
134217728
4000
500
100
1
0
1
0
0
1

1
1
2
1
14399
0
2
10
268435456
1000
500
10
1
0
1
0
0
1

1
1
2
2
14412
0
2
10
134217728
3000
500
1000
1
0
1
0
0
1

1
1
8
4
14441
0
2
10
268435456
2000
100
1
1
0
1
0
0
1

1
1
4
1
14464
0
2
10
134217728
2000
100
1
1
0
1
0
0
1

1
1
2
1
14490
0
2
10
67108864
2000
250
1
1
0
1
0
0
1

1
1
4
2
14507
0
2
10
134217728
4000
50
100
1
0
1
0
0
1

1
1
2
2
14532
0
2
10
67108864
4000
50
1
1
0
1
0
0
1

1
1
4
2
14549
0
2
10
268435456
3000
50
100
1
0
1
0
0
1

1
1
4
2
14550
0
2
10
268435456
1000
100
10
1
0
1
0
0
1

1
1
2
1
14568
0
2
10
134217728
2000
250
10
1
0
1
0
0
1

1
1
8
4
14590
0
2
10
67108864
4000
1000
10
1
0
1
0
0
1

1
1
4
4
14599
0
2
10
134217728
1000
1000
5
1
0
1
0
0
1

1
1
2
1
14617
0
2
10
67108864
2000
500
100
1
0
1
0
0
1

1
1
4
2
14626
0
2
10
134217728
1000
1000
10
1
0
1
0
0
1

1
1
1
1
14639
0
2
10
67108864
4000
250
1
1
0
1
0
0
1

1
1
4
2
14643
0
2
10
268435456
2000
500
1000
1
0
1
0
0
1

1
1
1
1
14648
0
2
10
134217728
1000
1000
10
1
0
1
0
0
1

1
1
8
8
14664
0
2
10
67108864
2000
100
10
1
0
1
0
0
1

1
1
1
1
14687
0
2
10
134217728
4000
1000
1000
1
0
1
0
0
1

1
1
2
2
14702
0
2
10
67108864
1000
1000
5
1
0
1
0
0
1

1
1
4
2
14728
0
2
10
67108864
2000
100
100
1
0
1
0
0
1

1
1
1
1
14737
0
2
10
268435456
3000
500
10
1
0
1
0
0
1

1
1
8
1
14766
0
2
10
134217728
3000
500
5
1
0
1
0
0
1

1
1
1
1
14795
0
2
10
67108864
3000
1000
1
1
0
1
0
0
1

1
1
4
2
14811
0
2
10
268435456
3000
500
5
1
0
1
0
0
1

1
1
4
2
14829
0
2
10
268435456
3000
50
1
1
0
1
0
0
1

1
1
2
1
14834
0
2
10
268435456
3000
250
1000
1
0
1
0
0
1

1
1
2
1
14860
0
2
10
134217728
2000
100
1
1
0
1
0
0
1

1
1
1
1
14889
0
2
10
67108864
2000
100
1000
1
0
1
0
0
1

1
1
2
1
14890
0
2
10
134217728
4000
100
1000
1
0
1
0
0
1

1
1
2
2
14902
0
2
10
268435456
3000
50
1
1
0
1
0
0
1

1
1
8
8
14923
0
2
10
67108864
3000
100
1000
1
0
1
0
0
1

1
1
1
1
14925
0
2
10
67108864
4000
500
100
1
0
1
0
0
1

1
1
2
1
14943
0
2
10
67108864
3000
1000
10
1
0
1
0
0
1

1
1
1
1
14956
0
2
10
134217728
1000
500
5
1
0
1
0
0
1

1
1
2
1
14974
0
2
10
67108864
3000
100
100
1
0
1
0
0
1

1
1
4
2
14984
0
2
10
134217728
4000
500
10
1
0
1
0
0
1

1
1
4
1
15014
0
2
10
67108864
1000
1000
1
1
0
1
0
0
1

1
1
4
2
15025
0
2
10
268435456
2000
500
10
1
0
1
0
0
1

1
1
8
1
15041
0
2
10
134217728
1000
250
1000
1
0
1
0
0
1

1
1
8
2
15058
0
2
10
268435456
3000
50
1
1
0
1
0
0
1

1
1
4
2
15060
0
2
10
268435456
3000
100
10
1
0
1
0
0
1

1
1
8
4
15087
0
2
10
268435456
2000
250
100
1
0
1
0
0
1

1
1
8
1
15102
0
2
10
268435456
1000
250
1000
1
0
1
0
0
1

1
1
4
1
15118
0
2
10
268435456
1000
250
5
1
0
1
0
0
1

1
1
4
2
15135
0
2
10
134217728
2000
1000
10
1
0
1
0
0
1

1
1
8
2
15154
0
2
10
134217728
3000
50
10
1
0
1
0
0
1

1
1
2
1
15177
0
2
10
268435456
3000
500
100
1
0
1
0
0
1

1
1
1
1
15188
0
2
10
268435456
3000
250
10
1
0
1
0
0
1

1
1
1
1
15212
0
2
10
134217728
2000
1000
10
1
0
1
0
0
1

1
1
2
1
15221
0
2
10
67108864
1000
250
10
1
0
1
0
0
1

1
1
2
2
15251
0
2
10
67108864
1000
1000
100
1
0
1
0
0
1

1
1
1
1
15275
0
2
10
268435456
1000
250
5
1
0
1
0
0
1

1
1
1
1
15278
0
2
10
134217728
2000
250
100
1
0
1
0
0
1

1
1
2
1
15283
0
2
10
134217728
2000
1000
1000
1
0
1
0
0
1

1
1
1
1
15285
0
2
10
268435456
3000
500
5
1
0
1
0
0
1

1
1
8
2
15298
0
2
10
67108864
1000
250
1000
1
0
1
0
0
1

1
1
1
1
15323
0
2
10
268435456
1000
250
100
1
0
1
0
0
1

1
1
8
8
15324
0
2
10
134217728
1000
50
100
1
0
1
0
0
1

1
1
2
1
15342
0
2
10
67108864
1000
500
10
1
0
1
0
0
1

1
1
2
1
15352
0
2
10
268435456
2000
500
100
1
0
1
0
0
1

1
1
1
1
15377
0
2
10
67108864
3000
100
1000
1
0
1
0
0
1

1
1
8
1
15378
0
2
10
67108864
1000
500
100
1
0
1
0
0
1

1
1
1
1
15387
0
2
10
268435456
3000
500
5
1
0
1
0
0
1

1
1
8
2
15410
0
2
10
268435456
2000
250
5
1
0
1
0
0
1

1
1
2
2
15431
0
2
10
134217728
4000
50
1
1
0
1
0
0
1

1
1
4
1
15443
0
2
10
134217728
2000
250
1000
1
0
1
0
0
1

1
1
2
1
15452
0
2
10
67108864
3000
100
1
1
0
1
0
0
1

1
1
1
1
15467
0
2
10
268435456
3000
500
10
1
0
1
0
0
1

1
1
4
2
15482
0
2
10
268435456
1000
100
100
1
0
1
0
0
1

1
1
1
1
15497
0
2
10
67108864
1000
100
10
1
0
1
0
0
1

1
1
8
2
15512
0
2
10
67108864
1000
100
10
1
0
1
0
0
1

1
1
4
2
15537
0
2
10
268435456
2000
100
1000
1
0
1
0
0
1

1
1
2
1
15538
0
2
10
268435456
3000
250
1
1
0
1
0
0
1

1
1
2
1
15554
0
2
10
268435456
3000
500
100
1
0
1
0
0
1

1
1
2
1
15558
0
2
10
268435456
2000
50
5
1
0
1
0
0
1

1
1
1
1
15573
0
2
10
134217728
1000
100
1
1
0
1
0
0
1

1
1
1
1
15574
0
2
10
67108864
2000
50
1
1
0
1
0
0
1

1
1
2
1
15587
0
2
10
268435456
1000
250
5
1
0
1
0
0
1

1
1
2
2
15599
0
2
10
134217728
2000
250
100
1
0
1
0
0
1

1
1
4
2
15629
0
2
10
134217728
4000
250
1
1
0
1
0
0
1

1
1
8
8
15641
0
2
10
268435456
3000
500
10
1
0
1
0
0
1

1
1
1
1
15644
0
2
10
67108864
1000
250
1000
1
0
1
0
0
1

1
1
2
2
15654
0
2
10
268435456
3000
500
100
1
0
1
0
0
1

1
1
1
1
15660
0
2
10
134217728
4000
1000
5
1
0
1
0
0
1

1
1
8
2
15661
0
2
10
134217728
1000
500
1
1
0
1
0
0
1

1
1
2
2
15664
0
2
10
67108864
3000
50
5
1
0
1
0
0
1

1
1
1
1
15689
0
2
10
67108864
1000
100
5
1
0
1
0
0
1

1
1
4
2
15711
0
2
10
134217728
1000
250
100
1
0
1
0
0
1

1
1
8
4
15723
0
2
10
67108864
3000
500
1
1
0
1
0
0
1

1
1
4
1
15753
0
2
10
134217728
1000
100
100
1
0
1
0
0
1

1
1
4
2
15758
0
2
10
67108864
3000
500
5
1
0
1
0
0
1

1
1
1
1
15769
0
2
10
268435456
2000
500
5
1
0
1
0
0
1

1
1
4
1
15788
0
2
10
67108864
1000
50
10
1
0
1
0
0
1

1
1
8
4
15795
0
2
10
134217728
1000
100
1
1
0
1
0
0
1

1
1
2
2
15808
0
2
10
134217728
4000
50
10
1
0
1
0
0
1

1
1
1
1
15830
0
2
10
67108864
3000
250
5
1
0
1
0
0
1

1
1
1
1
15852
0
2
10
268435456
1000
250
10
1
0
1
0
0
1

1
1
1
1
15870
0
2
10
67108864
1000
1000
10
1
0
1
0
0
1

1
1
8
1
15900
0
2
10
134217728
2000
500
5
1
0
1
0
0
1

1
1
4
2
15915
0
2
10
67108864
2000
500
1
1
0
1
0
0
1

1
1
2
1
15916
0
2
10
134217728
3000
250
1
1
0
1
0
0
1

1
1
2
2
15927
0
2
10
268435456
1000
500
10
1
0
1
0
0
1

1
1
4
4
15952
0
2
10
67108864
4000
100
10
1
0
1
0
0
1

1
1
1
1
15982
0
2
10
67108864
1000
100
100
1
0
1
0
0
1

1
1
4
2
16009
0
2
10
67108864
4000
500
1
1
0
1
0
0
1

1
1
2
1
16014
0
2
10
268435456
3000
250
10
1
0
1
0
0
1

1
1
1
1
16031
0
2
10
134217728
3000
500
100
1
0
1
0
0
1

1
1
4
1
16035
0
2
10
134217728
4000
500
100
1
0
1
0
0
1

1
1
2
1
16052
0
2
10
268435456
1000
500
100
1
0
1
0
0
1

1
1
2
2
16081
0
2
10
268435456
2000
500
10
1
0
1
0
0
1

1
1
8
2
16086
0
2
10
67108864
1000
500
10
1
0
1
0
0
1

1
1
1
1
16110
0
2
10
268435456
2000
500
100
1
0
1
0
0
1

1
1
1
1
16123
0
2
10
134217728
3000
100
5
1
0
1
0
0
1

1
1
8
8
16126
0
2
10
134217728
4000
250
5
1
0
1
0
0
1

1
1
1
1
16145
0
2
10
67108864
4000
50
100
1
0
1
0
0
1

1
1
4
4
16168
0
2
10
67108864
4000
500
100
1
0
1
0
0
1

1
1
4
2
16178
0
2
10
67108864
2000
100
1
1
0
1
0
0
1

1
1
2
2
16194
0
2
10
134217728
3000
250
5
1
0
1
0
0
1

1
1
1
1
16198
0
2
10
134217728
1000
50
1
1
0
1
0
0
1

1
1
8
2
16206
0
2
10
134217728
3000
250
100
1
0
1
0
0
1

1
1
2
2
16235
0
2
10
67108864
3000
500
10
1
0
1
0
0
1

1
1
4
2
16244
0
2
10
134217728
4000
100
10
1
0
1
0
0
1

1
1
1
1
16266
0
2
10
268435456
3000
100
100
1
0
1
0
0
1

1
1
4
4
16280
0
2
10
268435456
2000
250
100
1
0
1
0
0
1

1
1
8
1
16303
0
2
10
67108864
4000
100
100
1
0
1
0
0
1

1
1
1
1
16313
0
2
10
67108864
4000
500
5
1
0
1
0
0
1

1
1
1
1
16317
0
2
10
268435456
3000
250
10
1
0
1
0
0
1

1
1
2
2
16330
0
2
10
268435456
1000
100
5
1
0
1
0
0
1

1
1
1
1
16342
0
2
10
134217728
2000
1000
10
1
0
1
0
0
1

1
1
2
1
16361
0
2
10
67108864
1000
50
100
1
0
1
0
0
1

1
1
2
1
16368
0
2
10
134217728
2000
500
100
1
0
1
0
0
1

1
1
1
1
16375
0
2
10
268435456
3000
100
5
1
0
1
0
0
1

1
1
8
1
16381
0
2
10
67108864
2000
100
1
1
0
1
0
0
1

1
1
8
8
16394
0
2
10
268435456
3000
500
10
1
0
1
0
0
1

1
1
1
1
16411
0
2
10
67108864
2000
250
100
1
0
1
0
0
1

1
1
2
1
16419
0
2
10
268435456
2000
100
10
1
0
1
0
0
1

1
1
1
1
16449
0
2
10
134217728
4000
250
5
1
0
1
0
0
1

1
1
8
8
16454
0
2
10
134217728
4000
500
1000
1
0
1
0
0
1

1
1
8
8
16471
0
2
10
67108864
1000
1000
10
1
0
1
0
0
1

1
1
1
1
16497
0
2
10
67108864
2000
1000
100
1
0
1
0
0
1

1
1
2
1
16512
0
2
10
67108864
3000
100
10
1
0
1
0
0
1

1
1
4
2
16542
0
2
10
268435456
1000
500
1000
1
0
1
0
0
1

1
1
8
2
16549
0
2
10
67108864
3000
250
10
1
0
1
0
0
1

1
1
8
2
16577
0
2
10
268435456
2000
500
5
1
0
1
0
0
1

1
1
2
1
16587
0
2
10
134217728
1000
1000
1000
1
0
1
0
0
1

1
1
1
1
16613
0
2
10
134217728
2000
500
5
1
0
1
0
0
1

1
1
1
1
16615
0
2
10
67108864
1000
250
5
1
0
1
0
0
1

1
1
8
4
16636
0
2
10
268435456
2000
500
5
1
0
1
0
0
1

1
1
2
1
16659
0
2
10
268435456
2000
500
1000
1
0
1
0
0
1

1
1
2
1
16666
0
2
10
268435456
3000
250
10
1
0
1
0
0
1

1
1
2
2
16677
0
2
10
268435456
1000
50
1000
1
0
1
0
0
1

1
1
2
1
16685
0
2
10
67108864
3000
500
100
1
0
1
0
0
1

1
1
2
1
16689
0
2
10
67108864
3000
250
1
1
0
1
0
0
1

1
1
4
4
16705
0
2
10
67108864
1000
250
1
1
0
1
0
0
1

1
1
8
4
16710
0
2
10
134217728
2000
50
100
1
0
1
0
0
1

1
1
1
1
16723
0
2
10
134217728
3000
100
100
1
0
1
0
0
1

1
1
4
2
16727
0
2
10
67108864
4000
250
5
1
0
1
0
0
1

1
1
4
4
16730
0
2
10
134217728
1000
500
100
1
0
1
0
0
1

1
1
8
2
16758
0
2
10
67108864
2000
1000
10
1
0
1
0
0
1

1
1
2
1
16763
0
2
10
67108864
3000
250
5
1
0
1
0
0
1

1
1
8
2
16778
0
2
10
67108864
2000
50
1000
1
0
1
0
0
1

1
1
8
2
16805
0
2
10
67108864
4000
1000
100
1
0
1
0
0
1

1
1
8
4
16814
0
2
10
268435456
3000
500
10
1
0
1
0
0
1

1
1
4
4
16838
0
2
10
268435456
3000
100
1000
1
0
1
0
0
1

1
1
2
1
16847
0
2
10
134217728
4000
1000
100
1
0
1
0
0
1

1
1
4
2
16856
0
2
10
134217728
3000
500
5
1
0
1
0
0
1

1
1
1
1
16878
0
2
10
268435456
1000
50
1
1
0
1
0
0
1

1
1
4
4
16888
0
2
10
67108864
4000
100
10
1
0
1
0
0
1

1
1
4
1
16902
0
2
10
268435456
1000
100
100
1
0
1
0
0
1

1
1
8
1
16920
0
2
10
268435456
3000
500
100
1
0
1
0
0
1

1
1
4
4
16944
0
2
10
134217728
4000
50
5
1
0
1
0
0
1

1
1
4
2
16946
0
2
10
134217728
4000
50
100
1
0
1
0
0
1

1
1
8
4
16960
0
2
10
268435456
1000
250
1
1
0
1
0
0
1

1
1
2
1
16988
0
2
10
268435456
2000
250
5
1
0
1
0
0
1

1
1
2
1
17017
0
2
10
268435456
1000
100
1
1
0
1
0
0
1

1
1
2
2
17047
0
2
10
268435456
2000
500
10
1
0
1
0
0
1

1
1
4
2
17062
0
2
10
67108864
2000
100
100
1
0
1
0
0
1

1
1
2
2
17071
0
2
10
134217728
1000
100
10
1
0
1
0
0
1

1
1
8
4
17094
0
2
10
134217728
3000
500
1
1
0
1
0
0
1

1
1
8
4
17100
0
2
10
134217728
3000
1000
1000
1
0
1
0
0
1

1
1
2
1
17124
0
2
10
268435456
1000
250
1
1
0
1
0
0
1

1
1
2
1
17145
0
2
10
67108864
3000
1000
1000
1
0
1
0
0
1

1
1
8
1
17166
0
2
10
67108864
2000
500
100
1
0
1
0
0
1

1
1
1
1
17177
0
2
10
268435456
3000
100
10
1
0
1
0
0
1

1
1
2
1
17186
0
2
10
268435456
2000
100
1
1
0
1
0
0
1

1
1
1
1
17192
0
2
10
134217728
3000
1000
5
1
0
1
0
0
1

1
1
4
1
17203
0
2
10
67108864
3000
100
10
1
0
1
0
0
1

1
1
1
1
17214
0
2
10
134217728
1000
250
100
1
0
1
0
0
1

1
1
2
1
17215
0
2
10
268435456
1000
250
1
1
0
1
0
0
1

1
1
2
1
17244
0
2
10
268435456
1000
50
1
1
0
1
0
0
1

1
1
8
4
17245
0
2
10
268435456
2000
50
100
1
0
1
0
0
1

1
1
2
1
17267
0
2
10
268435456
1000
500
100
1
0
1
0
0
1

1
1
4
2
17281
0
2
10
134217728
2000
500
1000
1
0
1
0
0
1

1
1
4
2
17304
0
2
10
134217728
3000
50
10
1
0
1
0
0
1

1
1
1
1
17318
0
2
10
67108864
4000
500
1000
1
0
1
0
0
1

1
1
8
2
17339
0
2
10
268435456
2000
500
1
1
0
1
0
0
1

1
1
1
1
17354
0
2
10
268435456
2000
500
100
1
0
1
0
0
1

1
1
8
1
17376
0
2
10
268435456
3000
500
5
1
0
1
0
0
1

1
1
1
1
17384
0
2
10
268435456
3000
50
1
1
0
1
0
0
1

1
1
4
1
17392
0
2
10
268435456
3000
250
5
1
0
1
0
0
1

1
1
1
1
17411
0
2
10
67108864
1000
1000
10
1
0
1
0
0
1

1
1
2
2
17424
0
2
10
134217728
3000
250
100
1
0
1
0
0
1

1
1
1
1
17432
0
2
10
67108864
4000
1000
1
1
0
1
0
0
1

1
1
8
2
17460
0
2
10
134217728
3000
500
1000
1
0
1
0
0
1

1
1
1
1
17472
0
2
10
268435456
3000
500
5
1
0
1
0
0
1

1
1
1
1
17501
0
2
10
67108864
2000
1000
1000
1
0
1
0
0
1

1
1
8
2
17526
0
2
10
67108864
3000
1000
5
1
0
1
0
0
1

1
1
8
1
17530
0
2
10
268435456
3000
50
100
1
0
1
0
0
1

1
1
4
2
17553
0
2
10
134217728
1000
1000
1000
1
0
1
0
0
1

1
1
1
1
17566
0
2
10
134217728
1000
1000
1
1
0
1
0
0
1

1
1
8
1
17575
0
2
10
67108864
1000
1000
100
1
0
1
0
0
1

1
1
1
1
17599
0
2
10
134217728
1000
250
10
1
0
1
0
0
1

1
1
1
1
17619
0
2
10
67108864
4000
100
1
1
0
1
0
0
1

1
1
1
1
17627
0
2
10
67108864
4000
1000
5
1
0
1
0
0
1

1
1
4
4
17632
0
2
10
268435456
2000
50
5
1
0
1
0
0
1

1
1
8
4
17659
0
2
10
134217728
1000
250
1
1
0
1
0
0
1

1
1
4
2
17666
0
2
10
67108864
4000
1000
1
1
0
1
0
0
1

1
1
8
4
17676
0
2
10
268435456
1000
50
5
1
0
1
0
0
1

1
1
1
1
17689
0
2
10
268435456
3000
100
10
1
0
1
0
0
1

1
1
1
1
17703
0
2
10
67108864
1000
500
10
1
0
1
0
0
1

1
1
1
1
17711
0
2
10
67108864
1000
250
1000
1
0
1
0
0
1

1
1
1
1
17718
0
2
10
134217728
2000
100
1
1
0
1
0
0
1

1
1
2
1
17745
0
2
10
134217728
4000
50
1
1
0
1
0
0
1

1
1
2
1
17752
0
2
10
67108864
2000
250
10
1
0
1
0
0
1

1
1
2
1
17756
0
2
10
67108864
1000
500
5
1
0
1
0
0
1

1
1
1
1
17779
0
2
10
268435456
3000
50
1000
1
0
1
0
0
1

1
1
4
1
17789
0
2
10
134217728
4000
500
1000
1
0
1
0
0
1

1
1
4
4
17806
0
2
10
134217728
4000
100
10
1
0
1
0
0
1

1
1
4
2
17815
0
2
10
67108864
1000
250
10
1
0
1
0
0
1

1
1
8
1
17838
0
2
10
268435456
2000
50
100
1
0
1
0
0
1

1
1
1
1
17844
0
2
10
268435456
3000
500
10
1
0
1
0
0
1

1
1
8
4
17866
0
2
10
268435456
2000
250
1
1
0
1
0
0
1

1
1
1
1
17877
0
2
10
268435456
1000
50
100
1
0
1
0
0
1

1
1
1
1
17899
0
2
10
134217728
3000
500
1000
1
0
1
0
0
1

1
1
2
1
17913
0
2
10
134217728
3000
50
10
1
0
1
0
0
1

1
1
4
4
17924
0
2
10
268435456
3000
500
1000
1
0
1
0
0
1

1
1
8
1
17925
0
2
10
67108864
2000
1000
100
1
0
1
0
0
1

1
1
1
1
17950
0
2
10
67108864
1000
250
10
1
0
1
0
0
1

1
1
4
1
17958
0
2
10
67108864
2000
50
1000
1
0
1
0
0
1

1
1
8
1
17983
0
2
10
134217728
3000
50
1
1
0
1
0
0
1

1
1
4
4
17986
0
2
10
67108864
2000
500
5
1
0
1
0
0
1

1
1
2
1
17998
0
2
10
67108864
1000
50
1
1
0
1
0
0
1

1
1
8
2
18002
0
2
10
67108864
1000
1000
1
1
0
1
0
0
1

1
1
2
2
18022
0
2
10
134217728
3000
1000
10
1
0
1
0
0
1

1
1
2
2
18037
0
2
10
268435456
2000
500
1000
1
0
1
0
0
1

1
1
2
2
18059
0
2
10
134217728
2000
100
1000
1
0
1
0
0
1

1
1
8
1
18063
0
2
10
134217728
1000
100
10
1
0
1
0
0
1

1
1
1
1
18090
0
2
10
268435456
3000
500
1
1
0
1
0
0
1

1
1
4
4
18109
0
2
10
134217728
3000
50
1000
1
0
1
0
0
1

1
1
8
8
18121
0
2
10
134217728
1000
250
100
1
0
1
0
0
1

1
1
4
4
18131
0
2
10
134217728
2000
1000
100
1
0
1
0
0
1

1
1
8
1
18139
0
2
10
134217728
2000
250
5
1
0
1
0
0
1

1
1
8
2
18144
0
2
10
67108864
3000
500
10
1
0
1
0
0
1

1
1
4
1
18151
0
2
10
67108864
3000
250
1000
1
0
1
0
0
1

1
1
4
1
18177
0
2
10
134217728
1000
500
5
1
0
1
0
0
1

1
1
1
1
18191
0
2
10
67108864
2000
250
10
1
0
1
0
0
1

1
1
4
1
18202
0
2
10
134217728
4000
100
5
1
0
1
0
0
1

1
1
2
2
18213
0
2
10
67108864
3000
50
100
1
0
1
0
0
1

1
1
2
1
18227
0
2
10
268435456
3000
100
5
1
0
1
0
0
1

1
1
4
4
18244
0
2
10
268435456
1000
500
10
1
0
1
0
0
1

1
1
4
2
18270
0
2
10
67108864
4000
50
5
1
0
1
0
0
1

1
1
8
4
18282
0
2
10
268435456
2000
50
5
1
0
1
0
0
1

1
1
8
4
18302
0
2
10
134217728
2000
1000
10
1
0
1
0
0
1

1
1
4
2
18309
0
2
10
134217728
3000
50
10
1
0
1
0
0
1

1
1
2
2
18332
0
2
10
268435456
1000
50
10
1
0
1
0
0
1

1
1
1
1
18361
0
2
10
134217728
3000
50
10
1
0
1
0
0
1

1
1
8
2
18381
0
2
10
268435456
1000
500
10
1
0
1
0
0
1

1
1
1
1
18392
0
2
10
134217728
3000
250
10
1
0
1
0
0
1

1
1
4
4
18402
0
2
10
268435456
3000
250
10
1
0
1
0
0
1

1
1
2
1
18405
0
2
10
268435456
3000
100
1
1
0
1
0
0
1

1
1
8
1
18407
0
2
10
134217728
3000
250
100
1
0
1
0
0
1

1
1
4
1
18413
0
2
10
268435456
3000
500
1000
1
0
1
0
0
1

1
1
1
1
18424
0
2
10
134217728
4000
50
1000
1
0
1
0
0
1

1
1
1
1
18436
0
2
10
268435456
2000
50
10
1
0
1
0
0
1

1
1
4
2
18439
0
2
10
268435456
2000
100
10
1
0
1
0
0
1

1
1
4
4
18456
0
2
10
268435456
3000
50
1
1
0
1
0
0
1

1
1
4
2
18472
0
2
10
134217728
3000
1000
10
1
0
1
0
0
1

1
1
1
1
18478
0
2
10
67108864
3000
500
1000
1
0
1
0
0
1

1
1
2
2
18487
0
2
10
67108864
3000
250
5
1
0
1
0
0
1

1
1
8
4
18502
0
2
10
134217728
2000
100
1
1
0
1
0
0
1

1
1
4
4
18511
0
2
10
134217728
1000
100
10
1
0
1
0
0
1

1
1
4
2
18538
0
2
10
134217728
1000
500
5
1
0
1
0
0
1

1
1
8
2
18564
0
2
10
134217728
2000
50
10
1
0
1
0
0
1

1
1
8
8
18575
0
2
10
67108864
1000
50
1
1
0
1
0
0
1

1
1
4
2
18605
0
2
10
268435456
3000
50
10
1
0
1
0
0
1

1
1
2
2
18617
0
2
10
134217728
1000
1000
1000
1
0
1
0
0
1

1
1
8
4
18637
0
2
10
134217728
4000
50
100
1
0
1
0
0
1

1
1
8
8
18653
0
2
10
67108864
1000
100
100
1
0
1
0
0
1

1
1
8
4
18676
0
2
10
268435456
3000
100
1000
1
0
1
0
0
1

1
1
8
2
18686
0
2
10
67108864
2000
1000
5
1
0
1
0
0
1

1
1
2
1
18701
0
2
10
67108864
4000
1000
10
1
0
1
0
0
1

1
1
4
2
18710
0
2
10
134217728
4000
500
1000
1
0
1
0
0
1

1
1
8
1
18724
0
2
10
268435456
2000
50
1
1
0
1
0
0
1

1
1
4
1
18742
0
2
10
268435456
3000
500
5
1
0
1
0
0
1

1
1
8
4
18756
0
2
10
268435456
1000
500
1000
1
0
1
0
0
1

1
1
1
1
18765
0
2
10
134217728
1000
500
1
1
0
1
0
0
1

1
1
8
8
18775
0
2
10
268435456
1000
50
10
1
0
1
0
0
1

1
1
1
1
18794
0
2
10
268435456
3000
50
100
1
0
1
0
0
1

1
1
4
2
18807
0
2
10
134217728
1000
100
100
1
0
1
0
0
1

1
1
4
1
18830
0
2
10
67108864
1000
100
1
1
0
1
0
0
1

1
1
1
1
18857
0
2
10
268435456
3000
500
1000
1
0
1
0
0
1

1
1
1
1
18875
0
2
10
268435456
2000
250
1
1
0
1
0
0
1

1
1
8
8
18878
0
2
10
67108864
4000
250
1
1
0
1
0
0
1

1
1
4
1
18884
0
2
10
134217728
4000
500
1000
1
0
1
0
0
1

1
1
4
2
18890
0
2
10
67108864
1000
100
1
1
0
1
0
0
1

1
1
4
4
18920
0
2
10
268435456
2000
250
5
1
0
1
0
0
1

1
1
2
2
18928
0
2
10
268435456
3000
500
1
1
0
1
0
0
1

1
1
8
1
18935
0
2
10
67108864
1000
100
100
1
0
1
0
0
1

1
1
8
2
18942
0
2
10
67108864
1000
100
5
1
0
1
0
0
1

1
1
1
1
18969
0
2
10
134217728
4000
100
1000
1
0
1
0
0
1

1
1
8
2
18997
0
2
10
268435456
2000
50
100
1
0
1
0
0
1

1
1
8
4
19001
0
2
10
67108864
3000
1000
1000
1
0
1
0
0
1

1
1
8
8
19024
0
2
10
134217728
1000
500
1000
1
0
1
0
0
1

1
1
2
1
19052
0
2
10
268435456
3000
250
100
1
0
1
0
0
1

1
1
4
1
19075
0
2
10
134217728
1000
100
100
1
0
1
0
0
1

1
1
8
1
19087
0
2
10
67108864
2000
250
1000
1
0
1
0
0
1

1
1
8
1
19100
0
2
10
134217728
4000
50
1
1
0
1
0
0
1

1
1
4
4
19101
0
2
10
268435456
3000
500
5
1
0
1
0
0
1

1
1
8
2
19123
0
2
10
268435456
3000
500
10
1
0
1
0
0
1

1
1
8
1
19142
0
2
10
134217728
4000
100
5
1
0
1
0
0
1

1
1
2
1
19145
0
2
10
67108864
2000
50
1000
1
0
1
0
0
1

1
1
8
4
19162
0
2
10
67108864
2000
50
1000
1
0
1
0
0
1

1
1
4
2
19168
0
2
10
134217728
3000
250
100
1
0
1
0
0
1

1
1
4
2
19180
0
2
10
67108864
4000
100
1
1
0
1
0
0
1

1
1
8
8
19181
0
2
10
134217728
1000
1000
5
1
0
1
0
0
1

1
1
4
4
19183
0
2
10
134217728
1000
1000
1
1
0
1
0
0
1

1
1
8
8
19207
0
2
10
134217728
1000
50
1000
1
0
1
0
0
1

1
1
4
2
19232
0
2
10
268435456
1000
50
1000
1
0
1
0
0
1

1
1
2
1
19248
0
2
10
268435456
3000
500
1
1
0
1
0
0
1

1
1
4
4
19250
0
2
10
67108864
1000
100
10
1
0
1
0
0
1

1
1
1
1
19259
0
2
10
134217728
3000
500
1000
1
0
1
0
0
1

1
1
8
8
19271
0
2
10
67108864
3000
50
1000
1
0
1
0
0
1

1
1
1
1
19298
0
2
10
134217728
2000
50
1
1
0
1
0
0
1

1
1
8
1
19320
0
2
10
268435456
2000
500
1000
1
0
1
0
0
1

1
1
4
2
19321
0
2
10
268435456
2000
50
100
1
0
1
0
0
1

1
1
1
1
19334
0
2
10
268435456
1000
500
10
1
0
1
0
0
1

1
1
2
1
19336
0
2
10
67108864
3000
500
1000
1
0
1
0
0
1

1
1
1
1
19364
0
2
10
268435456
1000
500
100
1
0
1
0
0
1

1
1
1
1
19382
0
2
10
268435456
1000
50
10
1
0
1
0
0
1

1
1
1
1
19393
0
2
10
134217728
4000
1000
1000
1
0
1
0
0
1

1
1
4
1
19404
0
2
10
134217728
1000
100
10
1
0
1
0
0
1

1
1
1
1
19406
0
2
10
134217728
1000
250
5
1
0
1
0
0
1

1
1
4
2
19408
0
2
10
134217728
4000
250
100
1
0
1
0
0
1

1
1
4
4
19432
0
2
10
268435456
3000
100
5
1
0
1
0
0
1

1
1
1
1
19448
0
2
10
268435456
3000
50
1
1
0
1
0
0
1

1
1
2
2
19465
0
2
10
268435456
2000
50
5
1
0
1
0
0
1

1
1
1
1
19484
0
2
10
134217728
4000
500
1000
1
0
1
0
0
1

1
1
1
1
19503
0
2
10
134217728
3000
1000
1000
1
0
1
0
0
1

1
1
2
2
19514
0
2
10
134217728
4000
500
1
1
0
1
0
0
1

1
1
4
2
19539
0
2
10
67108864
2000
100
1
1
0
1
0
0
1

1
1
2
1
19548
0
2
10
134217728
3000
250
100
1
0
1
0
0
1

1
1
4
1
19570
0
2
10
268435456
3000
500
10
1
0
1
0
0
1

1
1
2
1
19574
0
2
10
67108864
3000
50
1000
1
0
1
0
0
1

1
1
8
8
19580
0
2
10
134217728
4000
50
5
1
0
1
0
0
1

1
1
8
2
19586
0
2
10
134217728
1000
1000
1000
1
0
1
0
0
1

1
1
4
1
19594
0
2
10
268435456
3000
500
1000
1
0
1
0
0
1

1
1
8
4
19614
0
2
10
67108864
4000
1000
100
1
0
1
0
0
1

1
1
1
1
19642
0
2
10
67108864
2000
1000
100
1
0
1
0
0
1

1
1
4
4
19665
0
2
10
67108864
1000
500
1
1
0
1
0
0
1

1
1
1
1
19667
0
2
10
268435456
1000
50
10
1
0
1
0
0
1

1
1
4
2
19681
0
2
10
67108864
1000
50
100
1
0
1
0
0
1

1
1
8
8
19692
0
2
10
268435456
3000
100
10
1
0
1
0
0
1

1
1
2
1
19706
0
2
10
134217728
4000
500
1
1
0
1
0
0
1

1
1
1
1
19729
0
2
10
67108864
3000
50
100
1
0
1
0
0
1

1
1
4
4
19742
0
2
10
134217728
3000
1000
1000
1
0
1
0
0
1

1
1
8
1
19745
0
2
10
268435456
3000
50
100
1
0
1
0
0
1

1
1
4
1
19749
0
2
10
67108864
1000
500
10
1
0
1
0
0
1

1
1
1
1
19775
0
2
10
268435456
1000
50
1
1
0
1
0
0
1

1
1
4
2
19781
0
2
10
268435456
3000
500
5
1
0
1
0
0
1

1
1
4
4
19793
0
2
10
134217728
2000
50
1000
1
0
1
0
0
1

1
1
4
2
19796
0
2
10
134217728
2000
50
5
1
0
1
0
0
1

1
1
8
8
19816
0
2
10
134217728
3000
50
1000
1
0
1
0
0
1

1
1
1
1
19840
0
2
10
134217728
2000
250
5
1
0
1
0
0
1

1
1
4
2
19849
0
2
10
67108864
3000
100
1
1
0
1
0
0
1

1
1
4
2
19871
0
2
10
268435456
3000
100
10
1
0
1
0
0
1

1
1
1
1
19895
0
2
10
268435456
3000
50
10
1
0
1
0
0
1

1
1
4
4
19924
0
2
10
134217728
4000
100
1
1
0
1
0
0
1

1
1
4
2
19950
0
2
10
268435456
3000
500
1000
1
0
1
0
0
1

1
1
2
1
19970
0
2
10
67108864
3000
100
10
1
0
1
0
0
1

1
1
1
1
19975
0
2
10
268435456
3000
50
10
1
0
1
0
0
1

1
1
2
1
20004
0
2
10
268435456
3000
50
1
1
0
1
0
0
1

1
1
8
4
20010
0
2
10
134217728
2000
50
5
1
0
1
0
0
1

1
1
1
1
20029
0
2
10
134217728
3000
50
1
1
0
1
0
0
1

1
1
4
4
20034
0
2
10
134217728
1000
50
1
1
0
1
0
0
1

1
1
2
1
20056
0
2
10
134217728
3000
250
5
1
0
1
0
0
1

1
1
1
1
20073
0
2
10
268435456
3000
100
1
1
0
1
0
0
1

1
1
1
1
20088
0
2
10
67108864
2000
100
1000
1
0
1
0
0
1

1
1
2
1
20104
0
2
10
67108864
1000
50
1
1
0
1
0
0
1

1
1
2
1
20105
0
2
10
268435456
3000
50
100
1
0
1
0
0
1

1
1
2
2
20114
0
2
10
134217728
4000
500
10
1
0
1
0
0
1

1
1
4
4
20117
0
2
10
67108864
2000
50
1000
1
0
1
0
0
1

1
1
1
1
20123
0
2
10
67108864
4000
500
100
1
0
1
0
0
1

1
1
2
1
20147
0
2
10
67108864
4000
1000
5
1
0
1
0
0
1

1
1
8
2
20171
0
2
10
134217728
2000
1000
10
1
0
1
0
0
1

1
1
4
2
20174
0
2
10
134217728
4000
50
100
1
0
1
0
0
1

1
1
2
2
20183
0
2
10
134217728
1000
250
100
1
0
1
0
0
1

1
1
4
1
20186
0
2
10
134217728
1000
100
100
1
0
1
0
0
1

1
1
1
1
20194
0
2
10
134217728
4000
500
5
1
0
1
0
0
1

1
1
8
2
20216
0
2
10
268435456
3000
500
1
1
0
1
0
0
1

1
1
1
1
20235
0
2
10
268435456
3000
50
1000
1
0
1
0
0
1

1
1
4
2
20248
0
2
10
268435456
3000
250
1
1
0
1
0
0
1

1
1
2
1
20269
0
2
10
268435456
3000
500
5
1
0
1
0
0
1

1
1
1
1
20270
0
2
10
134217728
4000
1000
5
1
0
1
0
0
1

1
1
8
1
20294
0
2
10
134217728
3000
500
100
1
0
1
0
0
1

1
1
4
1
20321
0
2
10
67108864
1000
500
10
1
0
1
0
0
1

1
1
2
1
20351
0
2
10
268435456
3000
500
5
1
0
1
0
0
1

1
1
4
4
20362
0
2
10
67108864
3000
50
1
1
0
1
0
0
1

1
1
8
4
20386
0
2
10
268435456
2000
100
1000
1
0
1
0
0
1

1
1
1
1
20397
0
2
10
268435456
3000
50
1
1
0
1
0
0
1

1
1
8
4
20426
0
2
10
268435456
3000
500
10
1
0
1
0
0
1

1
1
2
2
20437
0
2
10
134217728
4000
500
1
1
0
1
0
0
1

1
1
8
4
20449
0
2
10
268435456
3000
250
1
1
0
1
0
0
1

1
1
1
1
20470
0
2
10
268435456
2000
50
10
1
0
1
0
0
1

1
1
1
1
20499
0
2
10
268435456
3000
100
100
1
0
1
0
0
1

1
1
8
1
20514
0
2
10
134217728
1000
500
5
1
0
1
0
0
1

1
1
8
4
20528
0
2
10
67108864
4000
100
1
1
0
1
0
0
1

1
1
8
4
20540
0
2
10
134217728
2000
500
100
1
0
1
0
0
1

1
1
1
1
20566
0
2
10
67108864
3000
250
10
1
0
1
0
0
1

1
1
8
2
20574
0
2
10
134217728
2000
250
1000
1
0
1
0
0
1

1
1
1
1
20603
0
2
10
134217728
4000
500
100
1
0
1
0
0
1

1
1
2
1
20608
0
2
10
268435456
3000
250
1
1
0
1
0
0
1

1
1
8
1
20612
0
2
10
67108864
1000
500
1000
1
0
1
0
0
1

1
1
4
2
20629
0
2
10
67108864
2000
1000
1000
1
0
1
0
0
1

1
1
8
4
20654
0
2
10
268435456
1000
250
100
1
0
1
0
0
1

1
1
8
2
20669
0
2
10
268435456
2000
250
5
1
0
1
0
0
1

1
1
8
1
20687
0
2
10
268435456
3000
500
100
1
0
1
0
0
1

1
1
1
1
20697
0
2
10
134217728
2000
250
1
1
0
1
0
0
1

1
1
2
1
20724
0
2
10
67108864
3000
1000
5
1
0
1
0
0
1

1
1
1
1
20738
0
2
10
268435456
3000
100
10
1
0
1
0
0
1

1
1
8
8
20764
0
2
10
268435456
1000
500
100
1
0
1
0
0
1

1
1
8
1
20782
0
2
10
134217728
3000
1000
5
1
0
1
0
0
1

1
1
4
4
20788
0
2
10
268435456
1000
500
100
1
0
1
0
0
1

1
1
1
1
20797
0
2
10
67108864
4000
50
5
1
0
1
0
0
1

1
1
4
2
20807
0
2
10
134217728
4000
250
1
1
0
1
0
0
1

1
1
4
2
20822
0
2
10
67108864
1000
50
100
1
0
1
0
0
1

1
1
1
1
20851
0
2
10
134217728
4000
500
1000
1
0
1
0
0
1

1
1
2
1
20878
0
2
10
268435456
2000
100
1
1
0
1
0
0
1

1
1
8
4
20900
0
2
10
134217728
3000
1000
100
1
0
1
0
0
1

1
1
8
1
20923
0
2
10
268435456
2000
100
5
1
0
1
0
0
1

1
1
4
2
20945
0
2
10
67108864
1000
1000
100
1
0
1
0
0
1

1
1
4
1
20972
0
2
10
268435456
1000
250
5
1
0
1
0
0
1

1
1
2
1
20984
0
2
10
134217728
2000
250
100
1
0
1
0
0
1

1
1
2
1
21004
0
2
10
67108864
1000
50
10
1
0
1
0
0
1

1
1
8
8
21022
0
2
10
67108864
2000
50
10
1
0
1
0
0
1

1
1
4
2
21048
0
2
10
67108864
4000
250
10
1
0
1
0
0
1

1
1
1
1
21073
0
2
10
67108864
2000
1000
5
1
0
1
0
0
1

1
1
4
2
21075
0
2
10
268435456
1000
500
1
1
0
1
0
0
1

1
1
4
1
21094
0
2
10
268435456
3000
500
100
1
0
1
0
0
1

1
1
1
1
21116
0
2
10
67108864
2000
50
1
1
0
1
0
0
1

1
1
2
2
21146
0
2
10
268435456
3000
250
10
1
0
1
0
0
1

1
1
2
1
21150
0
2
10
134217728
1000
500
1
1
0
1
0
0
1

1
1
4
4
21178
0
2
10
268435456
1000
100
5
1
0
1
0
0
1

1
1
8
1
21195
0
2
10
134217728
4000
500
5
1
0
1
0
0
1

1
1
4
4
21201
0
2
10
134217728
4000
50
10
1
0
1
0
0
1

1
1
8
2
21207
0
2
10
67108864
1000
1000
5
1
0
1
0
0
1

1
1
2
1
21231
0
2
10
268435456
1000
100
1
1
0
1
0
0
1

1
1
2
1
21248
0
2
10
67108864
1000
250
10
1
0
1
0
0
1

1
1
2
2
21250
0
2
10
134217728
4000
100
1000
1
0
1
0
0
1

1
1
2
2
21277
0
2
10
67108864
4000
100
1
1
0
1
0
0
1

1
1
4
2
21296
0
2
10
134217728
2000
50
100
1
0
1
0
0
1

1
1
1
1
21323
0
2
10
268435456
1000
500
100
1
0
1
0
0
1

1
1
4
2
21336
0
2
10
268435456
2000
50
5
1
0
1
0
0
1

1
1
1
1
21365
0
2
10
268435456
3000
100
100
1
0
1
0
0
1

1
1
1
1
21367
0
2
10
67108864
4000
50
100
1
0
1
0
0
1

1
1
8
8
21393
0
2
10
134217728
3000
500
10
1
0
1
0
0
1

1
1
4
4
21406
0
2
10
67108864
4000
100
1
1
0
1
0
0
1

1
1
2
1
21413
0
2
10
268435456
1000
50
5
1
0
1
0
0
1

1
1
4
4
21432
0
2
10
134217728
1000
250
100
1
0
1
0
0
1

1
1
4
2
21458
0
2
10
67108864
2000
100
10
1
0
1
0
0
1

1
1
4
2
21459
0
2
10
67108864
1000
500
10
1
0
1
0
0
1

1
1
1
1
21474
0
2
10
134217728
2000
100
1
1
0
1
0
0
1

1
1
4
2
21482
0
2
10
268435456
1000
500
100
1
0
1
0
0
1

1
1
8
4
21483
0
2
10
268435456
3000
100
10
1
0
1
0
0
1

1
1
2
1
21487
0
2
10
268435456
2000
500
100
1
0
1
0
0
1

1
1
4
1
21496
0
2
10
268435456
1000
100
5
1
0
1
0
0
1

1
1
8
4
21521
0
2
10
268435456
2000
500
5
1
0
1
0
0
1

1
1
8
1
21550
0
2
10
67108864
1000
100
100
1
0
1
0
0
1

1
1
4
4
21573
0
2
10
134217728
1000
250
1
1
0
1
0
0
1

1
1
1
1
21582
0
2
10
134217728
3000
1000
1000
1
0
1
0
0
1

1
1
2
1
21584
0
2
10
268435456
1000
100
10
1
0
1
0
0
1

1
1
8
2
21601
0
2
10
268435456
3000
500
1000
1
0
1
0
0
1

1
1
4
4
21622
0
2
10
67108864
3000
500
10
1
0
1
0
0
1

1
1
2
1
21630
0
2
10
134217728
3000
250
1000
1
0
1
0
0
1

1
1
1
1
21647
0
2
10
67108864
2000
250
100
1
0
1
0
0
1

1
1
8
2
21677
0
2
10
268435456
1000
250
1
1
0
1
0
0
1

1
1
1
1
21688
0
2
10
67108864
2000
1000
5
1
0
1
0
0
1

1
1
8
2
21695
0
2
10
268435456
3000
250
10
1
0
1
0
0
1

1
1
4
1
21697
0
2
10
67108864
2000
100
1000
1
0
1
0
0
1

1
1
2
1
21720
0
2
10
268435456
1000
500
100
1
0
1
0
0
1

1
1
2
1
21739
0
2
10
67108864
1000
50
10
1
0
1
0
0
1

1
1
1
1
21763
0
2
10
268435456
3000
250
10
1
0
1
0
0
1

1
1
2
1
21774
0
2
10
134217728
2000
500
10
1
0
1
0
0
1

1
1
2
1
21795
0
2
10
134217728
4000
500
1000
1
0
1
0
0
1

1
1
4
4
21805
0
2
10
268435456
2000
50
5
1
0
1
0
0
1

1
1
8
1
21825
0
2
10
67108864
4000
250
100
1
0
1
0
0
1

1
1
1
1
21828
0
2
10
268435456
3000
500
1000
1
0
1
0
0
1

1
1
2
2
21830
0
2
10
67108864
2000
1000
1000
1
0
1
0
0
1

1
1
2
1
21833
0
2
10
268435456
2000
500
1000
1
0
1
0
0
1

1
1
1
1
21853
0
2
10
268435456
2000
100
10
1
0
1
0
0
1

1
1
8
1
21858
0
2
10
67108864
3000
1000
1
1
0
1
0
0
1

1
1
4
4
21885
0
2
10
67108864
3000
50
10
1
0
1
0
0
1

1
1
4
2
21889
0
2
10
67108864
4000
250
1000
1
0
1
0
0
1

1
1
8
8
21906
0
2
10
268435456
3000
500
5
1
0
1
0
0
1

1
1
1
1
21924
0
2
10
134217728
4000
50
100
1
0
1
0
0
1

1
1
8
1
21939
0
2
10
67108864
2000
50
10
1
0
1
0
0
1

1
1
2
2
21948
0
2
10
268435456
2000
250
5
1
0
1
0
0
1

1
1
1
1
21955
0
2
10
67108864
1000
50
100
1
0
1
0
0
1

1
1
8
8
21970
0
2
10
134217728
3000
250
5
1
0
1
0
0
1

1
1
4
4
21996
0
2
10
134217728
3000
500
10
1
0
1
0
0
1

1
1
8
1
21998
0
2
10
134217728
2000
500
1000
1
0
1
0
0
1

1
1
1
1
22023
0
2
10
134217728
4000
50
100
1
0
1
0
0
1

1
1
1
1
22049
0
2
10
268435456
1000
250
10
1
0
1
0
0
1

1
1
2
1
22067
0
2
10
67108864
2000
500
5
1
0
1
0
0
1

1
1
1
1
22077
0
2
10
134217728
3000
50
10
1
0
1
0
0
1

1
1
2
1
22079
0
2
10
134217728
1000
250
10
1
0
1
0
0
1

1
1
1
1
22085
0
2
10
134217728
2000
100
1000
1
0
1
0
0
1

1
1
1
1
22104
0
2
10
134217728
1000
500
10
1
0
1
0
0
1

1
1
1
1
22134
0
2
10
268435456
1000
500
10
1
0
1
0
0
1

1
1
4
1
22163
0
2
10
268435456
3000
500
10
1
0
1
0
0
1

1
1
2
2
22180
0
2
10
134217728
2000
250
10
1
0
1
0
0
1

1
1
4
4
22201
0
2
10
67108864
1000
1000
5
1
0
1
0
0
1

1
1
2
1
22202
0
2
10
134217728
1000
1000
1
1
0
1
0
0
1

1
1
2
1
22222
0
2
10
67108864
1000
500
10
1
0
1
0
0
1

1
1
8
8
22229
0
2
10
134217728
4000
50
5
1
0
1
0
0
1

1
1
8
8
22236
0
2
10
134217728
2000
500
100
1
0
1
0
0
1

1
1
8
2
22262
0
2
10
134217728
3000
50
10
1
0
1
0
0
1

1
1
8
1
22271
0
2
10
134217728
1000
1000
5
1
0
1
0
0
1

1
1
1
1
22282
0
2
10
134217728
3000
1000
10
1
0
1
0
0
1

1
1
2
2
22294
0
2
10
134217728
4000
1000
5
1
0
1
0
0
1

1
1
1
1
22310
0
2
10
268435456
2000
500
100
1
0
1
0
0
1

1
1
2
1
22340
0
2
10
134217728
3000
250
100
1
0
1
0
0
1

1
1
2
1
22346
0
2
10
67108864
3000
250
1
1
0
1
0
0
1

1
1
8
4
22375
0
2
10
134217728
2000
250
1
1
0
1
0
0
1

1
1
1
1
22394
0
2
10
67108864
3000
100
10
1
0
1
0
0
1

1
1
8
2
22408
0
2
10
134217728
4000
100
1
1
0
1
0
0
1

1
1
2
1
22425
0
2
10
67108864
1000
500
10
1
0
1
0
0
1

1
1
1
1
22432
0
2
10
268435456
3000
500
10
1
0
1
0
0
1

1
1
4
2
22434
0
2
10
134217728
4000
1000
1
1
0
1
0
0
1

1
1
2
1
22455
0
2
10
134217728
4000
250
10
1
0
1
0
0
1

1
1
1
1
22458
0
2
10
268435456
2000
500
1000
1
0
1
0
0
1

1
1
4
2
22461
0
2
10
134217728
3000
50
5
1
0
1
0
0
1

1
1
2
2
22462
0
2
10
134217728
4000
100
1
1
0
1
0
0
1

1
1
2
2
22483
0
2
10
134217728
3000
100
10
1
0
1
0
0
1

1
1
4
1
22507
0
2
10
134217728
1000
1000
10
1
0
1
0
0
1

1
1
8
8
22524
0
2
10
134217728
2000
500
5
1
0
1
0
0
1

1
1
1
1
22536
0
2
10
268435456
3000
50
1
1
0
1
0
0
1

1
1
2
1
22554
0
2
10
67108864
1000
250
1
1
0
1
0
0
1

1
1
8
8
22570
0
2
10
67108864
2000
100
100
1
0
1
0
0
1

1
1
1
1
22598
0
2
10
67108864
3000
1000
5
1
0
1
0
0
1

1
1
8
2
22602
0
2
10
268435456
3000
250
5
1
0
1
0
0
1

1
1
8
8
22622
0
2
10
268435456
3000
50
100
1
0
1
0
0
1

1
1
2
1
22637
0
2
10
134217728
4000
250
100
1
0
1
0
0
1

1
1
8
8
22650
0
2
10
134217728
1000
50
100
1
0
1
0
0
1

1
1
2
1
22662
0
2
10
134217728
1000
500
10
1
0
1
0
0
1

1
1
8
1
22681
0
2
10
268435456
2000
500
1
1
0
1
0
0
1

1
1
4
2
22691
0
2
10
67108864
1000
500
1
1
0
1
0
0
1

1
1
2
2
22704
0
2
10
268435456
3000
250
1
1
0
1
0
0
1

1
1
4
2
22730
0
2
10
134217728
4000
1000
10
1
0
1
0
0
1

1
1
8
2
22748
0
2
10
134217728
4000
1000
1000
1
0
1
0
0
1

1
1
2
1
22776
0
2
10
134217728
4000
250
5
1
0
1
0
0
1

1
1
1
1
22805
0
2
10
268435456
3000
100
100
1
0
1
0
0
1

1
1
4
2
22822
0
2
10
268435456
1000
100
100
1
0
1
0
0
1

1
1
8
2
22825
0
2
10
134217728
1000
250
100
1
0
1
0
0
1

