1500

0
1
1
1
20
0
2
10
67108864
3000
1000
10
1
0
1
0
0
1

1
1
4
4
35
0
1
12
268435456
3000
100
19
1
1
0
1
0
0
1
0
3
1
1
1
52
0
0
9
67108864
1000
50
1
0
1
0
0
1

0
1
1
1
76
0
1
12
134217728
4000
1000
42
1
1
0
1
0
0
1
0
3
1
1
1
83
0
0
9
67108864
2000
50
1
0
1
0
0
1

0
1
1
1
84
0
0
9
134217728
2000
100
1
0
1
0
0
1

3
1
8
1
96
0
2
10
67108864
3000
50
1
1
0
1
0
0
1

1
1
2
1
126
0
1
11
134217728
4000
100
79
0
1
0
1
0
0
1
3
1
1
1
136
0
1
12
268435456
1000
250
3
1
1
0
1
0
0
1
0
0
1
4
2
145
0
2
10
67108864
3000
500
100
1
0
1
0
0
1

3
1
8
4
147
0
2
10
67108864
1000
100
1
1
0
1
0
0
1

3
1
2
1
155
0
2
10
134217728
3000
500
1000
1
0
1
0
0
1

3
1
8
2
177
0
2
10
268435456
1000
250
100
1
0
1
0
0
1

3
1
8
4
189
0
1
12
67108864
3000
500
4
1
1
0
1
0
0
1
0
0
1
1
1
193
0
1
11
67108864
4000
1000
85
0
1
0
1
0
0
1
1
1
1
1
197
0
2
10
67108864
1000
1000
100
1
0
1
0
0
1

1
1
2
1
208
0
0
9
67108864
4000
250
1
0
1
0
0
1

3
1
4
2
213
0
1
11
268435456
3000
500
73
0
1
0
1
0
0
1
3
1
4
1
237
0
2
10
268435456
3000
100
1000
1
0
1
0
0
1

3
1
1
1
242
0
1
12
268435456
2000
500
81
1
1
0
1
0
0
1
0
0
1
2
1
244
0
0
9
67108864
4000
1000
1
0
1
0
0
1

3
1
4
1
265
0
0
9
268435456
2000
250
1
0
1
0
0
1

0
1
1
1
279
0
0
9
67108864
3000
1000
1
0
1
0
0
1

0
1
2
2
287
0
1
12
134217728
3000
100
48
1
1
0
1
0
0
1
0
1
1
8
2
306
0
1
12
67108864
1000
500
93
1
1
0
1
0
0
1
0
0
1
1
1
311
0
1
11
134217728
4000
50
13
0
1
0
1
0
0
1
3
1
4
2
313
0
1
11
67108864
4000
250
23
0
1
0
1
0
0
1
0
1
4
1
324
0
1
11
268435456
1000
500
75
0
1
0
1
0
0
1
1
1
2
1
345
0
2
10
268435456
2000
500
1000
1
0
1
0
0
1

3
1
2
1
350
0
2
10
268435456
2000
500
1000
1
0
1
0
0
1

3
1
2
1
367
0
2
10
134217728
3000
100
5
1
0
1
0
0
1

3
1
8
2
370
0
1
12
134217728
4000
500
89
1
1
0
1
0
0
1
0
3
1
8
4
399
0
1
12
268435456
1000
500
49
1
1
0
1
0
0
1
0
0
1
2
1
424
0
2
10
134217728
4000
100
100
1
0
1
0
0
1

1
1
4
2
437
0
1
11
268435456
1000
250
39
0
1
0
1
0
0
1
0
1
4
1
439
0
1
12
134217728
4000
100
47
1
1
0
1
0
0
1
0
0
1
4
4
453
0
0
9
134217728
1000
50
1
0
1
0
0
1

0
1
8
8
472
0
2
10
134217728
2000
250
5
1
0
1
0
0
1

3
1
8
4
494
0
2
10
268435456
2000
50
100
1
0
1
0
0
1

0
1
4
4
495
0
2
10
268435456
1000
500
1000
1
0
1
0
0
1

0
1
2
1
509
0
2
10
67108864
1000
250
5
1
0
1
0
0
1

3
1
2
1
536
0
0
9
268435456
3000
500
1
0
1
0
0
1

0
1
2
2
566
0
0
9
268435456
1000
500
1
0
1
0
0
1

3
1
2
1
591
0
2
10
134217728
1000
50
10
1
0
1
0
0
1

0
1
4
2
608
0
0
9
134217728
2000
500
1
0
1
0
0
1

0
1
8
2
622
0
2
10
67108864
1000
500
100
1
0
1
0
0
1

3
1
1
1
635
0
1
12
67108864
2000
1000
86
1
1
0
1
0
0
1
0
0
1
1
1
664
0
0
9
134217728
4000
50
1
0
1
0
0
1

3
1
1
1
694
0
2
10
268435456
1000
500
1
1
0
1
0
0
1

1
1
1
1
705
0
0
9
268435456
2000
500
1
0
1
0
0
1

1
1
1
1
721
0
2
10
134217728
4000
250
5
1
0
1
0
0
1

0
1
4
1
730
0
1
11
134217728
4000
250
22
0
1
0
1
0
0
1
0
1
1
1
749
0
0
9
67108864
3000
50
1
0
1
0
0
1

0
1
8
2
756
0
1
11
268435456
2000
500
27
0
1
0
1
0
0
1
1
1
2
2
776
0
1
12
134217728
3000
50
52
1
1
0
1
0
0
1
0
1
1
4
2
791
0
1
11
67108864
2000
500
2
0
1
0
1
0
0
1
3
1
4
2
810
0
2
10
268435456
3000
500
10
1
0
1
0
0
1

1
1
8
1
835
0
2
10
268435456
1000
50
1000
1
0
1
0
0
1

0
1
4
2
849
0
2
10
268435456
2000
250
1000
1
0
1
0
0
1

0
1
2
1
861
0
1
11
67108864
1000
100
99
0
1
0
1
0
0
1
1
1
4
2
881
0
0
9
268435456
2000
250
1
0
1
0
0
1

1
1
4
4
910
0
1
11
67108864
4000
500
34
0
1
0
1
0
0
1
3
1
4
2
927
0
0
9
268435456
3000
500
1
0
1
0
0
1

1
1
4
2
957
0
2
10
67108864
1000
500
5
1
0
1
0
0
1

0
1
1
1
976
0
2
10
134217728
3000
250
1
1
0
1
0
0
1

3
1
2
2
984
0
2
10
134217728
4000
100
100
1
0
1
0
0
1

3
1
8
2
995
0
0
9
67108864
2000
50
1
0
1
0
0
1

1
1
4
1
997
0
1
11
134217728
1000
100
60
0
1
0
1
0
0
1
3
1
2
2
1024
0
1
12
134217728
2000
50
66
1
1
0
1
0
0
1
0
0
1
2
2
1033
0
1
11
67108864
1000
500
76
0
1
0
1
0
0
1
0
1
1
1
1058
0
2
10
134217728
3000
1000
10
1
0
1
0
0
1

3
1
2
1
1059
0
1
12
134217728
4000
1000
20
1
1
0
1
0
0
1
0
1
1
1
1
1071
0
1
12
67108864
3000
50
6
1
1
0
1
0
0
1
0
0
1
4
2
1100
0
1
11
67108864
2000
50
23
0
1
0
1
0
0
1
0
1
4
4
1128
0
0
9
134217728
4000
50
1
0
1
0
0
1

1
1
2
1
1146
0
2
10
268435456
1000
250
5
1
0
1
0
0
1

1
1
1
1
1170
0
1
12
134217728
3000
500
49
1
1
0
1
0
0
1
0
0
1
1
1
1171
0
1
11
134217728
4000
1000
99
0
1
0
1
0
0
1
1
1
4
2
1181
0
1
11
268435456
2000
50
72
0
1
0
1
0
0
1
0
1
4
2
1197
0
2
10
268435456
2000
500
5
1
0
1
0
0
1

3
1
2
1
1213
0
1
12
134217728
1000
100
15
1
1
0
1
0
0
1
0
0
1
1
1
1237
0
2
10
268435456
2000
50
100
1
0
1
0
0
1

3
1
8
2
1257
0
0
9
268435456
3000
250
1
0
1
0
0
1

1
1
2
2
1280
0
2
10
268435456
1000
500
1
1
0
1
0
0
1

1
1
1
1
1308
0
2
10
134217728
1000
500
1000
1
0
1
0
0
1

1
1
8
8
1313
0
0
9
67108864
1000
1000
1
0
1
0
0
1

0
1
4
4
1321
0
2
10
134217728
3000
100
1
1
0
1
0
0
1

3
1
2
1
1322
0
1
11
67108864
2000
1000
21
0
1
0
1
0
0
1
1
1
2
2
1330
0
0
9
268435456
1000
250
1
0
1
0
0
1

3
1
8
4
1349
0
1
11
268435456
2000
500
20
0
1
0
1
0
0
1
1
1
8
4
1373
0
2
10
268435456
1000
500
10
1
0
1
0
0
1

1
1
8
1
1402
0
2
10
134217728
3000
250
100
1
0
1
0
0
1

3
1
4
4
1405
0
1
11
134217728
1000
50
91
0
1
0
1
0
0
1
0
1
2
1
1412
0
2
10
134217728
2000
250
5
1
0
1
0
0
1

1
1
1
1
1426
0
1
12
268435456
1000
100
76
1
1
0
1
0
0
1
0
0
1
4
4
1427
0
1
12
67108864
3000
250
97
1
1
0
1
0
0
1
0
3
1
4
1
1447
0
0
9
67108864
3000
1000
1
0
1
0
0
1

1
1
2
1
1452
0
0
9
268435456
3000
500
1
0
1
0
0
1

1
1
8
8
1463
0
0
9
67108864
2000
100
1
0
1
0
0
1

1
1
8
1
1484
0
2
10
134217728
4000
500
5
1
0
1
0
0
1

0
1
1
1
1488
0
2
10
268435456
3000
50
1000
1
0
1
0
0
1

3
1
2
1
1508
0
1
11
67108864
2000
50
28
0
1
0
1
0
0
1
0
1
1
1
1520
0
0
9
268435456
3000
500
1
0
1
0
0
1

0
1
1
1
1544
0
1
11
134217728
3000
100
74
0
1
0
1
0
0
1
0
1
4
1
1564
0
2
10
67108864
4000
50
10
1
0
1
0
0
1

3
1
2
1
1579
0
2
10
268435456
2000
50
100
1
0
1
0
0
1

0
1
8
4
1596
0
2
10
268435456
1000
500
10
1
0
1
0
0
1

3
1
4
4
1622
0
0
9
67108864
4000
1000
1
0
1
0
0
1

1
1
2
1
1651
0
2
10
67108864
1000
50
100
1
0
1
0
0
1

1
1
8
4
1669
0
1
12
268435456
3000
500
0
1
1
0
1
0
0
1
0
1
1
2
2
1696
0
2
10
134217728
4000
250
5
1
0
1
0
0
1

0
1
8
2
1714
0
1
12
67108864
2000
50
72
1
1
0
1
0
0
1
0
0
1
1
1
1725
0
0
9
268435456
2000
250
1
0
1
0
0
1

3
1
4
2
1755
0
1
11
67108864
1000
1000
27
0
1
0
1
0
0
1
1
1
2
2
1768
0
1
12
67108864
3000
1000
0
1
1
0
1
0
0
1
0
0
1
4
1
1796
0
2
10
134217728
4000
250
1000
1
0
1
0
0
1

0
1
1
1
1824
0
1
12
134217728
3000
50
51
1
1
0
1
0
0
1
0
1
1
4
2
1844
0
0
9
134217728
3000
250
1
0
1
0
0
1

3
1
1
1
1871
0
1
12
67108864
1000
500
39
1
1
0
1
0
0
1
0
1
1
4
1
1878
0
2
10
67108864
1000
500
1
1
0
1
0
0
1

3
1
4
2
1881
0
0
9
67108864
1000
500
1
0
1
0
0
1

3
1
8
2
1893
0
1
11
268435456
2000
250
5
0
1
0
1
0
0
1
0
1
4
4
1908
0
0
9
134217728
3000
50
1
0
1
0
0
1

0
1
2
1
1921
0
0
9
268435456
3000
100
1
0
1
0
0
1

0
1
2
2
1923
0
2
10
268435456
3000
250
1
1
0
1
0
0
1

1
1
2
1
1934
0
1
11
268435456
3000
50
44
0
1
0
1
0
0
1
1
1
4
2
1938
0
0
9
268435456
3000
500
1
0
1
0
0
1

1
1
8
1
1953
0
1
12
134217728
2000
500
44
1
1
0
1
0
0
1
0
1
1
8
2
1959
0
2
10
67108864
4000
250
5
1
0
1
0
0
1

1
1
2
1
1986
0
1
11
268435456
3000
500
17
0
1
0
1
0
0
1
0
1
1
1
1988
0
1
12
134217728
3000
250
84
1
1
0
1
0
0
1
0
0
1
2
1
1989
0
2
10
67108864
4000
1000
100
1
0
1
0
0
1

1
1
8
1
2010
0
2
10
67108864
1000
500
5
1
0
1
0
0
1

1
1
4
2
2014
0
2
10
134217728
1000
50
5
1
0
1
0
0
1

1
1
2
1
2017
0
0
9
67108864
1000
100
1
0
1
0
0
1

0
1
1
1
2046
0
2
10
134217728
4000
500
1
1
0
1
0
0
1

0
1
8
8
2061
0
0
9
134217728
3000
50
1
0
1
0
0
1

0
1
8
2
2069
0
0
9
67108864
2000
250
1
0
1
0
0
1

3
1
1
1
2099
0
2
10
268435456
2000
500
1000
1
0
1
0
0
1

1
1
1
1
2100
0
1
12
268435456
3000
500
18
1
1
0
1
0
0
1
0
3
1
2
1
2106
0
0
9
268435456
2000
500
1
0
1
0
0
1

0
1
4
1
2112
0
1
11
67108864
2000
100
19
0
1
0
1
0
0
1
0
1
1
1
2137
0
0
9
268435456
2000
100
1
0
1
0
0
1

0
1
8
8
2156
0
0
9
67108864
3000
50
1
0
1
0
0
1

0
1
2
2
2185
0
2
10
268435456
3000
50
1
1
0
1
0
0
1

3
1
8
4
2203
0
0
9
134217728
3000
50
1
0
1
0
0
1

0
1
2
2
2212
0
2
10
134217728
1000
500
10
1
0
1
0
0
1

3
1
2
1
2241
0
0
9
67108864
4000
100
1
0
1
0
0
1

0
1
8
2
2262
0
2
10
67108864
3000
50
5
1
0
1
0
0
1

3
1
2
2
2263
0
2
10
134217728
2000
1000
1000
1
0
1
0
0
1

1
1
4
4
2284
0
0
9
134217728
1000
1000
1
0
1
0
0
1

1
1
1
1
2288
0
0
9
268435456
2000
100
1
0
1
0
0
1

0
1
4
2
2306
0
1
12
268435456
3000
50
63
1
1
0
1
0
0
1
0
1
1
8
4
2328
0
1
11
268435456
3000
500
53
0
1
0
1
0
0
1
3
1
4
2
2349
0
0
9
268435456
3000
100
1
0
1
0
0
1

0
1
4
1
2373
0
0
9
134217728
2000
250
1
0
1
0
0
1

1
1
4
2
2402
0
1
11
67108864
1000
250
69
0
1
0
1
0
0
1
1
1
4
4
2404
0
1
11
67108864
4000
500
25
0
1
0
1
0
0
1
0
1
8
2
2410
0
2
10
134217728
2000
250
1
1
0
1
0
0
1

3
1
4
2
2413
0
1
11
268435456
2000
500
8
0
1
0
1
0
0
1
0
1
8
1
2437
0
2
10
134217728
1000
100
10
1
0
1
0
0
1

1
1
8
1
2443
0
2
10
67108864
4000
100
100
1
0
1
0
0
1

0
1
8
1
2458
0
1
12
67108864
2000
500
16
1
1
0
1
0
0
1
0
3
1
2
1
2479
0
1
11
134217728
1000
50
81
0
1
0
1
0
0
1
3
1
2
2
2506
0
1
12
268435456
2000
250
21
1
1
0
1
0
0
1
0
0
1
4
2
2515
0
1
12
67108864
2000
250
99
1
1
0
1
0
0
1
0
0
1
4
4
2530
0
1
12
134217728
2000
1000
92
1
1
0
1
0
0
1
0
3
1
2
1
2551
0
2
10
268435456
1000
500
5
1
0
1
0
0
1

3
1
4
4
2571
0
1
12
268435456
1000
50
97
1
1
0
1
0
0
1
0
1
1
8
1
2590
0
1
12
67108864
3000
1000
63
1
1
0
1
0
0
1
0
0
1
4
2
2603
0
1
11
268435456
1000
500
77
0
1
0
1
0
0
1
0
1
4
4
2610
0
2
10
268435456
1000
500
1
1
0
1
0
0
1

3
1
1
1
2627
0
0
9
67108864
3000
250
1
0
1
0
0
1

0
1
1
1
2642
0
1
11
67108864
1000
50
35
0
1
0
1
0
0
1
0
1
4
1
2655
0
1
11
134217728
1000
50
67
0
1
0
1
0
0
1
1
1
8
2
2660
0
2
10
134217728
3000
250
1
1
0
1
0
0
1

3
1
2
1
2661
0
1
12
67108864
1000
50
44
1
1
0
1
0
0
1
0
0
1
2
1
2677
0
1
11
67108864
1000
500
96
0
1
0
1
0
0
1
1
1
2
2
2692
0
2
10
134217728
3000
1000
100
1
0
1
0
0
1

3
1
4
1
2697
0
0
9
268435456
3000
500
1
0
1
0
0
1

0
1
1
1
2725
0
0
9
268435456
3000
250
1
0
1
0
0
1

0
1
8
2
2747
0
0
9
67108864
4000
100
1
0
1
0
0
1

0
1
8
4
2753
0
1
12
134217728
2000
100
44
1
1
0
1
0
0
1
0
3
1
2
1
2779
0
1
12
134217728
1000
100
15
1
1
0
1
0
0
1
0
0
1
4
2
2809
0
2
10
134217728
1000
500
10
1
0
1
0
0
1

0
1
4
2
2827
0
0
9
67108864
1000
250
1
0
1
0
0
1

0
1
8
2
2847
0
2
10
67108864
4000
100
1
1
0
1
0
0
1

1
1
8
1
2858
0
0
9
268435456
3000
500
1
0
1
0
0
1

3
1
2
1
2867
0
1
11
268435456
3000
500
77
0
1
0
1
0
0
1
1
1
2
1
2884
0
2
10
67108864
4000
250
1000
1
0
1
0
0
1

1
1
4
1
2908
0
0
9
268435456
3000
100
1
0
1
0
0
1

1
1
8
1
2935
0
1
12
67108864
3000
100
39
1
1
0
1
0
0
1
0
1
1
1
1
2964
0
2
10
268435456
3000
100
100
1
0
1
0
0
1

1
1
4
1
2980
0
0
9
134217728
3000
500
1
0
1
0
0
1

0
1
4
4
2987
0
1
12
67108864
3000
100
45
1
1
0
1
0
0
1
0
0
1
2
1
3010
0
2
10
134217728
3000
1000
1
1
0
1
0
0
1

1
1
2
1
3028
0
0
9
134217728
1000
100
1
0
1
0
0
1

3
1
1
1
3055
0
0
9
134217728
1000
250
1
0
1
0
0
1

1
1
1
1
3082
0
2
10
67108864
2000
250
1
1
0
1
0
0
1

1
1
8
4
3084
0
1
11
67108864
4000
250
19
0
1
0
1
0
0
1
3
1
4
4
3094
0
2
10
67108864
3000
250
1000
1
0
1
0
0
1

0
1
2
1
3098
0
1
12
268435456
3000
100
25
1
1
0
1
0
0
1
0
0
1
2
2
3102
0
1
11
268435456
3000
50
9
0
1
0
1
0
0
1
1
1
2
1
3111
0
0
9
268435456
3000
500
1
0
1
0
0
1

3
1
2
1
3134
0
1
11
67108864
4000
500
2
0
1
0
1
0
0
1
3
1
1
1
3159
0
2
10
268435456
3000
500
10
1
0
1
0
0
1

3
1
4
2
3168
0
2
10
268435456
1000
500
1000
1
0
1
0
0
1

1
1
1
1
3171
0
1
12
67108864
1000
50
49
1
1
0
1
0
0
1
0
0
1
1
1
3178
0
1
12
67108864
4000
50
14
1
1
0
1
0
0
1
0
1
1
8
1
3204
0
2
10
134217728
4000
50
1
1
0
1
0
0
1

0
1
2
1
3206
0
2
10
134217728
1000
1000
5
1
0
1
0
0
1

3
1
8
4
3233
0
2
10
67108864
2000
100
5
1
0
1
0
0
1

1
1
4
2
3258
0
2
10
67108864
3000
250
1
1
0
1
0
0
1

1
1
8
4
3283
0
2
10
67108864
2000
50
1
1
0
1
0
0
1

0
1
1
1
3298
0
2
10
134217728
3000
50
5
1
0
1
0
0
1

1
1
2
1
3319
0
1
12
67108864
3000
50
86
1
1
0
1
0
0
1
0
0
1
2
1
3339
0
2
10
268435456
1000
500
10
1
0
1
0
0
1

3
1
2
1
3364
0
0
9
134217728
4000
250
1
0
1
0
0
1

1
1
4
2
3382
0
2
10
67108864
4000
50
100
1
0
1
0
0
1

0
1
1
1
3385
0
0
9
268435456
3000
50
1
0
1
0
0
1

0
1
1
1
3405
0
0
9
67108864
4000
1000
1
0
1
0
0
1

1
1
8
2
3415
0
1
11
268435456
3000
100
6
0
1
0
1
0
0
1
3
1
4
1
3434
0
1
11
268435456
3000
500
21
0
1
0
1
0
0
1
3
1
4
2
3451
0
1
12
134217728
3000
1000
92
1
1
0
1
0
0
1
0
3
1
2
1
3466
0
2
10
67108864
4000
1000
1000
1
0
1
0
0
1

1
1
2
1
3475
0
1
12
67108864
1000
100
84
1
1
0
1
0
0
1
0
0
1
4
1
3496
0
2
10
67108864
3000
1000
5
1
0
1
0
0
1

0
1
2
1
3509
0
0
9
268435456
3000
250
1
0
1
0
0
1

0
1
2
2
3528
0
0
9
134217728
2000
1000
1
0
1
0
0
1

3
1
8
8
3539
0
2
10
67108864
3000
100
1000
1
0
1
0
0
1

1
1
8
2
3547
0
1
11
268435456
1000
500
43
0
1
0
1
0
0
1
3
1
1
1
3548
0
2
10
67108864
2000
500
1
1
0
1
0
0
1

1
1
8
8
3575
0
2
10
268435456
1000
50
5
1
0
1
0
0
1

0
1
8
4
3602
0
1
11
134217728
2000
1000
80
0
1
0
1
0
0
1
3
1
4
1
3608
0
1
12
268435456
3000
500
42
1
1
0
1
0
0
1
0
1
1
4
2
3611
0
1
11
268435456
3000
250
5
0
1
0
1
0
0
1
3
1
2
1
3623
0
1
11
67108864
3000
250
57
0
1
0
1
0
0
1
1
1
2
1
3646
0
0
9
67108864
4000
100
1
0
1
0
0
1

3
1
8
1
3660
0
2
10
67108864
4000
500
1
1
0
1
0
0
1

1
1
1
1
3672
0
2
10
67108864
1000
100
10
1
0
1
0
0
1

0
1
1
1
3685
0
2
10
134217728
4000
1000
5
1
0
1
0
0
1

0
1
1
1
3712
0
1
12
67108864
4000
250
11
1
1
0
1
0
0
1
0
1
1
1
1
3741
0
2
10
134217728
3000
1000
100
1
0
1
0
0
1

1
1
2
1
3752
0
0
9
134217728
2000
250
1
0
1
0
0
1

1
1
8
1
3763
0
1
11
134217728
2000
500
20
0
1
0
1
0
0
1
0
1
2
1
3773
0
0
9
134217728
1000
1000
1
0
1
0
0
1

0
1
2
1
3780
0
0
9
268435456
2000
250
1
0
1
0
0
1

3
1
8
1
3786
0
0
9
134217728
4000
1000
1
0
1
0
0
1

0
1
1
1
3791
0
2
10
134217728
1000
1000
5
1
0
1
0
0
1

0
1
4
2
3809
0
1
11
268435456
1000
500
54
0
1
0
1
0
0
1
0
1
1
1
3828
0
0
9
67108864
4000
500
1
0
1
0
0
1

3
1
8
8
3852
0
0
9
67108864
4000
500
1
0
1
0
0
1

3
1
2
1
3881
0
2
10
67108864
3000
1000
1
1
0
1
0
0
1

1
1
8
1
3908
0
2
10
268435456
1000
500
1
1
0
1
0
0
1

3
1
8
8
3919
0
1
11
67108864
2000
1000
11
0
1
0
1
0
0
1
0
1
4
2
3939
0
2
10
134217728
4000
50
5
1
0
1
0
0
1

0
1
8
4
3942
0
2
10
268435456
3000
500
100
1
0
1
0
0
1

1
1
4
4
3968
0
0
9
134217728
1000
500
1
0
1
0
0
1

1
1
8
2
3990
0
1
12
268435456
2000
50
57
1
1
0
1
0
0
1
0
0
1
2
1
4014
0
0
9
268435456
1000
100
1
0
1
0
0
1

0
1
4
1
4040
0
2
10
268435456
3000
500
5
1
0
1
0
0
1

1
1
1
1
4049
0
0
9
67108864
3000
50
1
0
1
0
0
1

3
1
8
2
4061
0
0
9
268435456
2000
250
1
0
1
0
0
1

3
1
2
1
4087
0
1
12
268435456
3000
50
60
1
1
0
1
0
0
1
0
0
1
4
1
4112
0
2
10
67108864
4000
50
10
1
0
1
0
0
1

1
1
2
2
4120
0
0
9
67108864
3000
50
1
0
1
0
0
1

1
1
8
4
4149
0
0
9
268435456
2000
250
1
0
1
0
0
1

0
1
2
2
4174
0
2
10
268435456
2000
100
5
1
0
1
0
0
1

0
1
1
1
4186
0
0
9
268435456
2000
500
1
0
1
0
0
1

0
1
1
1
4193
0
1
12
268435456
2000
250
78
1
1
0
1
0
0
1
0
1
1
2
1
4208
0
2
10
268435456
3000
500
1000
1
0
1
0
0
1

3
1
8
1
4209
0
1
11
67108864
2000
50
33
0
1
0
1
0
0
1
0
1
2
1
4215
0
2
10
268435456
2000
50
10
1
0
1
0
0
1

0
1
2
1
4223
0
0
9
134217728
2000
1000
1
0
1
0
0
1

0
1
4
2
4224
0
2
10
134217728
1000
50
10
1
0
1
0
0
1

3
1
1
1
4234
0
0
9
67108864
1000
50
1
0
1
0
0
1

1
1
1
1
4250
0
0
9
67108864
2000
1000
1
0
1
0
0
1

0
1
4
2
4256
0
2
10
268435456
2000
250
1000
1
0
1
0
0
1

1
1
2
1
4267
0
0
9
134217728
4000
500
1
0
1
0
0
1

0
1
2
1
4297
0
1
12
134217728
1000
100
28
1
1
0
1
0
0
1
0
0
1
8
2
4305
0
1
11
67108864
1000
1000
89
0
1
0
1
0
0
1
1
1
8
4
4333
0
0
9
67108864
3000
1000
1
0
1
0
0
1

1
1
1
1
4350
0
0
9
134217728
1000
250
1
0
1
0
0
1

3
1
1
1
4379
0
1
12
67108864
4000
50
55
1
1
0
1
0
0
1
0
3
1
1
1
4409
0
2
10
67108864
1000
1000
1
1
0
1
0
0
1

1
1
1
1
4433
0
1
11
134217728
1000
100
40
0
1
0
1
0
0
1
1
1
8
4
4436
0
0
9
268435456
3000
250
1
0
1
0
0
1

3
1
4
1
4458
0
1
11
134217728
1000
1000
87
0
1
0
1
0
0
1
3
1
8
1
4483
0
2
10
134217728
1000
500
10
1
0
1
0
0
1

0
1
8
4
4491
0
1
11
134217728
4000
1000
53
0
1
0
1
0
0
1
3
1
8
1
4496
0
1
11
134217728
4000
500
82
0
1
0
1
0
0
1
3
1
1
1
4521
0
0
9
134217728
4000
500
1
0
1
0
0
1

0
1
2
1
4530
0
2
10
67108864
2000
250
5
1
0
1
0
0
1

1
1
1
1
4542
0
0
9
268435456
2000
100
1
0
1
0
0
1

0
1
4
2
4562
0
0
9
67108864
2000
500
1
0
1
0
0
1

1
1
8
4
4588
0
1
11
134217728
2000
50
84
0
1
0
1
0
0
1
0
1
2
1
4599
0
0
9
67108864
3000
100
1
0
1
0
0
1

0
1
1
1
4611
0
1
11
67108864
1000
50
98
0
1
0
1
0
0
1
3
1
2
1
4624
0
2
10
67108864
2000
250
5
1
0
1
0
0
1

1
1
8
1
4640
0
1
12
67108864
2000
500
64
1
1
0
1
0
0
1
0
3
1
1
1
4649
0
1
11
268435456
2000
100
45
0
1
0
1
0
0
1
0
1
1
1
4657
0
0
9
67108864
2000
1000
1
0
1
0
0
1

3
1
2
2
4671
0
2
10
268435456
3000
250
100
1
0
1
0
0
1

1
1
8
4
4673
0
2
10
134217728
1000
500
1000
1
0
1
0
0
1

0
1
8
4
4676
0
1
11
134217728
1000
100
43
0
1
0
1
0
0
1
1
1
8
8
4683
0
0
9
134217728
2000
50
1
0
1
0
0
1

1
1
8
2
4712
0
0
9
134217728
4000
500
1
0
1
0
0
1

3
1
1
1
4729
0
1
11
134217728
4000
500
53
0
1
0
1
0
0
1
0
1
2
1
4746
0
2
10
134217728
4000
500
1000
1
0
1
0
0
1

1
1
4
4
4756
0
0
9
134217728
4000
1000
1
0
1
0
0
1

0
1
2
1
4758
0
1
11
268435456
3000
250
42
0
1
0
1
0
0
1
3
1
1
1
4784
0
1
12
134217728
4000
50
5
1
1
0
1
0
0
1
0
0
1
1
1
4806
0
0
9
134217728
4000
1000
1
0
1
0
0
1

1
1
4
2
4827
0
2
10
268435456
3000
500
1
1
0
1
0
0
1

3
1
2
1
4832
0
1
12
134217728
1000
1000
63
1
1
0
1
0
0
1
0
3
1
8
2
4842
0
1
11
134217728
4000
1000
8
0
1
0
1
0
0
1
3
1
8
1
4861
0
1
11
67108864
3000
250
16
0
1
0
1
0
0
1
1
1
4
2
4883
0
1
12
67108864
2000
500
37
1
1
0
1
0
0
1
0
3
1
2
1
4905
0
1
11
134217728
4000
500
86
0
1
0
1
0
0
1
1
1
2
1
4909
0
2
10
134217728
1000
100
1000
1
0
1
0
0
1

3
1
1
1
4933
0
1
12
67108864
2000
50
53
1
1
0
1
0
0
1
0
3
1
1
1
4963
0
0
9
134217728
3000
50
1
0
1
0
0
1

3
1
2
1
4976
0
0
9
134217728
1000
1000
1
0
1
0
0
1

3
1
8
8
4978
0
0
9
67108864
1000
1000
1
0
1
0
0
1

0
1
4
2
4989
0
0
9
134217728
1000
1000
1
0
1
0
0
1

3
1
4
2
4996
0
2
10
268435456
3000
50
5
1
0
1
0
0
1

0
1
8
2
5023
0
2
10
134217728
1000
50
5
1
0
1
0
0
1

1
1
1
1
5033
0
1
12
268435456
3000
100
69
1
1
0
1
0
0
1
0
3
1
8
1
5056
0
1
12
268435456
3000
50
54
1
1
0
1
0
0
1
0
3
1
1
1
5060
0
1
12
67108864
3000
100
49
1
1
0
1
0
0
1
0
3
1
4
2
5090
0
2
10
67108864
3000
100
1
1
0
1
0
0
1

0
1
1
1
5096
0
2
10
134217728
3000
250
1000
1
0
1
0
0
1

3
1
8
2
5103
0
1
12
134217728
4000
1000
83
1
1
0
1
0
0
1
0
0
1
1
1
5108
0
1
12
134217728
4000
100
39
1
1
0
1
0
0
1
0
3
1
8
1
5115
0
0
9
67108864
4000
100
1
0
1
0
0
1

1
1
1
1
5120
0
0
9
268435456
1000
500
1
0
1
0
0
1

3
1
1
1
5128
0
2
10
67108864
3000
100
10
1
0
1
0
0
1

1
1
8
1
5158
0
1
12
67108864
2000
50
4
1
1
0
1
0
0
1
0
0
1
8
2
5164
0
0
9
67108864
1000
500
1
0
1
0
0
1

0
1
2
2
5181
0
0
9
134217728
2000
100
1
0
1
0
0
1

1
1
4
2
5202
0
2
10
134217728
2000
500
100
1
0
1
0
0
1

1
1
4
1
5229
0
1
12
134217728
1000
1000
90
1
1
0
1
0
0
1
0
0
1
8
8
5247
0
2
10
67108864
3000
500
5
1
0
1
0
0
1

0
1
2
1
5257
0
0
9
67108864
2000
250
1
0
1
0
0
1

3
1
8
2
5284
0
1
11
67108864
3000
1000
30
0
1
0
1
0
0
1
3
1
1
1
5296
0
0
9
268435456
2000
500
1
0
1
0
0
1

3
1
2
2
5305
0
2
10
134217728
4000
50
100
1
0
1
0
0
1

1
1
2
1
5331
0
0
9
67108864
2000
1000
1
0
1
0
0
1

1
1
8
4
5333
0
1
11
134217728
4000
1000
83
0
1
0
1
0
0
1
0
1
1
1
5344
0
1
12
268435456
3000
500
49
1
1
0
1
0
0
1
0
0
1
2
2
5359
0
1
11
268435456
1000
250
86
0
1
0
1
0
0
1
3
1
2
1
5366
0
2
10
134217728
3000
100
5
1
0
1
0
0
1

3
1
8
2
5368
0
1
11
67108864
1000
1000
23
0
1
0
1
0
0
1
1
1
1
1
5394
0
2
10
67108864
4000
1000
1000
1
0
1
0
0
1

3
1
1
1
5412
0
2
10
67108864
3000
250
100
1
0
1
0
0
1

1
1
8
2
5435
0
1
11
67108864
1000
500
70
0
1
0
1
0
0
1
0
1
2
1
5459
0
2
10
268435456
2000
500
1000
1
0
1
0
0
1

1
1
1
1
5480
0
1
12
67108864
1000
250
28
1
1
0
1
0
0
1
0
3
1
2
1
5495
0
0
9
268435456
3000
500
1
0
1
0
0
1

0
1
2
1
5496
0
2
10
134217728
2000
1000
1000
1
0
1
0
0
1

0
1
2
1
5505
0
2
10
67108864
3000
250
1000
1
0
1
0
0
1

3
1
8
8
5514
0
1
12
268435456
2000
250
13
1
1
0
1
0
0
1
0
1
1
4
4
5525
0
2
10
268435456
2000
100
1
1
0
1
0
0
1

1
1
4
1
5540
0
2
10
67108864
2000
1000
5
1
0
1
0
0
1

0
1
8
2
5560
0
1
11
134217728
1000
500
18
0
1
0
1
0
0
1
3
1
4
2
5576
0
0
9
134217728
3000
500
1
0
1
0
0
1

1
1
1
1
5594
0
2
10
134217728
3000
250
1000
1
0
1
0
0
1

3
1
1
1
5616
0
2
10
67108864
3000
500
1000
1
0
1
0
0
1

0
1
4
2
5639
0
2
10
67108864
1000
50
1000
1
0
1
0
0
1

0
1
1
1
5658
0
0
9
134217728
2000
250
1
0
1
0
0
1

0
1
1
1
5667
0
2
10
67108864
3000
1000
1
1
0
1
0
0
1

1
1
4
4
5686
0
1
12
268435456
2000
100
90
1
1
0
1
0
0
1
0
0
1
4
2
5692
0
0
9
67108864
3000
50
1
0
1
0
0
1

1
1
1
1
5697
0
0
9
268435456
2000
250
1
0
1
0
0
1

0
1
1
1
5706
0
0
9
134217728
3000
250
1
0
1
0
0
1

1
1
1
1
5729
0
2
10
134217728
1000
100
100
1
0
1
0
0
1

0
1
2
1
5751
0
0
9
67108864
3000
50
1
0
1
0
0
1

0
1
4
2
5753
0
1
12
134217728
1000
50
76
1
1
0
1
0
0
1
0
3
1
8
2
5768
0
2
10
134217728
2000
100
5
1
0
1
0
0
1

3
1
1
1
5776
0
1
12
268435456
1000
500
89
1
1
0
1
0
0
1
0
1
1
4
2
5796
0
1
11
268435456
3000
250
62
0
1
0
1
0
0
1
1
1
1
1
5797
0
2
10
268435456
2000
50
1
1
0
1
0
0
1

1
1
4
4
5823
0
2
10
134217728
2000
500
10
1
0
1
0
0
1

0
1
8
2
5829
0
0
9
134217728
3000
1000
1
0
1
0
0
1

1
1
8
8
5859
0
2
10
134217728
3000
1000
1
1
0
1
0
0
1

1
1
4
4
5876
0
0
9
134217728
1000
250
1
0
1
0
0
1

0
1
2
1
5886
0
1
12
268435456
2000
50
48
1
1
0
1
0
0
1
0
1
1
1
1
5910
0
1
12
67108864
3000
100
36
1
1
0
1
0
0
1
0
0
1
4
2
5920
0
1
12
134217728
3000
500
52
1
1
0
1
0
0
1
0
1
1
2
2
5937
0
2
10
268435456
3000
250
1
1
0
1
0
0
1

0
1
2
2
5962
0
0
9
67108864
4000
1000
1
0
1
0
0
1

1
1
2
2
5981
0
1
12
67108864
4000
100
35
1
1
0
1
0
0
1
0
0
1
1
1
6010
0
0
9
134217728
2000
100
1
0
1
0
0
1

0
1
8
1
6039
0
0
9
268435456
3000
250
1
0
1
0
0
1

0
1
2
1
6050
0
2
10
67108864
4000
1000
1000
1
0
1
0
0
1

3
1
4
2
6062
0
2
10
268435456
3000
250
1
1
0
1
0
0
1

3
1
8
1
6079
0
0
9
67108864
3000
250
1
0
1
0
0
1

3
1
8
8
6085
0
1
12
134217728
1000
50
78
1
1
0
1
0
0
1
0
0
1
2
1
6102
0
1
12
67108864
4000
1000
99
1
1
0
1
0
0
1
0
0
1
8
4
6129
0
2
10
67108864
3000
500
10
1
0
1
0
0
1

1
1
8
8
6130
0
2
10
134217728
1000
50
10
1
0
1
0
0
1

1
1
8
1
6137
0
0
9
268435456
2000
50
1
0
1
0
0
1

0
1
4
4
6147
0
2
10
134217728
1000
250
1000
1
0
1
0
0
1

3
1
1
1
6168
0
0
9
134217728
4000
100
1
0
1
0
0
1

0
1
4
1
6176
0
1
12
134217728
4000
250
86
1
1
0
1
0
0
1
0
1
1
1
1
6194
0
1
11
268435456
2000
500
47
0
1
0
1
0
0
1
3
1
8
2
6196
0
0
9
268435456
3000
100
1
0
1
0
0
1

0
1
2
1
6225
0
1
11
268435456
3000
500
1
0
1
0
1
0
0
1
0
1
8
4
6244
0
2
10
67108864
3000
500
10
1
0
1
0
0
1

1
1
2
1
6258
0
1
12
67108864
2000
50
74
1
1
0
1
0
0
1
0
1
1
1
1
6274
0
0
9
268435456
3000
500
1
0
1
0
0
1

1
1
1
1
6303
0
2
10
134217728
4000
1000
1
1
0
1
0
0
1

1
1
8
8
6322
0
2
10
268435456
3000
50
5
1
0
1
0
0
1

1
1
4
4
6331
0
1
12
67108864
4000
50
46
1
1
0
1
0
0
1
0
3
1
4
1
6355
0
2
10
134217728
1000
50
100
1
0
1
0
0
1

3
1
1
1
6374
0
2
10
268435456
1000
50
1
1
0
1
0
0
1

0
1
2
2
6375
0
1
12
268435456
3000
500
48
1
1
0
1
0
0
1
0
1
1
1
1
6391
0
0
9
67108864
3000
250
1
0
1
0
0
1

1
1
2
1
6404
0
2
10
134217728
1000
500
100
1
0
1
0
0
1

0
1
2
1
6414
0
1
12
67108864
1000
250
6
1
1
0
1
0
0
1
0
1
1
2
1
6432
0
0
9
268435456
1000
100
1
0
1
0
0
1

3
1
4
2
6462
0
1
11
268435456
3000
50
36
0
1
0
1
0
0
1
1
1
1
1
6470
0
0
9
134217728
2000
50
1
0
1
0
0
1

3
1
1
1
6493
0
2
10
134217728
1000
250
100
1
0
1
0
0
1

3
1
1
1
6501
0
1
12
134217728
3000
50
66
1
1
0
1
0
0
1
0
3
1
8
2
6525
0
1
12
268435456
1000
500
79
1
1
0
1
0
0
1
0
0
1
1
1
6549
0
1
11
268435456
2000
500
53
0
1
0
1
0
0
1
1
1
4
2
6563
0
1
12
67108864
3000
50
73
1
1
0
1
0
0
1
0
3
1
4
4
6564
0
0
9
134217728
4000
500
1
0
1
0
0
1

1
1
8
2
6571
0
2
10
268435456
3000
250
100
1
0
1
0
0
1

0
1
2
1
6579
0
1
12
268435456
3000
500
20
1
1
0
1
0
0
1
0
1
1
2
1
6607
0
2
10
268435456
2000
50
1000
1
0
1
0
0
1

3
1
8
8
6627
0
2
10
268435456
1000
250
5
1
0
1
0
0
1

1
1
4
2
6652
0
2
10
134217728
2000
500
10
1
0
1
0
0
1

0
1
2
1
6666
0
2
10
134217728
4000
50
5
1
0
1
0
0
1

3
1
8
4
6689
0
0
9
134217728
3000
100
1
0
1
0
0
1

1
1
4
2
6704
0
2
10
134217728
4000
250
1
1
0
1
0
0
1

1
1
4
4
6730
0
1
12
268435456
2000
50
9
1
1
0
1
0
0
1
0
0
1
4
1
6731
0
0
9
268435456
3000
50
1
0
1
0
0
1

1
1
8
2
6753
0
0
9
268435456
3000
500
1
0
1
0
0
1

1
1
4
2
6764
0
2
10
268435456
3000
100
100
1
0
1
0
0
1

0
1
8
8
6783
0
2
10
67108864
2000
250
5
1
0
1
0
0
1

3
1
1
1
6790
0
0
9
67108864
3000
500
1
0
1
0
0
1

1
1
2
2
6811
0
2
10
134217728
4000
50
1
1
0
1
0
0
1

3
1
1
1
6832
0
1
11
268435456
2000
250
38
0
1
0
1
0
0
1
1
1
4
1
6852
0
2
10
67108864
3000
500
1000
1
0
1
0
0
1

0
1
1
1
6873
0
2
10
67108864
2000
1000
1000
1
0
1
0
0
1

1
1
8
4
6895
0
1
12
134217728
4000
250
41
1
1
0
1
0
0
1
0
3
1
2
1
6910
0
2
10
67108864
1000
100
10
1
0
1
0
0
1

0
1
4
4
6939
0
1
11
67108864
3000
50
81
0
1
0
1
0
0
1
3
1
8
1
6951
0
1
12
268435456
3000
100
44
1
1
0
1
0
0
1
0
3
1
2
1
6979
0
2
10
268435456
3000
50
1000
1
0
1
0
0
1

0
1
2
1
6990
0
0
9
268435456
3000
100
1
0
1
0
0
1

1
1
2
1
7002
0
2
10
134217728
4000
500
1
1
0
1
0
0
1

3
1
4
2
7007
0
2
10
268435456
2000
250
1000
1
0
1
0
0
1

0
1
8
1
7028
0
1
12
134217728
4000
250
79
1
1
0
1
0
0
1
0
3
1
8
8
7031
0
1
12
268435456
1000
500
9
1
1
0
1
0
0
1
0
1
1
2
1
7039
0
0
9
268435456
3000
250
1
0
1
0
0
1

3
1
4
4
7047
0
1
11
67108864
4000
500
77
0
1
0
1
0
0
1
3
1
1
1
7052
0
2
10
134217728
4000
500
1
1
0
1
0
0
1

3
1
2
1
7068
0
1
12
67108864
3000
50
8
1
1
0
1
0
0
1
0
1
1
2
1
7085
0
0
9
134217728
4000
500
1
0
1
0
0
1

3
1
4
2
7093
0
1
11
67108864
2000
500
91
0
1
0
1
0
0
1
0
1
8
2
7117
0
1
12
67108864
4000
500
1
1
1
0
1
0
0
1
0
3
1
1
1
7126
0
2
10
268435456
1000
50
100
1
0
1
0
0
1

0
1
4
2
7134
0
0
9
67108864
4000
100
1
0
1
0
0
1

3
1
4
2
7160
0
1
12
268435456
2000
250
20
1
1
0
1
0
0
1
0
3
1
2
2
7185
0
1
11
134217728
4000
100
71
0
1
0
1
0
0
1
3
1
1
1
7198
0
2
10
134217728
4000
250
10
1
0
1
0
0
1

3
1
8
1
7209
0
0
9
268435456
2000
50
1
0
1
0
0
1

1
1
8
4
7222
0
1
11
268435456
2000
250
34
0
1
0
1
0
0
1
0
1
1
1
7250
0
2
10
67108864
4000
100
100
1
0
1
0
0
1

1
1
2
1
7252
0
0
9
67108864
4000
250
1
0
1
0
0
1

3
1
1
1
7260
0
0
9
268435456
2000
250
1
0
1
0
0
1

0
1
1
1
7272
0
1
11
67108864
3000
100
89
0
1
0
1
0
0
1
3
1
8
2
7289
0
1
11
67108864
3000
1000
2
0
1
0
1
0
0
1
1
1
2
1
7291
0
1
12
134217728
2000
250
1
1
1
0
1
0
0
1
0
1
1
1
1
7304
0
1
11
134217728
1000
50
65
0
1
0
1
0
0
1
0
1
2
1
7322
0
0
9
134217728
4000
250
1
0
1
0
0
1

3
1
1
1
7346
0
1
11
67108864
4000
50
90
0
1
0
1
0
0
1
3
1
1
1
7371
0
1
12
67108864
1000
1000
84
1
1
0
1
0
0
1
0
3
1
2
1
7391
0
1
12
67108864
1000
500
46
1
1
0
1
0
0
1
0
0
1
8
8
7420
0
0
9
134217728
4000
500
1
0
1
0
0
1

1
1
4
1
7424
0
1
12
67108864
1000
100
94
1
1
0
1
0
0
1
0
1
1
8
2
7440
0
1
11
67108864
2000
100
9
0
1
0
1
0
0
1
3
1
2
1
7453
0
0
9
134217728
4000
500
1
0
1
0
0
1

0
1
8
2
7478
0
1
11
67108864
2000
250
85
0
1
0
1
0
0
1
3
1
8
2
7487
0
0
9
134217728
1000
100
1
0
1
0
0
1

1
1
4
2
7512
0
1
12
268435456
1000
500
95
1
1
0
1
0
0
1
0
1
1
2
1
7531
0
0
9
134217728
4000
250
1
0
1
0
0
1

0
1
1
1
7554
0
2
10
67108864
4000
100
1
1
0
1
0
0
1

1
1
2
1
7569
0
1
11
134217728
1000
1000
36
0
1
0
1
0
0
1
3
1
1
1
7590
0
2
10
67108864
2000
250
5
1
0
1
0
0
1

0
1
2
1
7592
0
2
10
268435456
2000
500
1
1
0
1
0
0
1

0
1
4
4
7595
0
1
11
268435456
3000
100
67
0
1
0
1
0
0
1
1
1
2
2
7625
0
2
10
268435456
1000
250
10
1
0
1
0
0
1

1
1
8
4
7636
0
2
10
134217728
2000
50
10
1
0
1
0
0
1

3
1
4
2
7654
0
1
12
268435456
3000
500
16
1
1
0
1
0
0
1
0
3
1
2
2
7664
0
0
9
134217728
1000
500
1
0
1
0
0
1

3
1
8
1
7682
0
2
10
268435456
2000
50
5
1
0
1
0
0
1

1
1
1
1
7697
0
2
10
134217728
4000
100
5
1
0
1
0
0
1

3
1
1
1
7698
0
1
11
268435456
3000
500
57
0
1
0
1
0
0
1
3
1
8
2
7712
0
0
9
67108864
3000
100
1
0
1
0
0
1

3
1
8
8
7726
0
2
10
134217728
4000
100
100
1
0
1
0
0
1

1
1
1
1
7740
0
1
11
268435456
1000
250
57
0
1
0
1
0
0
1
1
1
8
2
7770
0
0
9
268435456
3000
500
1
0
1
0
0
1

0
1
4
2
7779
0
2
10
134217728
4000
500
1
1
0
1
0
0
1

1
1
4
4
7793
0
2
10
268435456
3000
50
1000
1
0
1
0
0
1

0
1
2
2
7808
0
1
11
67108864
2000
100
57
0
1
0
1
0
0
1
0
1
4
2
7838
0
1
12
268435456
2000
250
97
1
1
0
1
0
0
1
0
0
1
8
2
7856
0
0
9
268435456
3000
50
1
0
1
0
0
1

0
1
1
1
7861
0
0
9
134217728
2000
1000
1
0
1
0
0
1

1
1
1
1
7878
0
0
9
134217728
4000
500
1
0
1
0
0
1

0
1
8
8
7908
0
0
9
268435456
2000
100
1
0
1
0
0
1

1
1
8
4
7929
0
0
9
268435456
3000
250
1
0
1
0
0
1

0
1
1
1
7956
0
0
9
134217728
3000
50
1
0
1
0
0
1

0
1
4
4
7979
0
2
10
134217728
3000
50
10
1
0
1
0
0
1

3
1
2
1
7993
0
1
12
67108864
3000
1000
83
1
1
0
1
0
0
1
0
1
1
1
1
7995
0
0
9
67108864
3000
500
1
0
1
0
0
1

0
1
4
4
8016
0
0
9
134217728
3000
100
1
0
1
0
0
1

0
1
1
1
8020
0
1
12
67108864
4000
1000
21
1
1
0
1
0
0
1
0
3
1
2
1
8033
0
0
9
268435456
2000
50
1
0
1
0
0
1

3
1
2
2
8050
0
1
12
134217728
3000
500
35
1
1
0
1
0
0
1
0
1
1
4
2
8060
0
2
10
67108864
4000
1000
10
1
0
1
0
0
1

1
1
2
2
8086
0
2
10
268435456
1000
500
5
1
0
1
0
0
1

0
1
8
2
8099
0
0
9
268435456
3000
100
1
0
1
0
0
1

0
1
8
4
8129
0
2
10
67108864
4000
250
100
1
0
1
0
0
1

3
1
4
1
8138
0
2
10
134217728
4000
250
10
1
0
1
0
0
1

1
1
4
1
8145
0
2
10
134217728
4000
100
1000
1
0
1
0
0
1

0
1
1
1
8150
0
2
10
67108864
1000
1000
1000
1
0
1
0
0
1

3
1
4
4
8177
0
2
10
268435456
3000
500
100
1
0
1
0
0
1

3
1
2
1
8181
0
1
11
134217728
1000
50
68
0
1
0
1
0
0
1
3
1
2
1
8211
0
0
9
268435456
2000
500
1
0
1
0
0
1

1
1
8
1
8215
0
1
11
134217728
4000
100
96
0
1
0
1
0
0
1
3
1
2
1
8217
0
0
9
134217728
3000
250
1
0
1
0
0
1

0
1
8
1
8244
0
2
10
268435456
3000
250
10
1
0
1
0
0
1

0
1
2
1
8245
0
2
10
134217728
3000
100
1000
1
0
1
0
0
1

0
1
2
2
8254
0
0
9
67108864
4000
250
1
0
1
0
0
1

3
1
8
2
8261
0
1
11
67108864
3000
500
5
0
1
0
1
0
0
1
1
1
4
2
8265
0
2
10
134217728
2000
250
10
1
0
1
0
0
1

3
1
8
4
8283
0
1
12
268435456
3000
500
4
1
1
0
1
0
0
1
0
3
1
1
1
8285
0
0
9
134217728
2000
50
1
0
1
0
0
1

1
1
8
8
8295
0
2
10
134217728
3000
100
1000
1
0
1
0
0
1

1
1
2
2
8309
0
1
12
268435456
2000
100
43
1
1
0
1
0
0
1
0
0
1
1
1
8315
0
0
9
67108864
4000
250
1
0
1
0
0
1

3
1
8
1
8323
0
2
10
268435456
2000
50
1
1
0
1
0
0
1

3
1
4
2
8352
0
1
11
67108864
1000
1000
13
0
1
0
1
0
0
1
0
1
4
2
8368
0
2
10
134217728
2000
250
5
1
0
1
0
0
1

3
1
2
1
8377
0
2
10
67108864
3000
1000
1
1
0
1
0
0
1

3
1
1
1
8382
0
1
11
268435456
3000
50
71
0
1
0
1
0
0
1
0
1
8
4
8396
0
2
10
134217728
2000
100
5
1
0
1
0
0
1

1
1
4
4
8412
0
0
9
268435456
1000
50
1
0
1
0
0
1

3
1
1
1
8438
0
0
9
134217728
4000
1000
1
0
1
0
0
1

0
1
4
4
8467
0
2
10
67108864
2000
50
1000
1
0
1
0
0
1

3
1
1
1
8491
0
0
9
268435456
2000
250
1
0
1
0
0
1

3
1
2
2
8505
0
1
11
134217728
2000
1000
94
0
1
0
1
0
0
1
0
1
1
1
8535
0
2
10
67108864
4000
50
1
1
0
1
0
0
1

3
1
1
1
8546
0
1
11
268435456
3000
250
37
0
1
0
1
0
0
1
0
1
8
4
8550
0
0
9
268435456
2000
100
1
0
1
0
0
1

3
1
4
4
8558
0
2
10
268435456
3000
250
10
1
0
1
0
0
1

3
1
2
2
8587
0
2
10
268435456
3000
100
10
1
0
1
0
0
1

3
1
4
4
8615
0
1
11
268435456
2000
250
23
0
1
0
1
0
0
1
1
1
1
1
8620
0
2
10
268435456
1000
500
100
1
0
1
0
0
1

1
1
8
4
8625
0
1
12
268435456
1000
250
8
1
1
0
1
0
0
1
0
3
1
8
2
8638
0
1
12
67108864
2000
100
29
1
1
0
1
0
0
1
0
1
1
4
2
8640
0
1
12
134217728
2000
1000
7
1
1
0
1
0
0
1
0
0
1
4
4
8657
0
2
10
134217728
1000
100
10
1
0
1
0
0
1

1
1
2
1
8673
0
2
10
67108864
4000
500
10
1
0
1
0
0
1

3
1
8
4
8692
0
2
10
67108864
1000
100
100
1
0
1
0
0
1

3
1
1
1
8715
0
0
9
268435456
3000
500
1
0
1
0
0
1

1
1
1
1
8737
0
1
11
67108864
1000
50
44
0
1
0
1
0
0
1
3
1
4
2
8763
0
0
9
134217728
3000
500
1
0
1
0
0
1

1
1
4
4
8783
0
0
9
67108864
3000
1000
1
0
1
0
0
1

1
1
8
2
8802
0
1
12
268435456
3000
500
24
1
1
0
1
0
0
1
0
0
1
1
1
8826
0
0
9
268435456
3000
250
1
0
1
0
0
1

1
1
2
2
8827
0
2
10
67108864
2000
1000
10
1
0
1
0
0
1

3
1
8
2
8841
0
2
10
268435456
3000
50
5
1
0
1
0
0
1

1
1
1
1
8845
0
2
10
268435456
3000
100
1000
1
0
1
0
0
1

0
1
4
2
8863
0
2
10
268435456
2000
500
100
1
0
1
0
0
1

0
1
2
1
8872
0
1
12
134217728
1000
100
82
1
1
0
1
0
0
1
0
0
1
4
1
8884
0
2
10
67108864
2000
1000
5
1
0
1
0
0
1

1
1
2
1
8914
0
0
9
134217728
2000
1000
1
0
1
0
0
1

0
1
8
2
8920
0
2
10
268435456
2000
100
5
1
0
1
0
0
1

1
1
8
4
8924
0
2
10
268435456
2000
250
1
1
0
1
0
0
1

3
1
2
1
8954
0
0
9
268435456
1000
100
1
0
1
0
0
1

3
1
4
1
8969
0
1
11
67108864
3000
250
67
0
1
0
1
0
0
1
3
1
2
1
8988
0
2
10
134217728
1000
1000
1000
1
0
1
0
0
1

1
1
4
1
8990
0
0
9
134217728
1000
50
1
0
1
0
0
1

0
1
2
2
9004
0
2
10
67108864
4000
250
100
1
0
1
0
0
1

1
1
1
1
9021
0
0
9
67108864
4000
1000
1
0
1
0
0
1

3
1
4
1
9034
0
1
12
268435456
1000
500
34
1
1
0
1
0
0
1
0
3
1
8
4
9064
0
0
9
67108864
4000
250
1
0
1
0
0
1

1
1
8
1
9094
0
1
11
67108864
2000
500
21
0
1
0
1
0
0
1
1
1
8
1
9119
0
1
11
67108864
1000
250
93
0
1
0
1
0
0
1
0
1
4
2
9133
0
1
12
134217728
4000
250
77
1
1
0
1
0
0
1
0
3
1
2
1
9150
0
2
10
268435456
3000
500
1000
1
0
1
0
0
1

3
1
8
4
9157
0
1
12
134217728
3000
50
71
1
1
0
1
0
0
1
0
0
1
1
1
9163
0
2
10
67108864
4000
100
10
1
0
1
0
0
1

3
1
4
2
9179
0
2
10
134217728
3000
250
1000
1
0
1
0
0
1

3
1
8
1
9182
0
2
10
268435456
3000
50
100
1
0
1
0
0
1

1
1
1
1
9191
0
0
9
268435456
2000
100
1
0
1
0
0
1

1
1
2
2
9195
0
2
10
134217728
1000
1000
10
1
0
1
0
0
1

3
1
1
1
9202
0
0
9
67108864
4000
500
1
0
1
0
0
1

0
1
4
1
9203
0
0
9
268435456
3000
50
1
0
1
0
0
1

3
1
2
1
9228
0
2
10
268435456
3000
100
1000
1
0
1
0
0
1

3
1
1
1
9247
0
2
10
134217728
1000
100
5
1
0
1
0
0
1

1
1
1
1
9259
0
2
10
268435456
2000
500
1
1
0
1
0
0
1

0
1
8
2
9273
0
1
11
268435456
3000
100
31
0
1
0
1
0
0
1
1
1
8
2
9288
0
2
10
134217728
2000
50
100
1
0
1
0
0
1

1
1
1
1
9299
0
2
10
134217728
2000
250
100
1
0
1
0
0
1

1
1
8
4
9324
0
0
9
268435456
3000
500
1
0
1
0
0
1

1
1
8
1
9345
0
1
11
134217728
4000
100
3
0
1
0
1
0
0
1
1
1
1
1
9348
0
2
10
67108864
4000
100
1000
1
0
1
0
0
1

3
1
8
2
9351
0
2
10
134217728
1000
250
10
1
0
1
0
0
1

0
1
2
2
9379
0
0
9
67108864
2000
1000
1
0
1
0
0
1

0
1
1
1
9403
0
0
9
268435456
1000
500
1
0
1
0
0
1

3
1
4
4
9411
0
0
9
67108864
3000
500
1
0
1
0
0
1

0
1
8
1
9419
0
1
12
268435456
3000
500
11
1
1
0
1
0
0
1
0
1
1
8
8
9435
0
0
9
134217728
3000
50
1
0
1
0
0
1

3
1
4
1
9449
0
1
12
134217728
1000
500
81
1
1
0
1
0
0
1
0
1
1
4
2
9451
0
2
10
67108864
2000
50
1000
1
0
1
0
0
1

1
1
2
2
9454
0
2
10
268435456
3000
250
10
1
0
1
0
0
1

1
1
8
2
9468
0
0
9
268435456
1000
250
1
0
1
0
0
1

1
1
4
1
9498
0
2
10
134217728
1000
250
1
1
0
1
0
0
1

3
1
2
1
9524
0
0
9
268435456
1000
250
1
0
1
0
0
1

0
1
1
1
9547
0
1
12
67108864
2000
250
56
1
1
0
1
0
0
1
0
3
1
1
1
9562
0
0
9
134217728
4000
100
1
0
1
0
0
1

0
1
2
1
9569
0
2
10
134217728
4000
50
10
1
0
1
0
0
1

0
1
1
1
9581
0
1
12
134217728
3000
100
95
1
1
0
1
0
0
1
0
3
1
2
1
9608
0
1
12
134217728
2000
100
85
1
1
0
1
0
0
1
0
1
1
1
1
9624
0
1
12
268435456
1000
100
79
1
1
0
1
0
0
1
0
0
1
1
1
9631
0
1
11
134217728
3000
250
31
0
1
0
1
0
0
1
3
1
4
4
9656
0
1
12
134217728
2000
50
83
1
1
0
1
0
0
1
0
1
1
2
2
9664
0
1
11
67108864
2000
100
37
0
1
0
1
0
0
1
1
1
8
4
9684
0
0
9
67108864
4000
500
1
0
1
0
0
1

1
1
2
1
9710
0
0
9
134217728
1000
1000
1
0
1
0
0
1

0
1
1
1
9727
0
0
9
134217728
1000
1000
1
0
1
0
0
1

1
1
8
1
9731
0
0
9
67108864
3000
50
1
0
1
0
0
1

0
1
2
2
9741
0
2
10
134217728
4000
50
1000
1
0
1
0
0
1

0
1
4
2
9757
0
2
10
134217728
2000
100
1000
1
0
1
0
0
1

0
1
4
1
9787
0
0
9
67108864
4000
1000
1
0
1
0
0
1

3
1
2
1
9811
0
2
10
268435456
1000
250
1
1
0
1
0
0
1

1
1
2
1
9835
0
0
9
134217728
3000
250
1
0
1
0
0
1

3
1
1
1
9859
0
1
11
67108864
2000
500
2
0
1
0
1
0
0
1
0
1
1
1
9861
0
1
12
67108864
4000
50
45
1
1
0
1
0
0
1
0
3
1
8
8
9867
0
2
10
268435456
3000
100
1000
1
0
1
0
0
1

0
1
8
8
9871
0
0
9
134217728
3000
500
1
0
1
0
0
1

1
1
8
1
9901
0
1
11
268435456
2000
500
28
0
1
0
1
0
0
1
1
1
1
1
9904
0
1
11
268435456
3000
500
19
0
1
0
1
0
0
1
1
1
8
4
9927
0
0
9
67108864
4000
100
1
0
1
0
0
1

0
1
4
1
9941
0
1
11
67108864
3000
50
35
0
1
0
1
0
0
1
1
1
2
1
9958
0
1
12
268435456
3000
50
97
1
1
0
1
0
0
1
0
3
1
2
1
9974
0
2
10
67108864
1000
250
5
1
0
1
0
0
1

1
1
1
1
9985
0
1
11
268435456
3000
100
53
0
1
0
1
0
0
1
1
1
8
4
9999
0
2
10
268435456
2000
250
1000
1
0
1
0
0
1

3
1
8
4
10007
0
1
11
67108864
4000
250
58
0
1
0
1
0
0
1
1
1
4
2
10016
0
0
9
67108864
3000
250
1
0
1
0
0
1

3
1
1
1
10033
0
2
10
67108864
4000
500
1
1
0
1
0
0
1

1
1
2
1
10063
0
1
11
134217728
1000
1000
65
0
1
0
1
0
0
1
0
1
2
1
10090
0
0
9
268435456
3000
500
1
0
1
0
0
1

0
1
1
1
10093
0
1
11
67108864
1000
500
5
0
1
0
1
0
0
1
1
1
2
1
10120
0
1
11
134217728
3000
250
94
0
1
0
1
0
0
1
3
1
4
2
10142
0
0
9
268435456
2000
500
1
0
1
0
0
1

0
1
4
1
10165
0
0
9
67108864
2000
100
1
0
1
0
0
1

0
1
1
1
10181
0
1
12
134217728
3000
1000
68
1
1
0
1
0
0
1
0
1
1
2
1
10184
0
0
9
268435456
3000
100
1
0
1
0
0
1

0
1
4
2
10210
0
1
11
67108864
2000
50
41
0
1
0
1
0
0
1
3
1
2
1
10218
0
2
10
268435456
3000
250
100
1
0
1
0
0
1

0
1
1
1
10219
0
1
12
134217728
1000
1000
60
1
1
0
1
0
0
1
0
0
1
1
1
10225
0
0
9
134217728
2000
100
1
0
1
0
0
1

1
1
4
1
10230
0
2
10
268435456
2000
50
1000
1
0
1
0
0
1

0
1
1
1
10259
0
1
11
134217728
1000
1000
32
0
1
0
1
0
0
1
1
1
8
4
10281
0
0
9
67108864
1000
250
1
0
1
0
0
1

1
1
4
4
10302
0
0
9
268435456
1000
250
1
0
1
0
0
1

3
1
2
1
10323
0
1
12
67108864
3000
250
29
1
1
0
1
0
0
1
0
3
1
1
1
10343
0
2
10
134217728
4000
50
100
1
0
1
0
0
1

0
1
2
2
10356
0
1
12
268435456
3000
500
69
1
1
0
1
0
0
1
0
3
1
2
1
10372
0
0
9
134217728
2000
1000
1
0
1
0
0
1

1
1
4
2
10386
0
1
12
134217728
1000
50
26
1
1
0
1
0
0
1
0
0
1
2
1
10398
0
1
11
134217728
4000
100
66
0
1
0
1
0
0
1
0
1
8
1
10427
0
1
12
67108864
4000
250
48
1
1
0
1
0
0
1
0
1
1
4
2
10430
0
2
10
134217728
3000
500
5
1
0
1
0
0
1

0
1
1
1
10442
0
1
12
67108864
1000
50
48
1
1
0
1
0
0
1
0
1
1
8
1
10444
0
2
10
67108864
1000
500
5
1
0
1
0
0
1

0
1
4
2
10455
0
2
10
134217728
2000
100
10
1
0
1
0
0
1

1
1
8
8
10460
0
2
10
67108864
4000
500
10
1
0
1
0
0
1

0
1
1
1
10472
0
2
10
67108864
2000
500
10
1
0
1
0
0
1

1
1
2
1
10484
0
1
11
268435456
2000
500
35
0
1
0
1
0
0
1
3
1
1
1
10502
0
1
12
268435456
2000
50
31
1
1
0
1
0
0
1
0
0
1
2
1
10523
0
1
12
67108864
3000
50
55
1
1
0
1
0
0
1
0
0
1
2
1
10549
0
1
11
268435456
3000
100
12
0
1
0
1
0
0
1
3
1
1
1
10577
0
1
11
67108864
1000
500
28
0
1
0
1
0
0
1
0
1
2
1
10601
0
2
10
134217728
1000
500
100
1
0
1
0
0
1

1
1
2
1
10625
0
1
11
67108864
2000
50
44
0
1
0
1
0
0
1
1
1
1
1
10648
0
0
9
67108864
2000
50
1
0
1
0
0
1

1
1
2
2
10663
0
0
9
134217728
2000
1000
1
0
1
0
0
1

0
1
8
4
10685
0
1
12
67108864
1000
500
33
1
1
0
1
0
0
1
0
1
1
1
1
10694
0
1
12
268435456
2000
50
85
1
1
0
1
0
0
1
0
1
1
8
8
10711
0
0
9
268435456
3000
500
1
0
1
0
0
1

0
1
4
2
10740
0
2
10
67108864
1000
500
1
1
0
1
0
0
1

3
1
8
8
10745
0
0
9
268435456
1000
250
1
0
1
0
0
1

0
1
2
1
10749
0
2
10
268435456
2000
500
5
1
0
1
0
0
1

1
1
8
4
10760
0
0
9
67108864
2000
250
1
0
1
0
0
1

3
1
1
1
10761
0
1
11
268435456
1000
50
99
0
1
0
1
0
0
1
3
1
4
1
10782
0
0
9
134217728
4000
250
1
0
1
0
0
1

1
1
8
8
10792
0
2
10
67108864
2000
250
1000
1
0
1
0
0
1

0
1
4
2
10805
0
1
11
67108864
3000
1000
54
0
1
0
1
0
0
1
3
1
2
1
10814
0
0
9
268435456
2000
250
1
0
1
0
0
1

1
1
1
1
10840
0
1
12
67108864
4000
500
91
1
1
0
1
0
0
1
0
3
1
1
1
10855
0
0
9
134217728
4000
100
1
0
1
0
0
1

3
1
4
2
10885
0
1
12
134217728
2000
100
19
1
1
0
1
0
0
1
0
1
1
2
1
10896
0
0
9
268435456
3000
500
1
0
1
0
0
1

1
1
4
2
10912
0
2
10
67108864
2000
100
1
1
0
1
0
0
1

3
1
4
4
10939
0
0
9
134217728
2000
50
1
0
1
0
0
1

1
1
2
1
10950
0
2
10
268435456
2000
50
5
1
0
1
0
0
1

0
1
8
8
10974
0
1
11
134217728
4000
50
56
0
1
0
1
0
0
1
1
1
4
2
10990
0
1
12
134217728
4000
1000
33
1
1
0
1
0
0
1
0
1
1
2
1
11002
0
1
11
67108864
3000
1000
16
0
1
0
1
0
0
1
0
1
4
2
11015
0
0
9
67108864
3000
50
1
0
1
0
0
1

1
1
4
2
11018
0
2
10
67108864
3000
250
1000
1
0
1
0
0
1

1
1
2
2
11032
0
2
10
134217728
4000
250
1000
1
0
1
0
0
1

3
1
8
4
11043
0
0
9
67108864
4000
500
1
0
1
0
0
1

0
1
4
2
11053
0
2
10
134217728
2000
1000
1
1
0
1
0
0
1

0
1
8
8
11057
0
1
11
134217728
3000
100
19
0
1
0
1
0
0
1
0
1
2
1
11068
0
1
12
134217728
4000
100
68
1
1
0
1
0
0
1
0
3
1
4
4
11077
0
2
10
67108864
1000
500
5
1
0
1
0
0
1

3
1
4
2
11078
0
2
10
134217728
2000
500
5
1
0
1
0
0
1

1
1
1
1
11106
0
2
10
268435456
1000
100
1
1
0
1
0
0
1

1
1
8
2
11127
0
1
12
134217728
4000
1000
5
1
1
0
1
0
0
1
0
0
1
1
1
11148
0
0
9
67108864
3000
250
1
0
1
0
0
1

0
1
8
8
11160
0
2
10
67108864
2000
50
10
1
0
1
0
0
1

1
1
8
1
11188
0
2
10
67108864
4000
100
1000
1
0
1
0
0
1

0
1
1
1
11214
0
2
10
134217728
3000
100
1
1
0
1
0
0
1

3
1
1
1
11233
0
0
9
268435456
2000
500
1
0
1
0
0
1

1
1
1
1
11235
0
0
9
67108864
4000
50
1
0
1
0
0
1

3
1
2
1
11248
0
2
10
67108864
1000
500
5
1
0
1
0
0
1

0
1
1
1
11273
0
1
12
67108864
3000
250
83
1
1
0
1
0
0
1
0
3
1
2
1
11293
0
2
10
268435456
3000
500
10
1
0
1
0
0
1

1
1
4
2
11295
0
0
9
134217728
1000
500
1
0
1
0
0
1

0
1
8
4
11307
0
1
12
67108864
2000
100
48
1
1
0
1
0
0
1
0
3
1
4
1
11323
0
2
10
67108864
3000
250
5
1
0
1
0
0
1

3
1
2
1
11343
0
0
9
67108864
2000
100
1
0
1
0
0
1

1
1
1
1
11373
0
0
9
134217728
3000
250
1
0
1
0
0
1

1
1
4
2
11385
0
0
9
268435456
2000
500
1
0
1
0
0
1

3
1
8
8
11387
0
0
9
268435456
1000
500
1
0
1
0
0
1

1
1
1
1
11404
0
0
9
67108864
3000
50
1
0
1
0
0
1

1
1
8
8
11420
0
1
11
268435456
3000
100
84
0
1
0
1
0
0
1
1
1
2
1
11434
0
1
11
268435456
3000
500
69
0
1
0
1
0
0
1
0
1
2
1
11455
0
1
12
67108864
2000
100
25
1
1
0
1
0
0
1
0
3
1
8
8
11456
0
2
10
134217728
1000
100
1000
1
0
1
0
0
1

0
1
2
1
11482
0
2
10
67108864
3000
50
5
1
0
1
0
0
1

0
1
1
1
11505
0
0
9
67108864
1000
1000
1
0
1
0
0
1

1
1
4
4
11506
0
0
9
67108864
4000
1000
1
0
1
0
0
1

3
1
2
1
11526
0
2
10
268435456
3000
100
5
1
0
1
0
0
1

1
1
8
1
11549
0
0
9
134217728
1000
500
1
0
1
0
0
1

3
1
8
8
11567
0
1
12
67108864
2000
500
50
1
1
0
1
0
0
1
0
1
1
2
2
11595
0
0
9
268435456
3000
50
1
0
1
0
0
1

1
1
1
1
11599
0
1
11
67108864
3000
100
8
0
1
0
1
0
0
1
0
1
2
1
11611
0
1
11
67108864
2000
100
12
0
1
0
1
0
0
1
0
1
8
4
11620
0
1
11
67108864
1000
250
97
0
1
0
1
0
0
1
0
1
4
4
11625
0
1
11
134217728
2000
50
58
0
1
0
1
0
0
1
1
1
1
1
11655
0
1
11
67108864
4000
1000
48
0
1
0
1
0
0
1
1
1
2
1
11666
0
2
10
67108864
4000
250
10
1
0
1
0
0
1

3
1
2
1
11680
0
0
9
67108864
4000
500
1
0
1
0
0
1

0
1
4
2
11709
0
1
12
268435456
2000
100
90
1
1
0
1
0
0
1
0
1
1
4
2
11729
0
0
9
134217728
2000
100
1
0
1
0
0
1

3
1
4
2
11735
0
0
9
134217728
3000
100
1
0
1
0
0
1

3
1
1
1
11755
0
1
12
134217728
2000
1000
22
1
1
0
1
0
0
1
0
0
1
8
1
11776
0
0
9
268435456
2000
500
1
0
1
0
0
1

0
1
8
8
11783
0
0
9
268435456
2000
50
1
0
1
0
0
1

1
1
8
4
11795
0
2
10
134217728
3000
1000
100
1
0
1
0
0
1

3
1
8
1
11801
0
1
11
67108864
4000
1000
22
0
1
0
1
0
0
1
1
1
1
1
11803
0
2
10
268435456
2000
500
5
1
0
1
0
0
1

1
1
4
4
11808
0
1
11
134217728
1000
1000
87
0
1
0
1
0
0
1
3
1
4
2
11812
0
2
10
268435456
1000
50
100
1
0
1
0
0
1

1
1
2
1
11826
0
0
9
268435456
3000
100
1
0
1
0
0
1

1
1
8
4
11828
0
1
11
268435456
3000
500
61
0
1
0
1
0
0
1
1
1
8
1
11844
0
2
10
134217728
1000
1000
100
1
0
1
0
0
1

1
1
4
2
11858
0
0
9
134217728
3000
50
1
0
1
0
0
1

3
1
4
4
11876
0
0
9
268435456
1000
500
1
0
1
0
0
1

1
1
4
4
11883
0
1
12
268435456
3000
500
83
1
1
0
1
0
0
1
0
1
1
1
1
11910
0
1
11
134217728
4000
100
10
0
1
0
1
0
0
1
3
1
2
1
11916
0
2
10
67108864
3000
100
10
1
0
1
0
0
1

1
1
4
2
11926
0
0
9
268435456
3000
50
1
0
1
0
0
1

0
1
1
1
11936
0
0
9
134217728
4000
500
1
0
1
0
0
1

0
1
8
2
11959
0
0
9
67108864
2000
50
1
0
1
0
0
1

0
1
1
1
11984
0
0
9
134217728
4000
50
1
0
1
0
0
1

1
1
8
1
11997
0
1
11
67108864
4000
1000
70
0
1
0
1
0
0
1
3
1
2
2
11998
0
1
11
67108864
2000
1000
60
0
1
0
1
0
0
1
3
1
1
1
12017
0
2
10
268435456
2000
50
1
1
0
1
0
0
1

3
1
1
1
12019
0
2
10
134217728
2000
1000
1000
1
0
1
0
0
1

3
1
2
2
12045
0
0
9
134217728
1000
50
1
0
1
0
0
1

3
1
1
1
12048
0
2
10
134217728
3000
500
5
1
0
1
0
0
1

3
1
1
1
12059
0
1
11
134217728
2000
250
9
0
1
0
1
0
0
1
3
1
4
2
12067
0
1
12
67108864
2000
100
59
1
1
0
1
0
0
1
0
1
1
8
1
12078
0
0
9
67108864
1000
250
1
0
1
0
0
1

0
1
8
4
12090
0
2
10
268435456
1000
100
100
1
0
1
0
0
1

0
1
1
1
12114
0
2
10
268435456
3000
500
100
1
0
1
0
0
1

3
1
1
1
12132
0
1
12
134217728
2000
250
86
1
1
0
1
0
0
1
0
3
1
8
1
12151
0
1
11
67108864
1000
250
38
0
1
0
1
0
0
1
3
1
2
1
12177
0
0
9
67108864
2000
50
1
0
1
0
0
1

1
1
1
1
12183
0
0
9
134217728
1000
50
1
0
1
0
0
1

0
1
2
1
12203
0
2
10
67108864
4000
50
1
1
0
1
0
0
1

0
1
2
2
12214
0
2
10
134217728
3000
100
1
1
0
1
0
0
1

3
1
1
1
12233
0
2
10
67108864
2000
50
1000
1
0
1
0
0
1

1
1
1
1
12259
0
0
9
134217728
3000
1000
1
0
1
0
0
1

3
1
2
1
12283
0
2
10
134217728
1000
1000
1
1
0
1
0
0
1

3
1
1
1
12300
0
1
12
134217728
2000
250
53
1
1
0
1
0
0
1
0
0
1
1
1
12316
0
2
10
67108864
1000
500
1000
1
0
1
0
0
1

0
1
8
4
12338
0
0
9
134217728
2000
1000
1
0
1
0
0
1

1
1
1
1
12357
0
2
10
268435456
3000
50
100
1
0
1
0
0
1

3
1
1
1
12366
0
1
12
268435456
3000
50
38
1
1
0
1
0
0
1
0
3
1
1
1
12388
0
1
11
268435456
3000
500
92
0
1
0
1
0
0
1
0
1
4
2
12410
0
0
9
134217728
4000
500
1
0
1
0
0
1

1
1
2
1
12425
0
2
10
268435456
1000
100
1000
1
0
1
0
0
1

3
1
2
1
12451
0
2
10
134217728
3000
50
10
1
0
1
0
0
1

0
1
8
8
12473
0
2
10
67108864
1000
1000
10
1
0
1
0
0
1

0
1
2
1
12491
0
1
12
134217728
2000
100
87
1
1
0
1
0
0
1
0
1
1
1
1
12498
0
0
9
67108864
1000
500
1
0
1
0
0
1

1
1
4
1
12521
0
0
9
134217728
2000
1000
1
0
1
0
0
1

3
1
8
2
12542
0
1
11
67108864
2000
500
60
0
1
0
1
0
0
1
1
1
1
1
12556
0
0
9
67108864
2000
500
1
0
1
0
0
1

1
1
8
8
12559
0
2
10
134217728
1000
500
100
1
0
1
0
0
1

1
1
4
2
12572
0
0
9
268435456
2000
500
1
0
1
0
0
1

3
1
4
2
12573
0
1
12
134217728
2000
1000
63
1
1
0
1
0
0
1
0
1
1
4
4
12579
0
0
9
134217728
2000
50
1
0
1
0
0
1

1
1
1
1
12589
0
2
10
268435456
1000
100
1
1
0
1
0
0
1

0
1
1
1
12593
0
0
9
67108864
1000
50
1
0
1
0
0
1

1
1
1
1
12620
0
1
12
134217728
4000
1000
98
1
1
0
1
0
0
1
0
3
1
4
1
12627
0
1
11
67108864
2000
50
23
0
1
0
1
0
0
1
1
1
4
2
12631
0
0
9
67108864
2000
100
1
0
1
0
0
1

3
1
2
2
12638
0
0
9
134217728
2000
100
1
0
1
0
0
1

1
1
8
2
12648
0
0
9
67108864
1000
100
1
0
1
0
0
1

1
1
1
1
12651
0
1
12
134217728
3000
250
65
1
1
0
1
0
0
1
0
0
1
8
8
12675
0
2
10
268435456
2000
50
100
1
0
1
0
0
1

3
1
2
1
12687
0
2
10
268435456
1000
500
100
1
0
1
0
0
1

1
1
4
1
12712
0
2
10
67108864
1000
250
1
1
0
1
0
0
1

3
1
1
1
12733
0
0
9
134217728
4000
100
1
0
1
0
0
1

3
1
8
8
12744
0
0
9
134217728
4000
250
1
0
1
0
0
1

0
1
4
1
12760
0
0
9
134217728
1000
100
1
0
1
0
0
1

0
1
2
1
12777
0
0
9
268435456
1000
500
1
0
1
0
0
1

1
1
1
1
12799
0
0
9
268435456
3000
100
1
0
1
0
0
1

3
1
8
4
12808
0
2
10
268435456
3000
100
100
1
0
1
0
0
1

3
1
1
1
12836
0
2
10
134217728
3000
1000
100
1
0
1
0
0
1

0
1
2
1
12864
0
0
9
268435456
3000
500
1
0
1
0
0
1

3
1
1
1
12885
0
2
10
67108864
1000
50
5
1
0
1
0
0
1

1
1
8
1
12894
0
0
9
134217728
4000
250
1
0
1
0
0
1

3
1
8
1
12921
0
0
9
268435456
2000
500
1
0
1
0
0
1

0
1
8
2
12947
0
0
9
134217728
2000
1000
1
0
1
0
0
1

3
1
8
1
12961
0
0
9
67108864
3000
500
1
0
1
0
0
1

0
1
4
1
12972
0
2
10
268435456
1000
250
1
1
0
1
0
0
1

3
1
4
2
12980
0
2
10
67108864
1000
50
1
1
0
1
0
0
1

0
1
1
1
12989
0
0
9
134217728
4000
1000
1
0
1
0
0
1

0
1
1
1
13016
0
2
10
268435456
3000
100
5
1
0
1
0
0
1

3
1
2
1
13035
0
0
9
268435456
3000
100
1
0
1
0
0
1

3
1
2
1
13058
0
0
9
268435456
3000
50
1
0
1
0
0
1

0
1
1
1
13078
0
0
9
134217728
4000
500
1
0
1
0
0
1

3
1
8
1
13108
0
0
9
134217728
3000
100
1
0
1
0
0
1

0
1
8
8
13126
0
2
10
134217728
3000
50
5
1
0
1
0
0
1

0
1
2
1
13135
0
0
9
134217728
1000
500
1
0
1
0
0
1

0
1
8
4
13163
0
2
10
134217728
2000
500
10
1
0
1
0
0
1

3
1
1
1
13168
0
0
9
67108864
2000
50
1
0
1
0
0
1

1
1
4
4
13197
0
2
10
134217728
2000
1000
10
1
0
1
0
0
1

3
1
8
4
13218
0
2
10
134217728
4000
500
1000
1
0
1
0
0
1

0
1
8
8
13233
0
0
9
67108864
2000
100
1
0
1
0
0
1

1
1
8
8
13262
0
0
9
268435456
2000
500
1
0
1
0
0
1

1
1
4
2
13278
0
0
9
67108864
2000
250
1
0
1
0
0
1

1
1
2
1
13300
0
0
9
134217728
1000
50
1
0
1
0
0
1

3
1
1
1
13328
0
2
10
134217728
1000
500
100
1
0
1
0
0
1

0
1
8
2
13354
0
2
10
134217728
4000
100
10
1
0
1
0
0
1

0
1
8
1
13383
0
0
9
268435456
3000
250
1
0
1
0
0
1

0
1
2
1
13401
0
2
10
67108864
4000
50
10
1
0
1
0
0
1

0
1
4
2
13415
0
2
10
268435456
3000
500
10
1
0
1
0
0
1

0
1
2
1
13433
0
2
10
67108864
2000
250
1000
1
0
1
0
0
1

1
1
2
1
13452
0
2
10
67108864
3000
500
1
1
0
1
0
0
1

0
1
2
1
13456
0
2
10
268435456
2000
100
1000
1
0
1
0
0
1

3
1
8
4
13469
0
0
9
67108864
2000
1000
1
0
1
0
0
1

0
1
4
1
13495
0
2
10
134217728
2000
50
10
1
0
1
0
0
1

0
1
8
1
13499
0
2
10
67108864
3000
50
1000
1
0
1
0
0
1

3
1
8
1
13510
0
0
9
268435456
1000
500
1
0
1
0
0
1

1
1
8
2
13519
0
0
9
134217728
3000
1000
1
0
1
0
0
1

3
1
1
1
13541
0
2
10
268435456
3000
500
5
1
0
1
0
0
1

3
1
4
2
13556
0
0
9
134217728
3000
100
1
0
1
0
0
1

3
1
4
2
13582
0
2
10
134217728
4000
500
1000
1
0
1
0
0
1

3
1
1
1
13585
0
2
10
134217728
1000
50
5
1
0
1
0
0
1

3
1
1
1
13612
0
2
10
134217728
2000
500
1
1
0
1
0
0
1

3
1
4
1
13629
0
2
10
67108864
4000
100
10
1
0
1
0
0
1

0
1
1
1
13656
0
2
10
67108864
1000
1000
5
1
0
1
0
0
1

0
1
1
1
13659
0
0
9
67108864
3000
50
1
0
1
0
0
1

3
1
1
1
13665
0
0
9
134217728
3000
500
1
0
1
0
0
1

1
1
2
1
13667
0
0
9
67108864
2000
250
1
0
1
0
0
1

1
1
4
1
13669
0
0
9
67108864
1000
1000
1
0
1
0
0
1

1
1
2
1
13684
0
0
9
268435456
3000
500
1
0
1
0
0
1

1
1
1
1
13688
0
2
10
67108864
4000
100
1000
1
0
1
0
0
1

1
1
8
2
13694
0
0
9
67108864
3000
1000
1
0
1
0
0
1

3
1
8
8
13699
0
0
9
67108864
1000
1000
1
0
1
0
0
1

1
1
4
4
13714
0
2
10
67108864
4000
250
5
1
0
1
0
0
1

3
1
1
1
13718
0
2
10
268435456
1000
100
1000
1
0
1
0
0
1

1
1
2
1
13722
0
2
10
134217728
2000
500
1
1
0
1
0
0
1

3
1
4
2
13732
0
2
10
268435456
3000
500
5
1
0
1
0
0
1

0
1
4
2
13744
0
0
9
268435456
1000
500
1
0
1
0
0
1

1
1
8
1
13765
0
2
10
67108864
1000
500
10
1
0
1
0
0
1

0
1
4
1
13780
0
0
9
268435456
2000
500
1
0
1
0
0
1

1
1
4
4
13797
0
2
10
134217728
3000
1000
100
1
0
1
0
0
1

3
1
1
1
13810
0
0
9
134217728
4000
100
1
0
1
0
0
1

0
1
2
2
13815
0
0
9
67108864
3000
500
1
0
1
0
0
1

0
1
8
8
13824
0
2
10
134217728
2000
1000
10
1
0
1
0
0
1

1
1
2
2
13845
0
2
10
67108864
4000
500
1000
1
0
1
0
0
1

1
1
8
8
13849
0
2
10
134217728
2000
100
5
1
0
1
0
0
1

1
1
2
1
13865
0
2
10
268435456
2000
100
1
1
0
1
0
0
1

3
1
1
1
13885
0
2
10
67108864
1000
500
100
1
0
1
0
0
1

1
1
4
1
13888
0
0
9
134217728
2000
500
1
0
1
0
0
1

1
1
4
4
13909
0
0
9
67108864
3000
250
1
0
1
0
0
1

1
1
1
1
13927
0
2
10
67108864
2000
500
100
1
0
1
0
0
1

3
1
8
1
13956
0
0
9
134217728
4000
100
1
0
1
0
0
1

1
1
4
4
13971
0
0
9
268435456
1000
100
1
0
1
0
0
1

3
1
8
1
13974
0
2
10
268435456
3000
250
5
1
0
1
0
0
1

0
1
4
1
13995
0
0
9
67108864
2000
100
1
0
1
0
0
1

3
1
4
2
14008
0
2
10
67108864
2000
100
10
1
0
1
0
0
1

3
1
1
1
14023
0
0
9
268435456
3000
100
1
0
1
0
0
1

0
1
8
8
14036
0
0
9
134217728
1000
50
1
0
1
0
0
1

0
1
1
1
14039
0
2
10
67108864
3000
500
5
1
0
1
0
0
1

1
1
2
1
14044
0
2
10
67108864
1000
500
10
1
0
1
0
0
1

1
1
8
2
14047
0
2
10
67108864
2000
500
10
1
0
1
0
0
1

0
1
1
1
14076
0
2
10
268435456
2000
50
100
1
0
1
0
0
1

1
1
1
1
14085
0
2
10
134217728
2000
50
100
1
0
1
0
0
1

1
1
1
1
14103
0
2
10
268435456
3000
50
1000
1
0
1
0
0
1

0
1
4
4
14119
0
0
9
268435456
3000
250
1
0
1
0
0
1

0
1
4
2
14130
0
0
9
268435456
3000
250
1
0
1
0
0
1

1
1
8
2
14157
0
2
10
67108864
1000
500
5
1
0
1
0
0
1

1
1
2
1
14173
0
0
9
67108864
3000
500
1
0
1
0
0
1

0
1
1
1
14198
0
0
9
268435456
3000
500
1
0
1
0
0
1

0
1
4
2
14224
0
2
10
134217728
4000
250
1
1
0
1
0
0
1

0
1
2
1
14246
0
0
9
134217728
2000
1000
1
0
1
0
0
1

0
1
1
1
14251
0
2
10
268435456
2000
100
1000
1
0
1
0
0
1

1
1
1
1
14270
0
0
9
268435456
2000
500
1
0
1
0
0
1

0
1
4
2
14284
0
2
10
268435456
1000
500
1
1
0
1
0
0
1

0
1
4
1
14289
0
2
10
268435456
1000
50
10
1
0
1
0
0
1

1
1
1
1
14310
0
2
10
134217728
4000
500
5
1
0
1
0
0
1

1
1
8
8
14317
0
2
10
268435456
1000
100
1000
1
0
1
0
0
1

1
1
1
1
14326
0
2
10
268435456
1000
100
100
1
0
1
0
0
1

0
1
2
1
14354
0
2
10
268435456
3000
100
10
1
0
1
0
0
1

1
1
1
1
14371
0
2
10
67108864
3000
50
1
1
0
1
0
0
1

1
1
8
8
14401
0
2
10
67108864
4000
250
10
1
0
1
0
0
1

0
1
2
1
14413
0
2
10
67108864
3000
500
10
1
0
1
0
0
1

1
1
4
4
14420
0
2
10
67108864
4000
1000
5
1
0
1
0
0
1

1
1
1
1
14434
0
2
10
268435456
2000
250
100
1
0
1
0
0
1

1
1
8
4
14454
0
2
10
134217728
1000
1000
5
1
0
1
0
0
1

0
1
8
2
14472
0
2
10
268435456
1000
500
10
1
0
1
0
0
1

1
1
4
2
14482
0
2
10
67108864
4000
250
1
1
0
1
0
0
1

1
1
4
2
14502
0
2
10
134217728
4000
500
10
1
0
1
0
0
1

0
1
4
2
14508
0
2
10
268435456
1000
250
10
1
0
1
0
0
1

1
1
1
1
14533
0
2
10
67108864
2000
1000
10
1
0
1
0
0
1

0
1
4
2
14546
0
2
10
134217728
3000
50
1000
1
0
1
0
0
1

0
1
1
1
14576
0
2
10
134217728
4000
50
5
1
0
1
0
0
1

1
1
4
4
14598
0
2
10
134217728
3000
1000
100
1
0
1
0
0
1

1
1
2
2
14621
0
2
10
67108864
2000
100
5
1
0
1
0
0
1

0
1
1
1
14623
0
2
10
268435456
1000
100
10
1
0
1
0
0
1

1
1
2
1
14652
0
2
10
67108864
3000
100
100
1
0
1
0
0
1

0
1
4
2
14678
0
2
10
268435456
3000
500
5
1
0
1
0
0
1

1
1
2
2
14703
0
2
10
134217728
1000
500
10
1
0
1
0
0
1

1
1
2
1
14713
0
2
10
67108864
4000
250
1
1
0
1
0
0
1

0
1
2
1
14741
0
2
10
134217728
4000
500
10
1
0
1
0
0
1

1
1
4
1
14742
0
2
10
67108864
4000
250
1
1
0
1
0
0
1

1
1
1
1
14745
0
2
10
67108864
2000
500
5
1
0
1
0
0
1

1
1
8
8
14746
0
2
10
268435456
1000
100
10
1
0
1
0
0
1

1
1
4
1
14769
0
2
10
67108864
2000
100
5
1
0
1
0
0
1

1
1
1
1
14783
0
2
10
67108864
2000
50
10
1
0
1
0
0
1

1
1
4
2
14805
0
2
10
134217728
3000
1000
100
1
0
1
0
0
1

1
1
1
1
14829
0
2
10
268435456
3000
500
5
1
0
1
0
0
1

1
1
8
2
14840
0
2
10
67108864
3000
100
100
1
0
1
0
0
1

0
1
4
4
14860
0
2
10
134217728
3000
50
10
1
0
1
0
0
1

1
1
1
1
14879
0
2
10
67108864
1000
250
10
1
0
1
0
0
1

0
1
1
1
14908
0
2
10
67108864
3000
100
1
1
0
1
0
0
1

0
1
4
4
14924
0
2
10
268435456
2000
500
10
1
0
1
0
0
1

1
1
4
4
14946
0
2
10
268435456
1000
500
10
1
0
1
0
0
1

0
1
1
1
14957
0
2
10
134217728
2000
500
5
1
0
1
0
0
1

1
1
1
1
14976
0
2
10
134217728
4000
250
1000
1
0
1
0
0
1

1
1
2
1
14984
0
2
10
268435456
3000
250
1000
1
0
1
0
0
1

0
1
2
2
15002
0
2
10
268435456
3000
500
100
1
0
1
0
0
1

0
1
1
1
15018
0
2
10
268435456
3000
500
10
1
0
1
0
0
1

1
1
4
4
15041
0
2
10
268435456
1000
250
1
1
0
1
0
0
1

1
1
1
1
15046
0
2
10
134217728
3000
50
1000
1
0
1
0
0
1

0
1
2
2
15058
0
2
10
67108864
1000
50
10
1
0
1
0
0
1

1
1
4
4
15068
0
2
10
268435456
1000
500
1
1
0
1
0
0
1

1
1
8
1
15081
0
2
10
268435456
2000
500
1
1
0
1
0
0
1

0
1
2
1
15104
0
2
10
67108864
4000
50
1
1
0
1
0
0
1

1
1
8
1
15116
0
2
10
67108864
1000
1000
1
1
0
1
0
0
1

1
1
8
1
15127
0
2
10
268435456
2000
250
1000
1
0
1
0
0
1

1
1
1
1
15144
0
2
10
67108864
1000
250
1000
1
0
1
0
0
1

0
1
2
1
15159
0
2
10
268435456
3000
100
1
1
0
1
0
0
1

1
1
8
4
15180
0
2
10
134217728
3000
250
5
1
0
1
0
0
1

1
1
8
8
15193
0
2
10
134217728
1000
1000
5
1
0
1
0
0
1

1
1
2
1
15194
0
2
10
67108864
2000
250
1000
1
0
1
0
0
1

1
1
8
2
15221
0
2
10
268435456
2000
50
5
1
0
1
0
0
1

0
1
2
1
15245
0
2
10
134217728
2000
500
100
1
0
1
0
0
1

0
1
8
4
15262
0
2
10
134217728
4000
500
10
1
0
1
0
0
1

0
1
2
1
15277
0
2
10
268435456
3000
250
1000
1
0
1
0
0
1

0
1
8
8
15282
0
2
10
134217728
4000
500
10
1
0
1
0
0
1

0
1
2
1
15308
0
2
10
268435456
3000
250
100
1
0
1
0
0
1

0
1
8
2
15309
0
2
10
67108864
2000
500
100
1
0
1
0
0
1

1
1
4
2
15328
0
2
10
67108864
3000
100
5
1
0
1
0
0
1

0
1
1
1
15330
0
2
10
67108864
3000
50
1
1
0
1
0
0
1

0
1
2
2
15357
0
2
10
67108864
1000
50
1000
1
0
1
0
0
1

1
1
2
1
15372
0
2
10
67108864
1000
1000
1000
1
0
1
0
0
1

0
1
2
2
15383
0
2
10
134217728
2000
250
10
1
0
1
0
0
1

1
1
4
1
15413
0
2
10
268435456
1000
250
5
1
0
1
0
0
1

1
1
4
2
15438
0
2
10
268435456
2000
100
5
1
0
1
0
0
1

1
1
4
2
15452
0
2
10
268435456
3000
50
1000
1
0
1
0
0
1

0
1
4
4
15457
0
2
10
67108864
2000
1000
1
1
0
1
0
0
1

0
1
4
1
15487
0
2
10
67108864
4000
100
1
1
0
1
0
0
1

0
1
4
1
15510
0
2
10
134217728
3000
100
1
1
0
1
0
0
1

1
1
8
1
15531
0
2
10
67108864
1000
250
1
1
0
1
0
0
1

0
1
8
8
15550
0
2
10
134217728
1000
250
100
1
0
1
0
0
1

1
1
2
1
15555
0
2
10
67108864
3000
1000
1000
1
0
1
0
0
1

1
1
4
1
15560
0
2
10
268435456
1000
500
1
1
0
1
0
0
1

1
1
2
2
15567
0
2
10
134217728
1000
100
1000
1
0
1
0
0
1

1
1
4
4
15583
0
2
10
268435456
3000
250
1
1
0
1
0
0
1

0
1
2
2
15611
0
2
10
134217728
1000
100
100
1
0
1
0
0
1

1
1
1
1
15630
0
2
10
134217728
3000
100
100
1
0
1
0
0
1

0
1
8
2
15635
0
2
10
134217728
4000
250
1000
1
0
1
0
0
1

0
1
8
8
15644
0
2
10
268435456
2000
500
5
1
0
1
0
0
1

0
1
8
4
15645
0
2
10
67108864
4000
100
100
1
0
1
0
0
1

0
1
4
2
15673
0
2
10
134217728
2000
100
1
1
0
1
0
0
1

0
1
8
2
15682
0
2
10
268435456
3000
50
1
1
0
1
0
0
1

1
1
2
2
15695
0
2
10
67108864
3000
50
1
1
0
1
0
0
1

1
1
4
1
15699
0
2
10
67108864
2000
500
1
1
0
1
0
0
1

1
1
8
4
15715
0
2
10
67108864
1000
250
100
1
0
1
0
0
1

0
1
8
8
15717
0
2
10
134217728
3000
1000
1
1
0
1
0
0
1

1
1
1
1
15735
0
2
10
67108864
2000
50
10
1
0
1
0
0
1

0
1
1
1
15758
0
2
10
67108864
2000
50
1000
1
0
1
0
0
1

0
1
2
2
15762
0
2
10
134217728
1000
500
1
1
0
1
0
0
1

0
1
8
2
15781
0
2
10
134217728
3000
500
5
1
0
1
0
0
1

1
1
2
1
15787
0
2
10
134217728
2000
50
5
1
0
1
0
0
1

1
1
8
2
15807
0
2
10
268435456
3000
100
1
1
0
1
0
0
1

1
1
4
2
15835
0
2
10
268435456
3000
500
10
1
0
1
0
0
1

0
1
4
2
15839
0
2
10
268435456
2000
250
1000
1
0
1
0
0
1

0
1
1
1
15853
0
2
10
67108864
3000
100
100
1
0
1
0
0
1

1
1
2
1
15862
0
2
10
134217728
4000
250
1000
1
0
1
0
0
1

1
1
2
2
15880
0
2
10
67108864
2000
50
5
1
0
1
0
0
1

0
1
2
1
15894
0
2
10
268435456
1000
100
1
1
0
1
0
0
1

0
1
8
4
15896
0
2
10
134217728
2000
100
10
1
0
1
0
0
1

0
1
8
1
15911
0
2
10
134217728
1000
250
5
1
0
1
0
0
1

1
1
4
2
15940
0
2
10
268435456
3000
500
1000
1
0
1
0
0
1

1
1
8
1
15965
0
2
10
67108864
4000
50
1
1
0
1
0
0
1

0
1
1
1
15968
0
2
10
67108864
3000
50
100
1
0
1
0
0
1

1
1
1
1
15988
0
2
10
268435456
1000
500
1000
1
0
1
0
0
1

0
1
8
2
15989
0
2
10
134217728
1000
1000
100
1
0
1
0
0
1

0
1
4
4
16015
0
2
10
67108864
1000
500
5
1
0
1
0
0
1

0
1
2
2
16028
0
2
10
67108864
2000
1000
5
1
0
1
0
0
1

1
1
2
1
16052
0
2
10
134217728
3000
1000
100
1
0
1
0
0
1

0
1
4
2
16075
0
2
10
134217728
3000
500
1
1
0
1
0
0
1

0
1
4
2
16089
0
2
10
67108864
3000
500
1
1
0
1
0
0
1

1
1
8
4
16113
0
2
10
67108864
4000
250
100
1
0
1
0
0
1

0
1
2
1
16137
0
2
10
67108864
4000
50
100
1
0
1
0
0
1

0
1
8
4
16157
0
2
10
268435456
3000
500
100
1
0
1
0
0
1

0
1
8
2
16158
0
2
10
134217728
4000
50
10
1
0
1
0
0
1

0
1
8
8
16182
0
2
10
268435456
3000
50
5
1
0
1
0
0
1

1
1
1
1
16211
0
2
10
134217728
3000
1000
1000
1
0
1
0
0
1

0
1
4
2
16218
0
2
10
67108864
4000
1000
1
1
0
1
0
0
1

0
1
2
2
16227
0
2
10
268435456
3000
250
1000
1
0
1
0
0
1

0
1
4
2
16256
0
2
10
268435456
3000
500
1
1
0
1
0
0
1

1
1
4
1
16265
0
2
10
268435456
1000
500
1000
1
0
1
0
0
1

0
1
1
1
16285
0
2
10
268435456
2000
100
5
1
0
1
0
0
1

0
1
2
2
16308
0
2
10
67108864
4000
1000
1000
1
0
1
0
0
1

1
1
8
1
16331
0
2
10
268435456
2000
100
1000
1
0
1
0
0
1

1
1
8
2
16348
0
2
10
268435456
1000
500
10
1
0
1
0
0
1

1
1
1
1
16361
0
2
10
67108864
3000
50
100
1
0
1
0
0
1

0
1
1
1
16362
0
2
10
134217728
4000
500
1000
1
0
1
0
0
1

0
1
2
1
16373
0
2
10
67108864
1000
1000
100
1
0
1
0
0
1

1
1
1
1
16389
0
2
10
134217728
2000
250
10
1
0
1
0
0
1

1
1
1
1
16393
0
2
10
67108864
3000
250
100
1
0
1
0
0
1

1
1
1
1
16401
0
2
10
67108864
4000
500
100
1
0
1
0
0
1

1
1
2
1
16428
0
2
10
67108864
1000
100
100
1
0
1
0
0
1

0
1
8
1
16441
0
2
10
67108864
1000
50
1000
1
0
1
0
0
1

0
1
1
1
16448
0
2
10
134217728
3000
50
1000
1
0
1
0
0
1

0
1
1
1
16459
0
2
10
67108864
3000
1000
5
1
0
1
0
0
1

1
1
8
1
16477
0
2
10
67108864
1000
100
1000
1
0
1
0
0
1

1
1
4
1
16483
0
2
10
134217728
3000
250
1000
1
0
1
0
0
1

1
1
2
1
16508
0
2
10
268435456
3000
50
5
1
0
1
0
0
1

1
1
2
1
16535
0
2
10
134217728
4000
50
10
1
0
1
0
0
1

1
1
8
1
16562
0
2
10
134217728
1000
100
10
1
0
1
0
0
1

1
1
1
1
16584
0
2
10
134217728
1000
500
1
1
0
1
0
0
1

1
1
2
1
16594
0
2
10
134217728
3000
250
1000
1
0
1
0
0
1

1
1
2
2
16612
0
2
10
134217728
3000
250
10
1
0
1
0
0
1

1
1
4
2
16632
0
2
10
134217728
3000
100
10
1
0
1
0
0
1

0
1
4
4
16657
0
2
10
67108864
4000
1000
1
1
0
1
0
0
1

0
1
4
4
16666
0
2
10
67108864
4000
50
10
1
0
1
0
0
1

0
1
4
2
16667
0
2
10
67108864
1000
100
1
1
0
1
0
0
1

0
1
4
4
16686
0
2
10
134217728
3000
500
100
1
0
1
0
0
1

1
1
4
2
16691
0
2
10
67108864
4000
250
5
1
0
1
0
0
1

0
1
4
2
16692
0
2
10
67108864
4000
100
1
1
0
1
0
0
1

1
1
4
2
16716
0
2
10
268435456
1000
500
5
1
0
1
0
0
1

0
1
4
2
16717
0
2
10
268435456
3000
500
5
1
0
1
0
0
1

0
1
8
8
16739
0
2
10
67108864
4000
1000
5
1
0
1
0
0
1

1
1
8
8
16742
0
2
10
134217728
2000
100
10
1
0
1
0
0
1

0
1
2
1
16751
0
2
10
67108864
4000
250
1
1
0
1
0
0
1

0
1
2
1
16766
0
2
10
134217728
2000
100
5
1
0
1
0
0
1

0
1
4
1
16784
0
2
10
67108864
1000
100
5
1
0
1
0
0
1

0
1
1
1
16805
0
2
10
268435456
3000
500
100
1
0
1
0
0
1

1
1
4
2
16815
0
2
10
268435456
2000
500
1
1
0
1
0
0
1

1
1
8
1
16832
0
2
10
67108864
3000
250
5
1
0
1
0
0
1

0
1
8
4
16859
0
2
10
67108864
4000
250
100
1
0
1
0
0
1

0
1
2
1
16880
0
2
10
134217728
3000
1000
1000
1
0
1
0
0
1

1
1
4
2
16890
0
2
10
134217728
4000
250
10
1
0
1
0
0
1

1
1
8
4
16899
0
2
10
67108864
3000
1000
10
1
0
1
0
0
1

1
1
4
2
16908
0
2
10
268435456
2000
250
5
1
0
1
0
0
1

1
1
1
1
16917
0
2
10
134217728
1000
500
1
1
0
1
0
0
1

0
1
8
1
16918
0
2
10
134217728
2000
1000
100
1
0
1
0
0
1

1
1
4
4
16940
0
2
10
67108864
3000
500
10
1
0
1
0
0
1

1
1
1
1
16969
0
2
10
134217728
3000
250
10
1
0
1
0
0
1

0
1
8
1
16981
0
2
10
268435456
1000
250
1000
1
0
1
0
0
1

1
1
2
1
17001
0
2
10
67108864
3000
50
10
1
0
1
0
0
1

1
1
2
2
17012
0
2
10
268435456
2000
250
10
1
0
1
0
0
1

1
1
2
1
17036
0
2
10
67108864
3000
1000
10
1
0
1
0
0
1

0
1
1
1
17041
0
2
10
67108864
1000
100
1000
1
0
1
0
0
1

0
1
8
1
17050
0
2
10
67108864
2000
100
1000
1
0
1
0
0
1

0
1
4
4
17077
0
2
10
67108864
4000
250
100
1
0
1
0
0
1

0
1
1
1
17099
0
2
10
67108864
1000
50
100
1
0
1
0
0
1

1
1
1
1
17129
0
2
10
268435456
1000
500
1000
1
0
1
0
0
1

0
1
4
4
17130
0
2
10
67108864
2000
500
1000
1
0
1
0
0
1

0
1
4
2
17150
0
2
10
134217728
2000
1000
100
1
0
1
0
0
1

1
1
2
1
17153
0
2
10
268435456
2000
500
1
1
0
1
0
0
1

1
1
2
2
17166
0
2
10
134217728
1000
250
100
1
0
1
0
0
1

0
1
1
1
17193
0
2
10
268435456
2000
100
10
1
0
1
0
0
1

0
1
1
1
17211
0
2
10
268435456
2000
500
10
1
0
1
0
0
1

1
1
1
1
17240
0
2
10
67108864
2000
100
5
1
0
1
0
0
1

1
1
2
1
17265
0
2
10
268435456
3000
500
1000
1
0
1
0
0
1

0
1
1
1
17286
0
2
10
268435456
1000
50
1000
1
0
1
0
0
1

0
1
4
4
17293
0
2
10
67108864
3000
1000
1
1
0
1
0
0
1

1
1
2
1
17303
0
2
10
67108864
2000
1000
5
1
0
1
0
0
1

1
1
1
1
17323
0
2
10
268435456
3000
500
10
1
0
1
0
0
1

1
1
8
2
17340
0
2
10
134217728
3000
500
10
1
0
1
0
0
1

1
1
1
1
17365
0
2
10
134217728
4000
50
1000
1
0
1
0
0
1

0
1
1
1
17370
0
2
10
134217728
1000
1000
100
1
0
1
0
0
1

1
1
1
1
17396
0
2
10
134217728
4000
250
10
1
0
1
0
0
1

0
1
2
2
17413
0
2
10
67108864
3000
50
10
1
0
1
0
0
1

1
1
1
1
17428
0
2
10
67108864
3000
500
1
1
0
1
0
0
1

0
1
1
1
17440
0
2
10
268435456
2000
500
100
1
0
1
0
0
1

0
1
1
1
17461
0
2
10
134217728
1000
50
10
1
0
1
0
0
1

0
1
4
1
17476
0
2
10
134217728
3000
50
1
1
0
1
0
0
1

0
1
8
8
17497
0
2
10
134217728
4000
50
10
1
0
1
0
0
1

0
1
4
1
17508
0
2
10
67108864
1000
50
1
1
0
1
0
0
1

1
1
2
1
17509
0
2
10
67108864
3000
250
10
1
0
1
0
0
1

0
1
4
2
17536
0
2
10
67108864
4000
50
100
1
0
1
0
0
1

0
1
4
4
17537
0
2
10
134217728
3000
250
1000
1
0
1
0
0
1

1
1
8
2
17566
0
2
10
134217728
4000
1000
1
1
0
1
0
0
1

0
1
2
1
17574
0
2
10
134217728
4000
1000
10
1
0
1
0
0
1

0
1
8
1
17594
0
2
10
268435456
1000
250
100
1
0
1
0
0
1

1
1
2
1
17605
0
2
10
67108864
1000
250
100
1
0
1
0
0
1

0
1
4
4
17632
0
2
10
134217728
3000
500
10
1
0
1
0
0
1

0
1
1
1
17647
0
2
10
268435456
3000
500
10
1
0
1
0
0
1

1
1
8
1
17649
0
2
10
67108864
4000
250
1000
1
0
1
0
0
1

0
1
4
1
17674
0
2
10
134217728
2000
100
1
1
0
1
0
0
1

1
1
2
1
17696
0
2
10
67108864
2000
250
1
1
0
1
0
0
1

1
1
4
2
17701
0
2
10
134217728
4000
50
100
1
0
1
0
0
1

1
1
2
2
17715
0
2
10
67108864
4000
50
1
1
0
1
0
0
1

0
1
4
2
17738
0
2
10
268435456
3000
50
100
1
0
1
0
0
1

0
1
8
1
17761
0
2
10
268435456
3000
50
100
1
0
1
0
0
1

1
1
8
1
17766
0
2
10
67108864
4000
500
10
1
0
1
0
0
1

0
1
8
8
17787
0
2
10
67108864
2000
500
10
1
0
1
0
0
1

1
1
8
1
17813
0
2
10
134217728
2000
500
5
1
0
1
0
0
1

0
1
8
4
17825
0
2
10
67108864
4000
1000
10
1
0
1
0
0
1

1
1
4
4
17850
0
2
10
134217728
1000
1000
5
1
0
1
0
0
1

0
1
1
1
17871
0
2
10
268435456
2000
500
10
1
0
1
0
0
1

0
1
4
2
17888
0
2
10
134217728
1000
1000
10
1
0
1
0
0
1

1
1
1
1
17902
0
2
10
67108864
4000
250
1
1
0
1
0
0
1

1
1
4
2
17905
0
2
10
268435456
2000
500
1000
1
0
1
0
0
1

1
1
1
1
17934
0
2
10
134217728
1000
1000
10
1
0
1
0
0
1

0
1
8
8
17937
0
2
10
67108864
2000
100
10
1
0
1
0
0
1

0
1
1
1
17959
0
2
10
134217728
4000
1000
1000
1
0
1
0
0
1

1
1
2
2
17971
0
2
10
67108864
1000
1000
5
1
0
1
0
0
1

1
1
4
2
17995
0
2
10
67108864
2000
100
100
1
0
1
0
0
1

0
1
4
2
18007
0
2
10
134217728
4000
250
100
1
0
1
0
0
1

0
1
1
1
18032
0
2
10
268435456
1000
500
10
1
0
1
0
0
1

0
1
8
1
18047
0
2
10
67108864
1000
250
1000
1
0
1
0
0
1

0
1
8
1
18076
0
2
10
268435456
1000
250
1000
1
0
1
0
0
1

0
1
2
1
18085
0
2
10
67108864
4000
100
5
1
0
1
0
0
1

0
1
1
1
18101
0
2
10
268435456
1000
100
1
1
0
1
0
0
1

0
1
4
2
18102
0
2
10
134217728
2000
250
100
1
0
1
0
0
1

0
1
1
1
18115
0
2
10
67108864
3000
250
1
1
0
1
0
0
1

1
1
2
1
18136
0
2
10
268435456
3000
250
1000
1
0
1
0
0
1

0
1
2
1
18165
0
2
10
134217728
2000
100
1
1
0
1
0
0
1

0
1
1
1
18195
0
2
10
268435456
3000
100
10
1
0
1
0
0
1

1
1
1
1
18200
0
2
10
67108864
2000
100
1000
1
0
1
0
0
1

0
1
2
1
18211
0
2
10
134217728
4000
100
1000
1
0
1
0
0
1

1
1
2
2
18212
0
2
10
268435456
3000
50
1
1
0
1
0
0
1

1
1
8
8
18228
0
2
10
67108864
3000
100
1000
1
0
1
0
0
1

0
1
8
8
18254
0
2
10
67108864
3000
50
1000
1
0
1
0
0
1

1
1
4
4
18280
0
2
10
268435456
3000
50
10
1
0
1
0
0
1

0
1
1
1
18297
0
2
10
134217728
1000
500
5
1
0
1
0
0
1

0
1
2
1
18304
0
2
10
67108864
3000
100
100
1
0
1
0
0
1

1
1
4
2
18310
0
2
10
134217728
4000
500
10
1
0
1
0
0
1

1
1
4
1
18315
0
2
10
67108864
1000
1000
1
1
0
1
0
0
1

0
1
4
2
18329
0
2
10
268435456
2000
500
10
1
0
1
0
0
1

0
1
8
1
18357
0
2
10
134217728
1000
250
1000
1
0
1
0
0
1

1
1
8
2
18364
0
2
10
268435456
3000
50
1
1
0
1
0
0
1

1
1
4
2
18380
0
2
10
268435456
3000
100
10
1
0
1
0
0
1

0
1
4
2
18385
0
2
10
268435456
3000
500
100
1
0
1
0
0
1

0
1
8
1
18394
0
2
10
134217728
1000
500
1000
1
0
1
0
0
1

0
1
8
1
18396
0
2
10
268435456
1000
250
1000
1
0
1
0
0
1

0
1
4
1
18409
0
2
10
268435456
1000
250
5
1
0
1
0
0
1

0
1
8
4
18414
0
2
10
134217728
2000
1000
1000
1
0
1
0
0
1

1
1
8
2
18429
0
2
10
134217728
3000
50
10
1
0
1
0
0
1

1
1
2
1
18432
0
2
10
268435456
3000
500
100
1
0
1
0
0
1

0
1
2
1
18456
0
2
10
67108864
2000
50
10
1
0
1
0
0
1

0
1
8
2
18466
0
2
10
134217728
3000
500
1
1
0
1
0
0
1

1
1
1
1
18496
0
2
10
67108864
2000
100
10
1
0
1
0
0
1

0
1
2
2
18518
0
2
10
268435456
3000
250
5
1
0
1
0
0
1

0
1
1
1
18532
0
2
10
67108864
1000
100
1
1
0
1
0
0
1

0
1
4
2
18537
0
2
10
67108864
1000
50
1
1
0
1
0
0
1

0
1
2
2
18546
0
2
10
134217728
1000
100
1000
1
0
1
0
0
1

0
1
8
8
18549
0
2
10
134217728
1000
250
1
1
0
1
0
0
1

1
1
4
2
18573
0
2
10
67108864
2000
50
1000
1
0
1
0
0
1

1
1
1
1
18592
0
2
10
268435456
3000
500
5
1
0
1
0
0
1

1
1
8
2
18616
0
2
10
67108864
1000
250
1000
1
0
1
0
0
1

0
1
8
1
18634
0
2
10
268435456
2000
500
10
1
0
1
0
0
1

0
1
1
1
18648
0
2
10
268435456
3000
500
1
1
0
1
0
0
1

0
1
1
1
18650
0
2
10
134217728
1000
500
100
1
0
1
0
0
1

0
1
8
2
18678
0
2
10
134217728
3000
250
1000
1
0
1
0
0
1

1
1
1
1
18691
0
2
10
67108864
4000
500
1
1
0
1
0
0
1

1
1
1
1
18699
0
2
10
67108864
3000
100
1000
1
0
1
0
0
1

0
1
4
1
18713
0
2
10
67108864
4000
250
1000
1
0
1
0
0
1

0
1
4
4
18715
0
2
10
67108864
2000
50
100
1
0
1
0
0
1

0
1
1
1
18729
0
2
10
268435456
3000
500
5
1
0
1
0
0
1

1
1
8
2
18757
0
2
10
268435456
2000
250
5
1
0
1
0
0
1

0
1
4
2
18775
0
2
10
268435456
1000
100
5
1
0
1
0
0
1

1
1
8
8
18786
0
2
10
268435456
1000
100
5
1
0
1
0
0
1

1
1
4
4
18792
0
2
10
134217728
1000
1000
100
1
0
1
0
0
1

1
1
8
1
18812
0
2
10
134217728
4000
50
10
1
0
1
0
0
1

0
1
8
2
18837
0
2
10
134217728
2000
100
1000
1
0
1
0
0
1

0
1
2
1
18847
0
2
10
67108864
3000
50
100
1
0
1
0
0
1

1
1
2
1
18873
0
2
10
268435456
1000
100
5
1
0
1
0
0
1

0
1
1
1
18874
0
2
10
67108864
3000
250
10
1
0
1
0
0
1

0
1
2
1
18890
0
2
10
67108864
2000
500
1
1
0
1
0
0
1

0
1
1
1
18909
0
2
10
268435456
3000
100
1
1
0
1
0
0
1

0
1
2
1
18926
0
2
10
268435456
3000
250
1
1
0
1
0
0
1

0
1
1
1
18945
0
2
10
134217728
4000
50
100
1
0
1
0
0
1

0
1
2
1
18970
0
2
10
134217728
2000
50
1
1
0
1
0
0
1

1
1
8
4
18984
0
2
10
67108864
1000
50
5
1
0
1
0
0
1

0
1
8
1
18992
0
2
10
134217728
4000
50
5
1
0
1
0
0
1

0
1
1
1
19021
0
2
10
67108864
2000
50
1
1
0
1
0
0
1

0
1
2
1
19051
0
2
10
268435456
1000
250
5
1
0
1
0
0
1

0
1
2
2
19065
0
2
10
134217728
2000
250
100
1
0
1
0
0
1

1
1
4
2
19091
0
2
10
134217728
4000
250
1
1
0
1
0
0
1

1
1
8
8
19092
0
2
10
268435456
3000
500
10
1
0
1
0
0
1

1
1
1
1
19115
0
2
10
67108864
1000
250
1000
1
0
1
0
0
1

1
1
2
2
19117
0
2
10
268435456
3000
500
100
1
0
1
0
0
1

0
1
4
2
19141
0
2
10
67108864
3000
1000
1
1
0
1
0
0
1

1
1
8
1
19143
0
2
10
134217728
4000
500
1
1
0
1
0
0
1

0
1
8
2
19171
0
2
10
134217728
1000
500
1
1
0
1
0
0
1

0
1
1
1
19182
0
2
10
67108864
1000
50
5
1
0
1
0
0
1

1
1
1
1
19200
0
2
10
134217728
4000
100
1000
1
0
1
0
0
1

0
1
2
1
19217
0
2
10
268435456
3000
500
10
1
0
1
0
0
1

0
1
4
2
19231
0
2
10
134217728
1000
250
100
1
0
1
0
0
1

0
1
2
2
19234
0
2
10
67108864
1000
1000
10
1
0
1
0
0
1

1
1
8
8
19252
0
2
10
134217728
3000
500
5
1
0
1
0
0
1

1
1
4
1
19264
0
2
10
134217728
1000
100
100
1
0
1
0
0
1

1
1
4
2
19283
0
2
10
67108864
3000
500
5
1
0
1
0
0
1

0
1
2
1
19304
0
2
10
268435456
1000
50
1000
1
0
1
0
0
1

1
1
4
4
19328
0
2
10
268435456
1000
500
5
1
0
1
0
0
1

1
1
4
1
19352
0
2
10
67108864
1000
50
10
1
0
1
0
0
1

0
1
1
1
19378
0
2
10
134217728
3000
1000
5
1
0
1
0
0
1

0
1
2
2
19396
0
2
10
134217728
4000
50
10
1
0
1
0
0
1

1
1
1
1
19422
0
2
10
67108864
3000
250
5
1
0
1
0
0
1

0
1
1
1
19430
0
2
10
268435456
1000
250
10
1
0
1
0
0
1

0
1
4
1
19453
0
2
10
67108864
2000
1000
1000
1
0
1
0
0
1

0
1
1
1
19465
0
2
10
268435456
1000
250
100
1
0
1
0
0
1

0
1
2
2
19489
0
2
10
268435456
2000
100
100
1
0
1
0
0
1

1
1
2
1
19512
0
2
10
134217728
3000
250
1
1
0
1
0
0
1

1
1
2
2
19538
0
2
10
268435456
1000
500
10
1
0
1
0
0
1

0
1
4
4
19556
0
2
10
67108864
4000
100
10
1
0
1
0
0
1

1
1
1
1
19582
0
2
10
67108864
1000
100
100
1
0
1
0
0
1

0
1
4
2
19610
0
2
10
67108864
4000
500
1
1
0
1
0
0
1

1
1
2
1
19631
0
2
10
268435456
3000
250
10
1
0
1
0
0
1

0
1
4
2
19661
0
2
10
268435456
3000
50
1
1
0
1
0
0
1

1
1
8
2
19683
0
2
10
134217728
3000
1000
5
1
0
1
0
0
1

0
1
1
1
19686
0
2
10
268435456
3000
500
5
1
0
1
0
0
1

1
1
2
1
19709
0
2
10
268435456
1000
500
100
1
0
1
0
0
1

0
1
2
1
19737
0
2
10
67108864
3000
500
100
1
0
1
0
0
1

1
1
1
1
19747
0
2
10
268435456
2000
500
1000
1
0
1
0
0
1

0
1
8
2
19772
0
2
10
67108864
1000
500
10
1
0
1
0
0
1

0
1
2
1
19797
0
2
10
268435456
1000
250
5
1
0
1
0
0
1

1
1
1
1
19807
0
2
10
134217728
3000
100
5
1
0
1
0
0
1

1
1
8
8
19808
0
2
10
134217728
4000
250
5
1
0
1
0
0
1

0
1
2
1
19816
0
2
10
134217728
2000
1000
10
1
0
1
0
0
1

0
1
4
4
19835
0
2
10
134217728
3000
250
1
1
0
1
0
0
1

1
1
4
4
19846
0
2
10
67108864
4000
500
100
1
0
1
0
0
1

1
1
4
2
19868
0
2
10
67108864
2000
100
1
1
0
1
0
0
1

1
1
2
2
19897
0
2
10
134217728
3000
250
5
1
0
1
0
0
1

0
1
2
1
19923
0
2
10
134217728
4000
50
1000
1
0
1
0
0
1

0
1
4
2
19940
0
2
10
134217728
3000
1000
1
1
0
1
0
0
1

0
1
8
1
19958
0
2
10
134217728
2000
500
5
1
0
1
0
0
1

1
1
4
4
19970
0
2
10
67108864
2000
250
10
1
0
1
0
0
1

0
1
4
4
19984
0
2
10
134217728
2000
1000
1
1
0
1
0
0
1

1
1
1
1
20003
0
2
10
67108864
2000
500
5
1
0
1
0
0
1

1
1
4
4
20033
0
2
10
268435456
3000
100
1000
1
0
1
0
0
1

0
1
1
1
20048
0
2
10
268435456
3000
50
1
1
0
1
0
0
1

1
1
1
1
20062
0
2
10
67108864
4000
500
5
1
0
1
0
0
1

0
1
1
1
20067
0
2
10
268435456
3000
250
10
1
0
1
0
0
1

1
1
2
2
20069
0
2
10
268435456
1000
100
5
1
0
1
0
0
1

1
1
1
1
20075
0
2
10
134217728
2000
1000
10
1
0
1
0
0
1

0
1
8
1
20099
0
2
10
134217728
1000
250
1000
1
0
1
0
0
1

0
1
4
1
20117
0
2
10
134217728
4000
500
5
1
0
1
0
0
1

1
1
2
1
20129
0
2
10
134217728
2000
500
100
1
0
1
0
0
1

1
1
1
1
20137
0
2
10
268435456
3000
100
5
1
0
1
0
0
1

1
1
8
1
20150
0
2
10
67108864
2000
100
1
1
0
1
0
0
1

1
1
8
8
20180
0
2
10
268435456
3000
500
10
1
0
1
0
0
1

1
1
1
1
20196
0
2
10
67108864
2000
250
100
1
0
1
0
0
1

1
1
2
1
20201
0
2
10
268435456
2000
100
10
1
0
1
0
0
1

0
1
1
1
20225
0
2
10
134217728
4000
250
5
1
0
1
0
0
1

1
1
8
8
20245
0
2
10
134217728
4000
500
1000
1
0
1
0
0
1

1
1
8
8
20263
0
2
10
67108864
1000
1000
10
1
0
1
0
0
1

1
1
1
1
20283
0
2
10
67108864
2000
1000
100
1
0
1
0
0
1

0
1
8
4
20311
0
2
10
134217728
4000
50
1000
1
0
1
0
0
1

1
1
4
2
20334
0
2
10
268435456
1000
500
1000
1
0
1
0
0
1

1
1
8
2
20345
0
2
10
67108864
3000
250
10
1
0
1
0
0
1

0
1
8
2
20348
0
2
10
268435456
2000
500
5
1
0
1
0
0
1

1
1
2
1
20351
0
2
10
134217728
1000
1000
1000
1
0
1
0
0
1

1
1
1
1
20377
0
2
10
134217728
2000
500
5
1
0
1
0
0
1

1
1
1
1
20386
0
2
10
67108864
1000
250
5
1
0
1
0
0
1

0
1
8
4
20406
0
2
10
268435456
2000
500
5
1
0
1
0
0
1

0
1
2
1
20426
0
2
10
67108864
3000
50
100
1
0
1
0
0
1

0
1
2
2
20446
0
2
10
268435456
1000
500
1
1
0
1
0
0
1

0
1
1
1
20469
0
2
10
268435456
3000
500
1
1
0
1
0
0
1

1
1
2
1
20492
0
2
10
268435456
1000
500
5
1
0
1
0
0
1

0
1
2
1
20500
0
2
10
67108864
3000
500
100
1
0
1
0
0
1

1
1
2
1
20523
0
2
10
67108864
3000
250
1
1
0
1
0
0
1

1
1
4
4
20542
0
2
10
67108864
1000
250
1
1
0
1
0
0
1

0
1
8
4
20556
0
2
10
134217728
2000
50
100
1
0
1
0
0
1

0
1
1
1
20566
0
2
10
134217728
3000
100
100
1
0
1
0
0
1

0
1
1
1
20586
0
2
10
134217728
1000
100
10
1
0
1
0
0
1

0
1
4
2
20591
0
2
10
67108864
4000
250
5
1
0
1
0
0
1

1
1
4
4
20595
0
2
10
134217728
1000
500
100
1
0
1
0
0
1

0
1
2
1
20617
0
2
10
67108864
1000
1000
100
1
0
1
0
0
1

0
1
8
8
20637
0
2
10
268435456
3000
50
100
1
0
1
0
0
1

0
1
8
8
20650
0
2
10
67108864
1000
500
1000
1
0
1
0
0
1

0
1
8
2
20652
0
2
10
67108864
2000
50
1000
1
0
1
0
0
1

0
1
2
1
20658
0
2
10
67108864
3000
1000
5
1
0
1
0
0
1

0
1
2
1
20688
0
2
10
134217728
1000
250
10
1
0
1
0
0
1

0
1
2
1
20708
0
2
10
134217728
2000
250
5
1
0
1
0
0
1

1
1
8
1
20727
0
2
10
67108864
3000
500
10
1
0
1
0
0
1

1
1
4
2
20755
0
2
10
134217728
2000
100
10
1
0
1
0
0
1

1
1
4
2
20779
0
2
10
67108864
4000
500
10
1
0
1
0
0
1

1
1
1
1
20795
0
2
10
268435456
1000
50
1
1
0
1
0
0
1

0
1
4
4
20816
0
2
10
67108864
4000
100
10
1
0
1
0
0
1

0
1
4
1
20837
0
2
10
134217728
2000
1000
5
1
0
1
0
0
1

0
1
2
1
20858
0
2
10
67108864
3000
250
1000
1
0
1
0
0
1

0
1
1
1
20866
0
2
10
67108864
1000
250
1
1
0
1
0
0
1

1
1
4
4
20879
0
2
10
134217728
4000
50
5
1
0
1
0
0
1

0
1
8
2
20892
0
2
10
268435456
3000
50
100
1
0
1
0
0
1

1
1
4
4
20912
0
2
10
134217728
4000
250
1000
1
0
1
0
0
1

1
1
8
4
20920
0
2
10
268435456
1000
250
1
1
0
1
0
0
1

0
1
1
1
20950
0
2
10
67108864
1000
250
10
1
0
1
0
0
1

1
1
8
8
20961
0
2
10
268435456
2000
100
100
1
0
1
0
0
1

1
1
2
1
20983
0
2
10
268435456
1000
100
1
1
0
1
0
0
1

0
1
8
4
21011
0
2
10
268435456
1000
500
5
1
0
1
0
0
1

0
1
2
2
21035
0
2
10
268435456
2000
500
10
1
0
1
0
0
1

1
1
4
2
21064
0
2
10
67108864
2000
100
100
1
0
1
0
0
1

1
1
2
2
21081
0
2
10
134217728
1000
100
10
1
0
1
0
0
1

1
1
8
4
21106
0
2
10
134217728
3000
500
1
1
0
1
0
0
1

1
1
8
4
21121
0
2
10
134217728
3000
1000
1000
1
0
1
0
0
1

0
1
8
1
21136
0
2
10
268435456
3000
500
10
1
0
1
0
0
1

0
1
1
1
21143
0
2
10
268435456
2000
100
1000
1
0
1
0
0
1

1
1
1
1
21163
0
2
10
134217728
3000
1000
1
1
0
1
0
0
1

1
1
1
1
21190
0
2
10
67108864
4000
1000
100
1
0
1
0
0
1

1
1
1
1
21208
0
2
10
268435456
3000
100
10
1
0
1
0
0
1

1
1
2
1
21218
0
2
10
268435456
2000
100
1
1
0
1
0
0
1

1
1
1
1
21248
0
2
10
134217728
3000
1000
5
1
0
1
0
0
1

0
1
1
1
21278
0
2
10
268435456
3000
500
1
1
0
1
0
0
1

0
1
4
1
21294
0
2
10
67108864
3000
100
10
1
0
1
0
0
1

1
1
1
1
21316
0
2
10
134217728
1000
250
100
1
0
1
0
0
1

0
1
1
1
21320
0
2
10
268435456
1000
500
1
1
0
1
0
0
1

0
1
2
1
21338
0
2
10
268435456
1000
50
1
1
0
1
0
0
1

0
1
1
1
21345
0
2
10
268435456
3000
50
1
1
0
1
0
0
1

1
1
2
1
21357
0
2
10
268435456
1000
500
100
1
0
1
0
0
1

1
1
4
2
21370
0
2
10
134217728
2000
500
1000
1
0
1
0
0
1

0
1
4
2
21388
0
2
10
268435456
2000
500
5
1
0
1
0
0
1

0
1
8
8
21403
0
2
10
268435456
1000
500
5
1
0
1
0
0
1

1
1
1
1
21405
0
2
10
268435456
3000
50
10
1
0
1
0
0
1

1
1
8
2
21419
0
2
10
268435456
2000
500
1
1
0
1
0
0
1

1
1
1
1
21443
0
2
10
268435456
2000
500
100
1
0
1
0
0
1

1
1
8
1
21452
0
2
10
268435456
3000
500
5
1
0
1
0
0
1

1
1
1
1
21473
0
2
10
268435456
3000
50
1
1
0
1
0
0
1

0
1
4
1
21483
0
2
10
268435456
3000
250
5
1
0
1
0
0
1

0
1
1
1
21493
0
2
10
268435456
1000
50
100
1
0
1
0
0
1

0
1
2
2
21495
0
2
10
134217728
3000
250
100
1
0
1
0
0
1

1
1
1
1
21514
0
2
10
67108864
4000
1000
1
1
0
1
0
0
1

0
1
8
2
21525
0
2
10
134217728
3000
500
1000
1
0
1
0
0
1

1
1
1
1
21543
0
2
10
268435456
3000
500
5
1
0
1
0
0
1

0
1
1
1
21557
0
2
10
67108864
2000
1000
1000
1
0
1
0
0
1

0
1
8
2
21586
0
2
10
67108864
3000
1000
5
1
0
1
0
0
1

1
1
8
1
21610
0
2
10
268435456
3000
50
100
1
0
1
0
0
1

1
1
4
2
21629
0
2
10
134217728
1000
1000
1000
1
0
1
0
0
1

0
1
1
1
21645
0
2
10
134217728
1000
1000
1
1
0
1
0
0
1

0
1
8
8
21670
0
2
10
134217728
4000
500
5
1
0
1
0
0
1

0
1
4
4
21687
0
2
10
67108864
2000
50
10
1
0
1
0
0
1

0
1
4
4
21716
0
2
10
134217728
4000
500
10
1
0
1
0
0
1

0
1
1
1
21742
0
2
10
134217728
1000
250
10
1
0
1
0
0
1

0
1
1
1
21745
0
2
10
67108864
4000
100
1
1
0
1
0
0
1

1
1
1
1
21772
0
2
10
67108864
4000
1000
5
1
0
1
0
0
1

0
1
2
1
21788
0
2
10
268435456
3000
250
10
1
0
1
0
0
1

1
1
8
4
21806
0
2
10
134217728
1000
250
1
1
0
1
0
0
1

0
1
1
1
21825
0
2
10
67108864
1000
100
5
1
0
1
0
0
1

1
1
4
2
21842
0
2
10
67108864
4000
1000
1
1
0
1
0
0
1

0
1
2
1
21871
0
2
10
268435456
2000
50
100
1
0
1
0
0
1

1
1
1
1
21874
0
2
10
268435456
3000
100
10
1
0
1
0
0
1

1
1
1
1
21878
0
2
10
67108864
1000
500
10
1
0
1
0
0
1

1
1
1
1
21896
0
2
10
67108864
1000
250
1000
1
0
1
0
0
1

0
1
2
1
21923
0
2
10
134217728
4000
50
100
1
0
1
0
0
1

1
1
2
1
21950
0
2
10
134217728
4000
50
1
1
0
1
0
0
1

1
1
2
1
21955
0
2
10
67108864
2000
250
10
1
0
1
0
0
1

1
1
2
1
21958
0
2
10
67108864
1000
500
5
1
0
1
0
0
1

0
1
1
1
21988
0
2
10
268435456
3000
50
1000
1
0
1
0
0
1

1
1
4
1
22012
0
2
10
134217728
4000
500
1000
1
0
1
0
0
1

0
1
2
1
22018
0
2
10
268435456
2000
50
1000
1
0
1
0
0
1

0
1
4
2
22025
0
2
10
67108864
2000
250
100
1
0
1
0
0
1

0
1
1
1
22028
0
2
10
134217728
1000
250
5
1
0
1
0
0
1

0
1
8
1
22041
0
2
10
268435456
2000
50
100
1
0
1
0
0
1

1
1
1
1
22067
0
2
10
268435456
3000
500
10
1
0
1
0
0
1

1
1
8
4
22091
0
2
10
268435456
2000
250
1
1
0
1
0
0
1

0
1
4
1
22101
0
2
10
67108864
3000
50
10
1
0
1
0
0
1

1
1
1
1
22129
0
2
10
268435456
1000
50
100
1
0
1
0
0
1

0
1
4
2
22139
0
2
10
268435456
3000
500
1000
1
0
1
0
0
1

0
1
8
4
22160
0
2
10
134217728
2000
100
5
1
0
1
0
0
1

0
1
1
1
22179
0
2
10
268435456
3000
50
100
1
0
1
0
0
1

0
1
1
1
22206
0
2
10
67108864
3000
100
100
1
0
1
0
0
1

1
1
4
4
22211
0
2
10
268435456
3000
500
1000
1
0
1
0
0
1

1
1
8
1
22239
0
2
10
67108864
2000
1000
100
1
0
1
0
0
1

0
1
1
1
22264
0
2
10
67108864
1000
250
10
1
0
1
0
0
1

0
1
8
2
22284
0
2
10
134217728
2000
100
5
1
0
1
0
0
1

0
1
8
1
22312
0
2
10
134217728
3000
50
1
1
0
1
0
0
1

1
1
4
4
22316
0
2
10
67108864
2000
500
5
1
0
1
0
0
1

1
1
2
1
22333
0
2
10
67108864
1000
50
1
1
0
1
0
0
1

0
1
8
2
22358
0
2
10
67108864
3000
1000
1
1
0
1
0
0
1

1
1
8
1
22377
0
2
10
67108864
2000
1000
1
1
0
1
0
0
1

1
1
2
2
22381
0
2
10
134217728
3000
1000
10
1
0
1
0
0
1

1
1
2
2
22409
0
2
10
268435456
2000
500
1000
1
0
1
0
0
1

0
1
2
2
22410
0
2
10
134217728
2000
100
1000
1
0
1
0
0
1

1
1
8
1
22424
0
2
10
134217728
1000
100
10
1
0
1
0
0
1

0
1
1
1
22432
0
2
10
268435456
3000
500
1
1
0
1
0
0
1

0
1
4
4
22460
0
2
10
134217728
3000
50
1000
1
0
1
0
0
1

1
1
8
8
22490
0
2
10
134217728
1000
250
100
1
0
1
0
0
1

1
1
4
4
22510
0
2
10
134217728
2000
1000
100
1
0
1
0
0
1

0
1
2
1
22533
0
2
10
268435456
3000
500
100
1
0
1
0
0
1

1
1
4
4
22557
0
2
10
134217728
4000
100
1
1
0
1
0
0
1

1
1
4
2
22559
0
2
10
67108864
3000
500
1
1
0
1
0
0
1

1
1
8
1
22582
0
2
10
268435456
3000
50
5
1
0
1
0
0
1

0
1
2
1
22590
0
2
10
134217728
4000
500
5
1
0
1
0
0
1

1
1
1
1
22615
0
2
10
67108864
3000
250
1
1
0
1
0
0
1

0
1
1
1
22620
0
2
10
134217728
2000
250
5
1
0
1
0
0
1

0
1
4
2
22648
0
2
10
134217728
4000
1000
1
1
0
1
0
0
1

0
1
8
1
22652
0
2
10
67108864
4000
500
5
1
0
1
0
0
1

1
1
4
4
22658
0
2
10
268435456
1000
500
10
1
0
1
0
0
1

0
1
4
2
22663
0
2
10
67108864
4000
50
5
1
0
1
0
0
1

1
1
8
4
22688
0
2
10
268435456
2000
50
5
1
0
1
0
0
1

1
1
8
4
22700
0
2
10
134217728
2000
1000
10
1
0
1
0
0
1

1
1
4
2
22717
0
2
10
134217728
3000
50
10
1
0
1
0
0
1

1
1
2
2
22735
0
2
10
268435456
1000
50
10
1
0
1
0
0
1

0
1
2
1
22757
0
2
10
268435456
1000
500
1
1
0
1
0
0
1

0
1
8
2
22778
0
2
10
268435456
1000
500
10
1
0
1
0
0
1

0
1
2
1
22784
0
2
10
268435456
2000
500
1000
1
0
1
0
0
1

1
1
1
1
22793
0
2
10
134217728
3000
250
10
1
0
1
0
0
1

1
1
4
4
22823
0
2
10
268435456
3000
250
10
1
0
1
0
0
1

1
1
2
1
22853
0
2
10
268435456
3000
100
1
1
0
1
0
0
1

0
1
4
4
22876
0
2
10
134217728
4000
100
1
1
0
1
0
0
1

0
1
8
8
22895
0
2
10
268435456
3000
100
100
1
0
1
0
0
1

0
1
4
1
22917
0
2
10
268435456
3000
500
1000
1
0
1
0
0
1

0
1
1
1
22920
0
2
10
67108864
3000
1000
100
1
0
1
0
0
1

0
1
2
1
22935
0
2
10
134217728
4000
100
5
1
0
1
0
0
1

0
1
1
1
22956
0
2
10
268435456
2000
50
10
1
0
1
0
0
1

0
1
2
2
22971
0
2
10
268435456
2000
100
5
1
0
1
0
0
1

1
1
4
4
22981
0
2
10
268435456
3000
50
1
1
0
1
0
0
1

1
1
4
2
23005
0
2
10
134217728
3000
1000
10
1
0
1
0
0
1

1
1
1
1
23033
0
2
10
67108864
3000
500
1000
1
0
1
0
0
1

1
1
2
2
23060
0
2
10
67108864
3000
250
5
1
0
1
0
0
1

0
1
2
1
23082
0
2
10
134217728
3000
50
1
1
0
1
0
0
1

0
1
1
1
23091
0
2
10
268435456
1000
500
1
1
0
1
0
0
1

0
1
2
1
23097
0
2
10
67108864
4000
250
10
1
0
1
0
0
1

1
1
4
2
23126
0
2
10
134217728
1000
500
5
1
0
1
0
0
1

0
1
8
2
23156
0
2
10
134217728
2000
50
10
1
0
1
0
0
1

0
1
8
8
23177
0
2
10
67108864
1000
50
1
1
0
1
0
0
1

1
1
4
2
23178
0
2
10
268435456
3000
50
10
1
0
1
0
0
1

0
1
8
4
23189
0
2
10
67108864
3000
50
1000
1
0
1
0
0
1

0
1
1
1
23201
0
2
10
67108864
3000
1000
1
1
0
1
0
0
1

1
1
8
4
23212
0
2
10
134217728
4000
50
100
1
0
1
0
0
1

0
1
8
8
23217
0
2
10
67108864
1000
100
100
1
0
1
0
0
1

1
1
8
4
23241
0
2
10
268435456
3000
100
1000
1
0
1
0
0
1

1
1
8
2
23244
0
2
10
67108864
2000
1000
5
1
0
1
0
0
1

1
1
2
1
23261
0
2
10
67108864
4000
1000
10
1
0
1
0
0
1

1
1
4
2
23280
0
2
10
134217728
4000
500
1000
1
0
1
0
0
1

1
1
8
1
23297
0
2
10
268435456
2000
50
1
1
0
1
0
0
1

1
1
4
1
23316
0
2
10
268435456
3000
500
5
1
0
1
0
0
1

1
1
8
4
23325
0
2
10
268435456
1000
500
1000
1
0
1
0
0
1

1
1
1
1
23345
0
2
10
134217728
1000
500
1
1
0
1
0
0
1

1
1
8
8
23358
0
2
10
268435456
1000
50
10
1
0
1
0
0
1

1
1
1
1
23370
0
2
10
268435456
3000
50
100
1
0
1
0
0
1

1
1
4
2
23385
0
2
10
134217728
1000
100
100
1
0
1
0
0
1

1
1
4
1
23389
0
2
10
67108864
1000
100
1
1
0
1
0
0
1

1
1
1
1
23397
0
2
10
268435456
3000
500
1000
1
0
1
0
0
1

