1500

0
1
1
1
22
0
2
10
67108864
3000
1000
10
1
0
1
0
0
1

1
1
4
4
25
0
1
12
268435456
3000
100
19
1
1
0
1
0
0
1
0
3
1
1
1
42
0
0
9
67108864
1000
50
1
0
1
0
0
1

0
1
1
1
52
0
1
12
134217728
4000
1000
42
1
1
0
1
0
0
1
0
3
1
1
1
75
0
0
9
67108864
2000
50
1
0
1
0
0
1

0
1
1
1
89
0
0
9
134217728
2000
100
1
0
1
0
0
1

3
1
8
1
104
0
2
10
67108864
3000
50
1
1
0
1
0
0
1

1
1
2
1
109
0
1
11
134217728
4000
100
79
0
1
0
1
0
0
1
3
1
1
1
139
0
1
12
268435456
1000
250
3
1
1
0
1
0
0
1
0
0
1
4
2
150
0
2
10
67108864
3000
500
100
1
0
1
0
0
1

3
1
8
4
164
0
2
10
67108864
1000
100
1
1
0
1
0
0
1

3
1
2
1
167
0
2
10
134217728
3000
500
1000
1
0
1
0
0
1

3
1
8
2
168
0
2
10
268435456
1000
250
100
1
0
1
0
0
1

3
1
8
4
197
0
1
12
67108864
3000
500
4
1
1
0
1
0
0
1
0
0
1
1
1
205
0
1
11
67108864
4000
1000
85
0
1
0
1
0
0
1
1
1
1
1
224
0
2
10
67108864
1000
1000
100
1
0
1
0
0
1

1
1
2
1
225
0
0
9
67108864
4000
250
1
0
1
0
0
1

3
1
4
2
247
0
1
11
268435456
3000
500
73
0
1
0
1
0
0
1
3
1
4
1
262
0
2
10
268435456
3000
100
1000
1
0
1
0
0
1

3
1
1
1
270
0
1
12
268435456
2000
500
81
1
1
0
1
0
0
1
0
0
1
2
1
300
0
0
9
67108864
4000
1000
1
0
1
0
0
1

3
1
4
1
305
0
0
9
268435456
2000
250
1
0
1
0
0
1

0
1
1
1
323
0
0
9
67108864
3000
1000
1
0
1
0
0
1

0
1
2
2
326
0
1
12
134217728
3000
100
48
1
1
0
1
0
0
1
0
1
1
8
2
337
0
1
12
67108864
1000
500
93
1
1
0
1
0
0
1
0
0
1
1
1
355
0
1
11
134217728
4000
50
13
0
1
0
1
0
0
1
3
1
4
2
380
0
1
11
67108864
4000
250
23
0
1
0
1
0
0
1
0
1
4
1
409
0
1
11
268435456
1000
500
75
0
1
0
1
0
0
1
1
1
2
1
420
0
2
10
268435456
2000
500
1000
1
0
1
0
0
1

3
1
2
1
422
0
2
10
268435456
2000
500
1000
1
0
1
0
0
1

3
1
2
1
425
0
2
10
134217728
3000
100
5
1
0
1
0
0
1

3
1
8
2
426
0
1
12
134217728
4000
500
89
1
1
0
1
0
0
1
0
3
1
8
4
451
0
1
12
268435456
1000
500
49
1
1
0
1
0
0
1
0
0
1
2
1
458
0
2
10
134217728
4000
100
100
1
0
1
0
0
1

1
1
4
2
460
0
1
11
268435456
1000
250
39
0
1
0
1
0
0
1
0
1
4
1
483
0
1
12
134217728
4000
100
47
1
1
0
1
0
0
1
0
0
1
4
4
487
0
0
9
134217728
1000
50
1
0
1
0
0
1

0
1
8
8
500
0
2
10
134217728
2000
250
5
1
0
1
0
0
1

3
1
8
4
501
0
2
10
268435456
2000
50
100
1
0
1
0
0
1

0
1
4
4
515
0
2
10
268435456
1000
500
1000
1
0
1
0
0
1

0
1
2
1
541
0
2
10
67108864
1000
250
5
1
0
1
0
0
1

3
1
2
1
546
0
0
9
268435456
3000
500
1
0
1
0
0
1

0
1
2
2
553
0
0
9
268435456
1000
500
1
0
1
0
0
1

3
1
2
1
574
0
2
10
134217728
1000
50
10
1
0
1
0
0
1

0
1
4
2
580
0
0
9
134217728
2000
500
1
0
1
0
0
1

0
1
8
2
592
0
2
10
67108864
1000
500
100
1
0
1
0
0
1

3
1
1
1
610
0
1
12
67108864
2000
1000
86
1
1
0
1
0
0
1
0
0
1
1
1
619
0
0
9
134217728
4000
50
1
0
1
0
0
1

3
1
1
1
621
0
2
10
268435456
1000
500
1
1
0
1
0
0
1

1
1
1
1
626
0
0
9
268435456
2000
500
1
0
1
0
0
1

1
1
1
1
650
0
2
10
134217728
4000
250
5
1
0
1
0
0
1

0
1
4
1
658
0
1
11
134217728
4000
250
22
0
1
0
1
0
0
1
0
1
1
1
688
0
0
9
67108864
3000
50
1
0
1
0
0
1

0
1
8
2
704
0
1
11
268435456
2000
500
27
0
1
0
1
0
0
1
1
1
2
2
709
0
1
12
134217728
3000
50
52
1
1
0
1
0
0
1
0
1
1
4
2
721
0
1
11
67108864
2000
500
2
0
1
0
1
0
0
1
3
1
4
2
727
0
2
10
268435456
3000
500
10
1
0
1
0
0
1

1
1
8
1
736
0
2
10
268435456
1000
50
1000
1
0
1
0
0
1

0
1
4
2
740
0
2
10
268435456
2000
250
1000
1
0
1
0
0
1

0
1
2
1
744
0
1
11
67108864
1000
100
99
0
1
0
1
0
0
1
1
1
4
2
770
0
0
9
268435456
2000
250
1
0
1
0
0
1

1
1
4
4
773
0
1
11
67108864
4000
500
34
0
1
0
1
0
0
1
3
1
4
2
798
0
0
9
268435456
3000
500
1
0
1
0
0
1

1
1
4
2
807
0
2
10
67108864
1000
500
5
1
0
1
0
0
1

0
1
1
1
810
0
2
10
134217728
3000
250
1
1
0
1
0
0
1

3
1
2
2
821
0
2
10
134217728
4000
100
100
1
0
1
0
0
1

3
1
8
2
849
0
0
9
67108864
2000
50
1
0
1
0
0
1

1
1
4
1
875
0
1
11
134217728
1000
100
60
0
1
0
1
0
0
1
3
1
2
2
892
0
1
12
134217728
2000
50
66
1
1
0
1
0
0
1
0
0
1
2
2
909
0
1
11
67108864
1000
500
76
0
1
0
1
0
0
1
0
1
1
1
920
0
2
10
134217728
3000
1000
10
1
0
1
0
0
1

3
1
2
1
944
0
1
12
134217728
4000
1000
20
1
1
0
1
0
0
1
0
1
1
1
1
973
0
1
12
67108864
3000
50
6
1
1
0
1
0
0
1
0
0
1
4
2
995
0
1
11
67108864
2000
50
23
0
1
0
1
0
0
1
0
1
4
4
1024
0
0
9
134217728
4000
50
1
0
1
0
0
1

1
1
2
1
1026
0
2
10
268435456
1000
250
5
1
0
1
0
0
1

1
1
1
1
1048
0
1
12
134217728
3000
500
49
1
1
0
1
0
0
1
0
0
1
1
1
1055
0
1
11
134217728
4000
1000
99
0
1
0
1
0
0
1
1
1
4
2
1081
0
1
11
268435456
2000
50
72
0
1
0
1
0
0
1
0
1
4
2
1104
0
2
10
268435456
2000
500
5
1
0
1
0
0
1

3
1
2
1
1133
0
1
12
134217728
1000
100
15
1
1
0
1
0
0
1
0
0
1
1
1
1155
0
2
10
268435456
2000
50
100
1
0
1
0
0
1

3
1
8
2
1177
0
0
9
268435456
3000
250
1
0
1
0
0
1

1
1
2
2
1191
0
2
10
268435456
1000
500
1
1
0
1
0
0
1

1
1
1
1
1197
0
2
10
134217728
1000
500
1000
1
0
1
0
0
1

1
1
8
8
1208
0
0
9
67108864
1000
1000
1
0
1
0
0
1

0
1
4
4
1235
0
2
10
134217728
3000
100
1
1
0
1
0
0
1

3
1
2
1
1245
0
1
11
67108864
2000
1000
21
0
1
0
1
0
0
1
1
1
2
2
1252
0
0
9
268435456
1000
250
1
0
1
0
0
1

3
1
8
4
1268
0
1
11
268435456
2000
500
20
0
1
0
1
0
0
1
1
1
8
4
1284
0
2
10
268435456
1000
500
10
1
0
1
0
0
1

1
1
8
1
1314
0
2
10
134217728
3000
250
100
1
0
1
0
0
1

3
1
4
4
1315
0
1
11
134217728
1000
50
91
0
1
0
1
0
0
1
0
1
2
1
1321
0
2
10
134217728
2000
250
5
1
0
1
0
0
1

1
1
1
1
1337
0
1
12
268435456
1000
100
76
1
1
0
1
0
0
1
0
0
1
4
4
1364
0
1
12
67108864
3000
250
97
1
1
0
1
0
0
1
0
3
1
4
1
1375
0
0
9
67108864
3000
1000
1
0
1
0
0
1

1
1
2
1
1385
0
0
9
268435456
3000
500
1
0
1
0
0
1

1
1
8
8
1399
0
0
9
67108864
2000
100
1
0
1
0
0
1

1
1
8
1
1409
0
2
10
134217728
4000
500
5
1
0
1
0
0
1

0
1
1
1
1420
0
2
10
268435456
3000
50
1000
1
0
1
0
0
1

3
1
2
1
1436
0
1
11
67108864
2000
50
28
0
1
0
1
0
0
1
0
1
1
1
1440
0
0
9
268435456
3000
500
1
0
1
0
0
1

0
1
1
1
1462
0
1
11
134217728
3000
100
74
0
1
0
1
0
0
1
0
1
4
1
1473
0
2
10
67108864
4000
50
10
1
0
1
0
0
1

3
1
2
1
1491
0
2
10
268435456
2000
50
100
1
0
1
0
0
1

0
1
8
4
1505
0
2
10
268435456
1000
500
10
1
0
1
0
0
1

3
1
4
4
1510
0
0
9
67108864
4000
1000
1
0
1
0
0
1

1
1
2
1
1530
0
2
10
67108864
1000
50
100
1
0
1
0
0
1

1
1
8
4
1540
0
1
12
268435456
3000
500
0
1
1
0
1
0
0
1
0
1
1
2
2
1558
0
2
10
134217728
4000
250
5
1
0
1
0
0
1

0
1
8
2
1565
0
1
12
67108864
2000
50
72
1
1
0
1
0
0
1
0
0
1
1
1
1571
0
0
9
268435456
2000
250
1
0
1
0
0
1

3
1
4
2
1589
0
1
11
67108864
1000
1000
27
0
1
0
1
0
0
1
1
1
2
2
1595
0
1
12
67108864
3000
1000
0
1
1
0
1
0
0
1
0
0
1
4
1
1618
0
2
10
134217728
4000
250
1000
1
0
1
0
0
1

0
1
1
1
1622
0
1
12
134217728
3000
50
51
1
1
0
1
0
0
1
0
1
1
4
2
1633
0
0
9
134217728
3000
250
1
0
1
0
0
1

3
1
1
1
1648
0
1
12
67108864
1000
500
39
1
1
0
1
0
0
1
0
1
1
4
1
1677
0
2
10
67108864
1000
500
1
1
0
1
0
0
1

3
1
4
2
1698
0
0
9
67108864
1000
500
1
0
1
0
0
1

3
1
8
2
1725
0
1
11
268435456
2000
250
5
0
1
0
1
0
0
1
0
1
4
4
1750
0
0
9
134217728
3000
50
1
0
1
0
0
1

0
1
2
1
1771
0
0
9
268435456
3000
100
1
0
1
0
0
1

0
1
2
2
1785
0
2
10
268435456
3000
250
1
1
0
1
0
0
1

1
1
2
1
1798
0
1
11
268435456
3000
50
44
0
1
0
1
0
0
1
1
1
4
2
1817
0
0
9
268435456
3000
500
1
0
1
0
0
1

1
1
8
1
1828
0
1
12
134217728
2000
500
44
1
1
0
1
0
0
1
0
1
1
8
2
1851
0
2
10
67108864
4000
250
5
1
0
1
0
0
1

1
1
2
1
1861
0
1
11
268435456
3000
500
17
0
1
0
1
0
0
1
0
1
1
1
1870
0
1
12
134217728
3000
250
84
1
1
0
1
0
0
1
0
0
1
2
1
1891
0
2
10
67108864
4000
1000
100
1
0
1
0
0
1

1
1
8
1
1904
0
2
10
67108864
1000
500
5
1
0
1
0
0
1

1
1
4
2
1919
0
2
10
134217728
1000
50
5
1
0
1
0
0
1

1
1
2
1
1926
0
0
9
67108864
1000
100
1
0
1
0
0
1

0
1
1
1
1944
0
2
10
134217728
4000
500
1
1
0
1
0
0
1

0
1
8
8
1960
0
0
9
134217728
3000
50
1
0
1
0
0
1

0
1
8
2
1977
0
0
9
67108864
2000
250
1
0
1
0
0
1

3
1
1
1
2006
0
2
10
268435456
2000
500
1000
1
0
1
0
0
1

1
1
1
1
2017
0
1
12
268435456
3000
500
18
1
1
0
1
0
0
1
0
3
1
2
1
2047
0
0
9
268435456
2000
500
1
0
1
0
0
1

0
1
4
1
2072
0
1
11
67108864
2000
100
19
0
1
0
1
0
0
1
0
1
1
1
2095
0
0
9
268435456
2000
100
1
0
1
0
0
1

0
1
8
8
2120
0
0
9
67108864
3000
50
1
0
1
0
0
1

0
1
2
2
2123
0
2
10
268435456
3000
50
1
1
0
1
0
0
1

3
1
8
4
2138
0
0
9
134217728
3000
50
1
0
1
0
0
1

0
1
2
2
2153
0
2
10
134217728
1000
500
10
1
0
1
0
0
1

3
1
2
1
2159
0
0
9
67108864
4000
100
1
0
1
0
0
1

0
1
8
2
2180
0
2
10
67108864
3000
50
5
1
0
1
0
0
1

3
1
2
2
2186
0
2
10
134217728
2000
1000
1000
1
0
1
0
0
1

1
1
4
4
2209
0
0
9
134217728
1000
1000
1
0
1
0
0
1

1
1
1
1
2219
0
0
9
268435456
2000
100
1
0
1
0
0
1

0
1
4
2
2226
0
1
12
268435456
3000
50
63
1
1
0
1
0
0
1
0
1
1
8
4
2239
0
1
11
268435456
3000
500
53
0
1
0
1
0
0
1
3
1
4
2
2249
0
0
9
268435456
3000
100
1
0
1
0
0
1

0
1
4
1
2254
0
0
9
134217728
2000
250
1
0
1
0
0
1

1
1
4
2
2258
0
1
11
67108864
1000
250
69
0
1
0
1
0
0
1
1
1
4
4
2274
0
1
11
67108864
4000
500
25
0
1
0
1
0
0
1
0
1
8
2
2301
0
2
10
134217728
2000
250
1
1
0
1
0
0
1

3
1
4
2
2306
0
1
11
268435456
2000
500
8
0
1
0
1
0
0
1
0
1
8
1
2335
0
2
10
134217728
1000
100
10
1
0
1
0
0
1

1
1
8
1
2362
0
2
10
67108864
4000
100
100
1
0
1
0
0
1

0
1
8
1
2382
0
1
12
67108864
2000
500
16
1
1
0
1
0
0
1
0
3
1
2
1
2409
0
1
11
134217728
1000
50
81
0
1
0
1
0
0
1
3
1
2
2
2421
0
1
12
268435456
2000
250
21
1
1
0
1
0
0
1
0
0
1
4
2
2434
0
1
12
67108864
2000
250
99
1
1
0
1
0
0
1
0
0
1
4
4
2443
0
1
12
134217728
2000
1000
92
1
1
0
1
0
0
1
0
3
1
2
1
2460
0
2
10
268435456
1000
500
5
1
0
1
0
0
1

3
1
4
4
2476
0
1
12
268435456
1000
50
97
1
1
0
1
0
0
1
0
1
1
8
1
2479
0
1
12
67108864
3000
1000
63
1
1
0
1
0
0
1
0
0
1
4
2
2499
0
1
11
268435456
1000
500
77
0
1
0
1
0
0
1
0
1
4
4
2508
0
2
10
268435456
1000
500
1
1
0
1
0
0
1

3
1
1
1
2513
0
0
9
67108864
3000
250
1
0
1
0
0
1

0
1
1
1
2519
0
1
11
67108864
1000
50
35
0
1
0
1
0
0
1
0
1
4
1
2544
0
1
11
134217728
1000
50
67
0
1
0
1
0
0
1
1
1
8
2
2549
0
2
10
134217728
3000
250
1
1
0
1
0
0
1

3
1
2
1
2578
0
1
12
67108864
1000
50
44
1
1
0
1
0
0
1
0
0
1
2
1
2593
0
1
11
67108864
1000
500
96
0
1
0
1
0
0
1
1
1
2
2
2596
0
2
10
134217728
3000
1000
100
1
0
1
0
0
1

3
1
4
1
2619
0
0
9
268435456
3000
500
1
0
1
0
0
1

0
1
1
1
2636
0
0
9
268435456
3000
250
1
0
1
0
0
1

0
1
8
2
2661
0
0
9
67108864
4000
100
1
0
1
0
0
1

0
1
8
4
2683
0
1
12
134217728
2000
100
44
1
1
0
1
0
0
1
0
3
1
2
1
2705
0
1
12
134217728
1000
100
15
1
1
0
1
0
0
1
0
0
1
4
2
2706
0
2
10
134217728
1000
500
10
1
0
1
0
0
1

0
1
4
2
2707
0
0
9
67108864
1000
250
1
0
1
0
0
1

0
1
8
2
2713
0
2
10
67108864
4000
100
1
1
0
1
0
0
1

1
1
8
1
2720
0
0
9
268435456
3000
500
1
0
1
0
0
1

3
1
2
1
2741
0
1
11
268435456
3000
500
77
0
1
0
1
0
0
1
1
1
2
1
2751
0
2
10
67108864
4000
250
1000
1
0
1
0
0
1

1
1
4
1
2779
0
0
9
268435456
3000
100
1
0
1
0
0
1

1
1
8
1
2801
0
1
12
67108864
3000
100
39
1
1
0
1
0
0
1
0
1
1
1
1
2809
0
2
10
268435456
3000
100
100
1
0
1
0
0
1

1
1
4
1
2829
0
0
9
134217728
3000
500
1
0
1
0
0
1

0
1
4
4
2835
0
1
12
67108864
3000
100
45
1
1
0
1
0
0
1
0
0
1
2
1
2865
0
2
10
134217728
3000
1000
1
1
0
1
0
0
1

1
1
2
1
2871
0
0
9
134217728
1000
100
1
0
1
0
0
1

3
1
1
1
2894
0
0
9
134217728
1000
250
1
0
1
0
0
1

1
1
1
1
2918
0
2
10
67108864
2000
250
1
1
0
1
0
0
1

1
1
8
4
2941
0
1
11
67108864
4000
250
19
0
1
0
1
0
0
1
3
1
4
4
2949
0
2
10
67108864
3000
250
1000
1
0
1
0
0
1

0
1
2
1
2955
0
1
12
268435456
3000
100
25
1
1
0
1
0
0
1
0
0
1
2
2
2963
0
1
11
268435456
3000
50
9
0
1
0
1
0
0
1
1
1
2
1
2972
0
0
9
268435456
3000
500
1
0
1
0
0
1

3
1
2
1
2988
0
1
11
67108864
4000
500
2
0
1
0
1
0
0
1
3
1
1
1
2996
0
2
10
268435456
3000
500
10
1
0
1
0
0
1

3
1
4
2
3015
0
2
10
268435456
1000
500
1000
1
0
1
0
0
1

1
1
1
1
3026
0
1
12
67108864
1000
50
49
1
1
0
1
0
0
1
0
0
1
1
1
3052
0
1
12
67108864
4000
50
14
1
1
0
1
0
0
1
0
1
1
8
1
3075
0
2
10
134217728
4000
50
1
1
0
1
0
0
1

0
1
2
1
3077
0
2
10
134217728
1000
1000
5
1
0
1
0
0
1

3
1
8
4
3091
0
2
10
67108864
2000
100
5
1
0
1
0
0
1

1
1
4
2
3112
0
2
10
67108864
3000
250
1
1
0
1
0
0
1

1
1
8
4
3139
0
2
10
67108864
2000
50
1
1
0
1
0
0
1

0
1
1
1
3158
0
2
10
134217728
3000
50
5
1
0
1
0
0
1

1
1
2
1
3172
0
1
12
67108864
3000
50
86
1
1
0
1
0
0
1
0
0
1
2
1
3180
0
2
10
268435456
1000
500
10
1
0
1
0
0
1

3
1
2
1
3195
0
0
9
134217728
4000
250
1
0
1
0
0
1

1
1
4
2
3207
0
2
10
67108864
4000
50
100
1
0
1
0
0
1

0
1
1
1
3211
0
0
9
268435456
3000
50
1
0
1
0
0
1

0
1
1
1
3232
0
0
9
67108864
4000
1000
1
0
1
0
0
1

1
1
8
2
3262
0
1
11
268435456
3000
100
6
0
1
0
1
0
0
1
3
1
4
1
3265
0
1
11
268435456
3000
500
21
0
1
0
1
0
0
1
3
1
4
2
3273
0
1
12
134217728
3000
1000
92
1
1
0
1
0
0
1
0
3
1
2
1
3295
0
2
10
67108864
4000
1000
1000
1
0
1
0
0
1

1
1
2
1
3298
0
1
12
67108864
1000
100
84
1
1
0
1
0
0
1
0
0
1
4
1
3314
0
2
10
67108864
3000
1000
5
1
0
1
0
0
1

0
1
2
1
3340
0
0
9
268435456
3000
250
1
0
1
0
0
1

0
1
2
2
3349
0
0
9
134217728
2000
1000
1
0
1
0
0
1

3
1
8
8
3378
0
2
10
67108864
3000
100
1000
1
0
1
0
0
1

1
1
8
2
3390
0
1
11
268435456
1000
500
43
0
1
0
1
0
0
1
3
1
1
1
3396
0
2
10
67108864
2000
500
1
1
0
1
0
0
1

1
1
8
8
3405
0
2
10
268435456
1000
50
5
1
0
1
0
0
1

0
1
8
4
3415
0
1
11
134217728
2000
1000
80
0
1
0
1
0
0
1
3
1
4
1
3440
0
1
12
268435456
3000
500
42
1
1
0
1
0
0
1
0
1
1
4
2
3470
0
1
11
268435456
3000
250
5
0
1
0
1
0
0
1
3
1
2
1
3487
0
1
11
67108864
3000
250
57
0
1
0
1
0
0
1
1
1
2
1
3503
0
0
9
67108864
4000
100
1
0
1
0
0
1

3
1
8
1
3514
0
2
10
67108864
4000
500
1
1
0
1
0
0
1

1
1
1
1
3535
0
2
10
67108864
1000
100
10
1
0
1
0
0
1

0
1
1
1
3540
0
2
10
134217728
4000
1000
5
1
0
1
0
0
1

0
1
1
1
3541
0
1
12
67108864
4000
250
11
1
1
0
1
0
0
1
0
1
1
1
1
3562
0
2
10
134217728
3000
1000
100
1
0
1
0
0
1

1
1
2
1
3571
0
0
9
134217728
2000
250
1
0
1
0
0
1

1
1
8
1
3573
0
1
11
134217728
2000
500
20
0
1
0
1
0
0
1
0
1
2
1
3591
0
0
9
134217728
1000
1000
1
0
1
0
0
1

0
1
2
1
3612
0
0
9
268435456
2000
250
1
0
1
0
0
1

3
1
8
1
3621
0
0
9
134217728
4000
1000
1
0
1
0
0
1

0
1
1
1
3622
0
2
10
134217728
1000
1000
5
1
0
1
0
0
1

0
1
4
2
3634
0
1
11
268435456
1000
500
54
0
1
0
1
0
0
1
0
1
1
1
3637
0
0
9
67108864
4000
500
1
0
1
0
0
1

3
1
8
8
3649
0
0
9
67108864
4000
500
1
0
1
0
0
1

3
1
2
1
3653
0
2
10
67108864
3000
1000
1
1
0
1
0
0
1

1
1
8
1
3669
0
2
10
268435456
1000
500
1
1
0
1
0
0
1

3
1
8
8
3686
0
1
11
67108864
2000
1000
11
0
1
0
1
0
0
1
0
1
4
2
3712
0
2
10
134217728
4000
50
5
1
0
1
0
0
1

0
1
8
4
3718
0
2
10
268435456
3000
500
100
1
0
1
0
0
1

1
1
4
4
3719
0
0
9
134217728
1000
500
1
0
1
0
0
1

1
1
8
2
3734
0
1
12
268435456
2000
50
57
1
1
0
1
0
0
1
0
0
1
2
1
3735
0
0
9
268435456
1000
100
1
0
1
0
0
1

0
1
4
1
3740
0
2
10
268435456
3000
500
5
1
0
1
0
0
1

1
1
1
1
3745
0
0
9
67108864
3000
50
1
0
1
0
0
1

3
1
8
2
3772
0
0
9
268435456
2000
250
1
0
1
0
0
1

3
1
2
1
3785
0
1
12
268435456
3000
50
60
1
1
0
1
0
0
1
0
0
1
4
1
3787
0
2
10
67108864
4000
50
10
1
0
1
0
0
1

1
1
2
2
3806
0
0
9
67108864
3000
50
1
0
1
0
0
1

1
1
8
4
3817
0
0
9
268435456
2000
250
1
0
1
0
0
1

0
1
2
2
3839
0
2
10
268435456
2000
100
5
1
0
1
0
0
1

0
1
1
1
3862
0
0
9
268435456
2000
500
1
0
1
0
0
1

0
1
1
1
3886
0
1
12
268435456
2000
250
78
1
1
0
1
0
0
1
0
1
1
2
1
3891
0
2
10
268435456
3000
500
1000
1
0
1
0
0
1

3
1
8
1
3920
0
1
11
67108864
2000
50
33
0
1
0
1
0
0
1
0
1
2
1
3929
0
2
10
268435456
2000
50
10
1
0
1
0
0
1

0
1
2
1
3942
0
0
9
134217728
2000
1000
1
0
1
0
0
1

0
1
4
2
3962
0
2
10
134217728
1000
50
10
1
0
1
0
0
1

3
1
1
1
3991
0
0
9
67108864
1000
50
1
0
1
0
0
1

1
1
1
1
3993
0
0
9
67108864
2000
1000
1
0
1
0
0
1

0
1
4
2
4023
0
2
10
268435456
2000
250
1000
1
0
1
0
0
1

1
1
2
1
4028
0
0
9
134217728
4000
500
1
0
1
0
0
1

0
1
2
1
4050
0
1
12
134217728
1000
100
28
1
1
0
1
0
0
1
0
0
1
8
2
4060
0
1
11
67108864
1000
1000
89
0
1
0
1
0
0
1
1
1
8
4
4061
0
0
9
67108864
3000
1000
1
0
1
0
0
1

1
1
1
1
4065
0
0
9
134217728
1000
250
1
0
1
0
0
1

3
1
1
1
4091
0
1
12
67108864
4000
50
55
1
1
0
1
0
0
1
0
3
1
1
1
4117
0
2
10
67108864
1000
1000
1
1
0
1
0
0
1

1
1
1
1
4131
0
1
11
134217728
1000
100
40
0
1
0
1
0
0
1
1
1
8
4
4142
0
0
9
268435456
3000
250
1
0
1
0
0
1

3
1
4
1
4152
0
1
11
134217728
1000
1000
87
0
1
0
1
0
0
1
3
1
8
1
4170
0
2
10
134217728
1000
500
10
1
0
1
0
0
1

0
1
8
4
4179
0
1
11
134217728
4000
1000
53
0
1
0
1
0
0
1
3
1
8
1
4194
0
1
11
134217728
4000
500
82
0
1
0
1
0
0
1
3
1
1
1
4200
0
0
9
134217728
4000
500
1
0
1
0
0
1

0
1
2
1
4227
0
2
10
67108864
2000
250
5
1
0
1
0
0
1

1
1
1
1
4246
0
0
9
268435456
2000
100
1
0
1
0
0
1

0
1
4
2
4270
0
0
9
67108864
2000
500
1
0
1
0
0
1

1
1
8
4
4280
0
1
11
134217728
2000
50
84
0
1
0
1
0
0
1
0
1
2
1
4292
0
0
9
67108864
3000
100
1
0
1
0
0
1

0
1
1
1
4313
0
1
11
67108864
1000
50
98
0
1
0
1
0
0
1
3
1
2
1
4334
0
2
10
67108864
2000
250
5
1
0
1
0
0
1

1
1
8
1
4360
0
1
12
67108864
2000
500
64
1
1
0
1
0
0
1
0
3
1
1
1
4386
0
1
11
268435456
2000
100
45
0
1
0
1
0
0
1
0
1
1
1
4391
0
0
9
67108864
2000
1000
1
0
1
0
0
1

3
1
2
2
4406
0
2
10
268435456
3000
250
100
1
0
1
0
0
1

1
1
8
4
4408
0
2
10
134217728
1000
500
1000
1
0
1
0
0
1

0
1
8
4
4434
0
1
11
134217728
1000
100
43
0
1
0
1
0
0
1
1
1
8
8
4439
0
0
9
134217728
2000
50
1
0
1
0
0
1

1
1
8
2
4454
0
0
9
134217728
4000
500
1
0
1
0
0
1

3
1
1
1
4459
0
1
11
134217728
4000
500
53
0
1
0
1
0
0
1
0
1
2
1
4480
0
2
10
134217728
4000
500
1000
1
0
1
0
0
1

1
1
4
4
4488
0
0
9
134217728
4000
1000
1
0
1
0
0
1

0
1
2
1
4518
0
1
11
268435456
3000
250
42
0
1
0
1
0
0
1
3
1
1
1
4547
0
1
12
134217728
4000
50
5
1
1
0
1
0
0
1
0
0
1
1
1
4572
0
0
9
134217728
4000
1000
1
0
1
0
0
1

1
1
4
2
4588
0
2
10
268435456
3000
500
1
1
0
1
0
0
1

3
1
2
1
4612
0
1
12
134217728
1000
1000
63
1
1
0
1
0
0
1
0
3
1
8
2
4640
0
1
11
134217728
4000
1000
8
0
1
0
1
0
0
1
3
1
8
1
4666
0
1
11
67108864
3000
250
16
0
1
0
1
0
0
1
1
1
4
2
4693
0
1
12
67108864
2000
500
37
1
1
0
1
0
0
1
0
3
1
2
1
4712
0
1
11
134217728
4000
500
86
0
1
0
1
0
0
1
1
1
2
1
4716
0
2
10
134217728
1000
100
1000
1
0
1
0
0
1

3
1
1
1
4742
0
1
12
67108864
2000
50
53
1
1
0
1
0
0
1
0
3
1
1
1
4754
0
0
9
134217728
3000
50
1
0
1
0
0
1

3
1
2
1
4762
0
0
9
134217728
1000
1000
1
0
1
0
0
1

3
1
8
8
4781
0
0
9
67108864
1000
1000
1
0
1
0
0
1

0
1
4
2
4792
0
0
9
134217728
1000
1000
1
0
1
0
0
1

3
1
4
2
4795
0
2
10
268435456
3000
50
5
1
0
1
0
0
1

0
1
8
2
4799
0
2
10
134217728
1000
50
5
1
0
1
0
0
1

1
1
1
1
4812
0
1
12
268435456
3000
100
69
1
1
0
1
0
0
1
0
3
1
8
1
4827
0
1
12
268435456
3000
50
54
1
1
0
1
0
0
1
0
3
1
1
1
4833
0
1
12
67108864
3000
100
49
1
1
0
1
0
0
1
0
3
1
4
2
4840
0
2
10
67108864
3000
100
1
1
0
1
0
0
1

0
1
1
1
4856
0
2
10
134217728
3000
250
1000
1
0
1
0
0
1

3
1
8
2
4872
0
1
12
134217728
4000
1000
83
1
1
0
1
0
0
1
0
0
1
1
1
4902
0
1
12
134217728
4000
100
39
1
1
0
1
0
0
1
0
3
1
8
1
4918
0
0
9
67108864
4000
100
1
0
1
0
0
1

1
1
1
1
4919
0
0
9
268435456
1000
500
1
0
1
0
0
1

3
1
1
1
4937
0
2
10
67108864
3000
100
10
1
0
1
0
0
1

1
1
8
1
4955
0
1
12
67108864
2000
50
4
1
1
0
1
0
0
1
0
0
1
8
2
4975
0
0
9
67108864
1000
500
1
0
1
0
0
1

0
1
2
2
4995
0
0
9
134217728
2000
100
1
0
1
0
0
1

1
1
4
2
5013
0
2
10
134217728
2000
500
100
1
0
1
0
0
1

1
1
4
1
5016
0
1
12
134217728
1000
1000
90
1
1
0
1
0
0
1
0
0
1
8
8
5046
0
2
10
67108864
3000
500
5
1
0
1
0
0
1

0
1
2
1
5050
0
0
9
67108864
2000
250
1
0
1
0
0
1

3
1
8
2
5061
0
1
11
67108864
3000
1000
30
0
1
0
1
0
0
1
3
1
1
1
5080
0
0
9
268435456
2000
500
1
0
1
0
0
1

3
1
2
2
5086
0
2
10
134217728
4000
50
100
1
0
1
0
0
1

1
1
2
1
5116
0
0
9
67108864
2000
1000
1
0
1
0
0
1

1
1
8
4
5118
0
1
11
134217728
4000
1000
83
0
1
0
1
0
0
1
0
1
1
1
5127
0
1
12
268435456
3000
500
49
1
1
0
1
0
0
1
0
0
1
2
2
5147
0
1
11
268435456
1000
250
86
0
1
0
1
0
0
1
3
1
2
1
5172
0
2
10
134217728
3000
100
5
1
0
1
0
0
1

3
1
8
2
5181
0
1
11
67108864
1000
1000
23
0
1
0
1
0
0
1
1
1
1
1
5189
0
2
10
67108864
4000
1000
1000
1
0
1
0
0
1

3
1
1
1
5197
0
2
10
67108864
3000
250
100
1
0
1
0
0
1

1
1
8
2
5202
0
1
11
67108864
1000
500
70
0
1
0
1
0
0
1
0
1
2
1
5224
0
2
10
268435456
2000
500
1000
1
0
1
0
0
1

1
1
1
1
5246
0
1
12
67108864
1000
250
28
1
1
0
1
0
0
1
0
3
1
2
1
5266
0
0
9
268435456
3000
500
1
0
1
0
0
1

0
1
2
1
5275
0
2
10
134217728
2000
1000
1000
1
0
1
0
0
1

0
1
2
1
5277
0
2
10
67108864
3000
250
1000
1
0
1
0
0
1

3
1
8
8
5285
0
1
12
268435456
2000
250
13
1
1
0
1
0
0
1
0
1
1
4
4
5300
0
2
10
268435456
2000
100
1
1
0
1
0
0
1

1
1
4
1
5305
0
2
10
67108864
2000
1000
5
1
0
1
0
0
1

0
1
8
2
5333
0
1
11
134217728
1000
500
18
0
1
0
1
0
0
1
3
1
4
2
5339
0
0
9
134217728
3000
500
1
0
1
0
0
1

1
1
1
1
5356
0
2
10
134217728
3000
250
1000
1
0
1
0
0
1

3
1
1
1
5383
0
2
10
67108864
3000
500
1000
1
0
1
0
0
1

0
1
4
2
5411
0
2
10
67108864
1000
50
1000
1
0
1
0
0
1

0
1
1
1
5433
0
0
9
134217728
2000
250
1
0
1
0
0
1

0
1
1
1
5445
0
2
10
67108864
3000
1000
1
1
0
1
0
0
1

1
1
4
4
5469
0
1
12
268435456
2000
100
90
1
1
0
1
0
0
1
0
0
1
4
2
5497
0
0
9
67108864
3000
50
1
0
1
0
0
1

1
1
1
1
5502
0
0
9
268435456
2000
250
1
0
1
0
0
1

0
1
1
1
5521
0
0
9
134217728
3000
250
1
0
1
0
0
1

1
1
1
1
5550
0
2
10
134217728
1000
100
100
1
0
1
0
0
1

0
1
2
1
5553
0
0
9
67108864
3000
50
1
0
1
0
0
1

0
1
4
2
5578
0
1
12
134217728
1000
50
76
1
1
0
1
0
0
1
0
3
1
8
2
5603
0
2
10
134217728
2000
100
5
1
0
1
0
0
1

3
1
1
1
5620
0
1
12
268435456
1000
500
89
1
1
0
1
0
0
1
0
1
1
4
2
5622
0
1
11
268435456
3000
250
62
0
1
0
1
0
0
1
1
1
1
1
5632
0
2
10
268435456
2000
50
1
1
0
1
0
0
1

1
1
4
4
5644
0
2
10
134217728
2000
500
10
1
0
1
0
0
1

0
1
8
2
5650
0
0
9
134217728
3000
1000
1
0
1
0
0
1

1
1
8
8
5664
0
2
10
134217728
3000
1000
1
1
0
1
0
0
1

1
1
4
4
5691
0
0
9
134217728
1000
250
1
0
1
0
0
1

0
1
2
1
5693
0
1
12
268435456
2000
50
48
1
1
0
1
0
0
1
0
1
1
1
1
5712
0
1
12
67108864
3000
100
36
1
1
0
1
0
0
1
0
0
1
4
2
5736
0
1
12
134217728
3000
500
52
1
1
0
1
0
0
1
0
1
1
2
2
5741
0
2
10
268435456
3000
250
1
1
0
1
0
0
1

0
1
2
2
5757
0
0
9
67108864
4000
1000
1
0
1
0
0
1

1
1
2
2
5766
0
1
12
67108864
4000
100
35
1
1
0
1
0
0
1
0
0
1
1
1
5779
0
0
9
134217728
2000
100
1
0
1
0
0
1

0
1
8
1
5805
0
0
9
268435456
3000
250
1
0
1
0
0
1

0
1
2
1
5806
0
2
10
67108864
4000
1000
1000
1
0
1
0
0
1

3
1
4
2
5814
0
2
10
268435456
3000
250
1
1
0
1
0
0
1

3
1
8
1
5836
0
0
9
67108864
3000
250
1
0
1
0
0
1

3
1
8
8
5840
0
1
12
134217728
1000
50
78
1
1
0
1
0
0
1
0
0
1
2
1
5858
0
1
12
67108864
4000
1000
99
1
1
0
1
0
0
1
0
0
1
8
4
5859
0
2
10
67108864
3000
500
10
1
0
1
0
0
1

1
1
8
8
5887
0
2
10
134217728
1000
50
10
1
0
1
0
0
1

1
1
8
1
5904
0
0
9
268435456
2000
50
1
0
1
0
0
1

0
1
4
4
5932
0
2
10
134217728
1000
250
1000
1
0
1
0
0
1

3
1
1
1
5934
0
0
9
134217728
4000
100
1
0
1
0
0
1

0
1
4
1
5938
0
1
12
134217728
4000
250
86
1
1
0
1
0
0
1
0
1
1
1
1
5956
0
1
11
268435456
2000
500
47
0
1
0
1
0
0
1
3
1
8
2
5972
0
0
9
268435456
3000
100
1
0
1
0
0
1

0
1
2
1
5999
0
1
11
268435456
3000
500
1
0
1
0
1
0
0
1
0
1
8
4
6008
0
2
10
67108864
3000
500
10
1
0
1
0
0
1

1
1
2
1
6021
0
1
12
67108864
2000
50
74
1
1
0
1
0
0
1
0
1
1
1
1
6039
0
0
9
268435456
3000
500
1
0
1
0
0
1

1
1
1
1
6064
0
2
10
134217728
4000
1000
1
1
0
1
0
0
1

1
1
8
8
6077
0
2
10
268435456
3000
50
5
1
0
1
0
0
1

1
1
4
4
6083
0
1
12
67108864
4000
50
46
1
1
0
1
0
0
1
0
3
1
4
1
6085
0
2
10
134217728
1000
50
100
1
0
1
0
0
1

3
1
1
1
6106
0
2
10
268435456
1000
50
1
1
0
1
0
0
1

0
1
2
2
6119
0
1
12
268435456
3000
500
48
1
1
0
1
0
0
1
0
1
1
1
1
6146
0
0
9
67108864
3000
250
1
0
1
0
0
1

1
1
2
1
6157
0
2
10
134217728
1000
500
100
1
0
1
0
0
1

0
1
2
1
6162
0
1
12
67108864
1000
250
6
1
1
0
1
0
0
1
0
1
1
2
1
6183
0
0
9
268435456
1000
100
1
0
1
0
0
1

3
1
4
2
6207
0
1
11
268435456
3000
50
36
0
1
0
1
0
0
1
1
1
1
1
6233
0
0
9
134217728
2000
50
1
0
1
0
0
1

3
1
1
1
6235
0
2
10
134217728
1000
250
100
1
0
1
0
0
1

3
1
1
1
6264
0
1
12
134217728
3000
50
66
1
1
0
1
0
0
1
0
3
1
8
2
6287
0
1
12
268435456
1000
500
79
1
1
0
1
0
0
1
0
0
1
1
1
6311
0
1
11
268435456
2000
500
53
0
1
0
1
0
0
1
1
1
4
2
6329
0
1
12
67108864
3000
50
73
1
1
0
1
0
0
1
0
3
1
4
4
6338
0
0
9
134217728
4000
500
1
0
1
0
0
1

1
1
8
2
6344
0
2
10
268435456
3000
250
100
1
0
1
0
0
1

0
1
2
1
6358
0
1
12
268435456
3000
500
20
1
1
0
1
0
0
1
0
1
1
2
1
6381
0
2
10
268435456
2000
50
1000
1
0
1
0
0
1

3
1
8
8
6392
0
2
10
268435456
1000
250
5
1
0
1
0
0
1

1
1
4
2
6413
0
2
10
134217728
2000
500
10
1
0
1
0
0
1

0
1
2
1
6437
0
2
10
134217728
4000
50
5
1
0
1
0
0
1

3
1
8
4
6439
0
0
9
134217728
3000
100
1
0
1
0
0
1

1
1
4
2
6448
0
2
10
134217728
4000
250
1
1
0
1
0
0
1

1
1
4
4
6457
0
1
12
268435456
2000
50
9
1
1
0
1
0
0
1
0
0
1
4
1
6474
0
0
9
268435456
3000
50
1
0
1
0
0
1

1
1
8
2
6475
0
0
9
268435456
3000
500
1
0
1
0
0
1

1
1
4
2
6505
0
2
10
268435456
3000
100
100
1
0
1
0
0
1

0
1
8
8
6517
0
2
10
67108864
2000
250
5
1
0
1
0
0
1

3
1
1
1
6538
0
0
9
67108864
3000
500
1
0
1
0
0
1

1
1
2
2
6550
0
2
10
134217728
4000
50
1
1
0
1
0
0
1

3
1
1
1
6563
0
1
11
268435456
2000
250
38
0
1
0
1
0
0
1
1
1
4
1
6576
0
2
10
67108864
3000
500
1000
1
0
1
0
0
1

0
1
1
1
6580
0
2
10
67108864
2000
1000
1000
1
0
1
0
0
1

1
1
8
4
6608
0
1
12
134217728
4000
250
41
1
1
0
1
0
0
1
0
3
1
2
1
6614
0
2
10
67108864
1000
100
10
1
0
1
0
0
1

0
1
4
4
6632
0
1
11
67108864
3000
50
81
0
1
0
1
0
0
1
3
1
8
1
6646
0
1
12
268435456
3000
100
44
1
1
0
1
0
0
1
0
3
1
2
1
6673
0
2
10
268435456
3000
50
1000
1
0
1
0
0
1

0
1
2
1
6700
0
0
9
268435456
3000
100
1
0
1
0
0
1

1
1
2
1
6710
0
2
10
134217728
4000
500
1
1
0
1
0
0
1

3
1
4
2
6717
0
2
10
268435456
2000
250
1000
1
0
1
0
0
1

0
1
8
1
6721
0
1
12
134217728
4000
250
79
1
1
0
1
0
0
1
0
3
1
8
8
6745
0
1
12
268435456
1000
500
9
1
1
0
1
0
0
1
0
1
1
2
1
6771
0
0
9
268435456
3000
250
1
0
1
0
0
1

3
1
4
4
6786
0
1
11
67108864
4000
500
77
0
1
0
1
0
0
1
3
1
1
1
6798
0
2
10
134217728
4000
500
1
1
0
1
0
0
1

3
1
2
1
6811
0
1
12
67108864
3000
50
8
1
1
0
1
0
0
1
0
1
1
2
1
6812
0
0
9
134217728
4000
500
1
0
1
0
0
1

3
1
4
2
6828
0
1
11
67108864
2000
500
91
0
1
0
1
0
0
1
0
1
8
2
6840
0
1
12
67108864
4000
500
1
1
1
0
1
0
0
1
0
3
1
1
1
6860
0
2
10
268435456
1000
50
100
1
0
1
0
0
1

0
1
4
2
6882
0
0
9
67108864
4000
100
1
0
1
0
0
1

3
1
4
2
6889
0
1
12
268435456
2000
250
20
1
1
0
1
0
0
1
0
3
1
2
2
6915
0
1
11
134217728
4000
100
71
0
1
0
1
0
0
1
3
1
1
1
6916
0
2
10
134217728
4000
250
10
1
0
1
0
0
1

3
1
8
1
6935
0
0
9
268435456
2000
50
1
0
1
0
0
1

1
1
8
4
6945
0
1
11
268435456
2000
250
34
0
1
0
1
0
0
1
0
1
1
1
6957
0
2
10
67108864
4000
100
100
1
0
1
0
0
1

1
1
2
1
6965
0
0
9
67108864
4000
250
1
0
1
0
0
1

3
1
1
1
6981
0
0
9
268435456
2000
250
1
0
1
0
0
1

0
1
1
1
7007
0
1
11
67108864
3000
100
89
0
1
0
1
0
0
1
3
1
8
2
7008
0
1
11
67108864
3000
1000
2
0
1
0
1
0
0
1
1
1
2
1
7018
0
1
12
134217728
2000
250
1
1
1
0
1
0
0
1
0
1
1
1
1
7026
0
1
11
134217728
1000
50
65
0
1
0
1
0
0
1
0
1
2
1
7043
0
0
9
134217728
4000
250
1
0
1
0
0
1

3
1
1
1
7057
0
1
11
67108864
4000
50
90
0
1
0
1
0
0
1
3
1
1
1
7068
0
1
12
67108864
1000
1000
84
1
1
0
1
0
0
1
0
3
1
2
1
7079
0
1
12
67108864
1000
500
46
1
1
0
1
0
0
1
0
0
1
8
8
7098
0
0
9
134217728
4000
500
1
0
1
0
0
1

1
1
4
1
7111
0
1
12
67108864
1000
100
94
1
1
0
1
0
0
1
0
1
1
8
2
7130
0
1
11
67108864
2000
100
9
0
1
0
1
0
0
1
3
1
2
1
7136
0
0
9
134217728
4000
500
1
0
1
0
0
1

0
1
8
2
7141
0
1
11
67108864
2000
250
85
0
1
0
1
0
0
1
3
1
8
2
7155
0
0
9
134217728
1000
100
1
0
1
0
0
1

1
1
4
2
7174
0
1
12
268435456
1000
500
95
1
1
0
1
0
0
1
0
1
1
2
1
7180
0
0
9
134217728
4000
250
1
0
1
0
0
1

0
1
1
1
7191
0
2
10
67108864
4000
100
1
1
0
1
0
0
1

1
1
2
1
7210
0
1
11
134217728
1000
1000
36
0
1
0
1
0
0
1
3
1
1
1
7219
0
2
10
67108864
2000
250
5
1
0
1
0
0
1

0
1
2
1
7245
0
2
10
268435456
2000
500
1
1
0
1
0
0
1

0
1
4
4
7272
0
1
11
268435456
3000
100
67
0
1
0
1
0
0
1
1
1
2
2
7276
0
2
10
268435456
1000
250
10
1
0
1
0
0
1

1
1
8
4
7297
0
2
10
134217728
2000
50
10
1
0
1
0
0
1

3
1
4
2
7310
0
1
12
268435456
3000
500
16
1
1
0
1
0
0
1
0
3
1
2
2
7322
0
0
9
134217728
1000
500
1
0
1
0
0
1

3
1
8
1
7327
0
2
10
268435456
2000
50
5
1
0
1
0
0
1

1
1
1
1
7328
0
2
10
134217728
4000
100
5
1
0
1
0
0
1

3
1
1
1
7354
0
1
11
268435456
3000
500
57
0
1
0
1
0
0
1
3
1
8
2
7360
0
0
9
67108864
3000
100
1
0
1
0
0
1

3
1
8
8
7381
0
2
10
134217728
4000
100
100
1
0
1
0
0
1

1
1
1
1
7391
0
1
11
268435456
1000
250
57
0
1
0
1
0
0
1
1
1
8
2
7417
0
0
9
268435456
3000
500
1
0
1
0
0
1

0
1
4
2
7433
0
2
10
134217728
4000
500
1
1
0
1
0
0
1

1
1
4
4
7462
0
2
10
268435456
3000
50
1000
1
0
1
0
0
1

0
1
2
2
7480
0
1
11
67108864
2000
100
57
0
1
0
1
0
0
1
0
1
4
2
7486
0
1
12
268435456
2000
250
97
1
1
0
1
0
0
1
0
0
1
8
2
7492
0
0
9
268435456
3000
50
1
0
1
0
0
1

0
1
1
1
7509
0
0
9
134217728
2000
1000
1
0
1
0
0
1

1
1
1
1
7517
0
0
9
134217728
4000
500
1
0
1
0
0
1

0
1
8
8
7544
0
0
9
268435456
2000
100
1
0
1
0
0
1

1
1
8
4
7556
0
0
9
268435456
3000
250
1
0
1
0
0
1

0
1
1
1
7570
0
0
9
134217728
3000
50
1
0
1
0
0
1

0
1
4
4
7579
0
2
10
134217728
3000
50
10
1
0
1
0
0
1

3
1
2
1
7607
0
1
12
67108864
3000
1000
83
1
1
0
1
0
0
1
0
1
1
1
1
7631
0
0
9
67108864
3000
500
1
0
1
0
0
1

0
1
4
4
7643
0
0
9
134217728
3000
100
1
0
1
0
0
1

0
1
1
1
7666
0
1
12
67108864
4000
1000
21
1
1
0
1
0
0
1
0
3
1
2
1
7689
0
0
9
268435456
2000
50
1
0
1
0
0
1

3
1
2
2
7707
0
1
12
134217728
3000
500
35
1
1
0
1
0
0
1
0
1
1
4
2
7734
0
2
10
67108864
4000
1000
10
1
0
1
0
0
1

1
1
2
2
7758
0
2
10
268435456
1000
500
5
1
0
1
0
0
1

0
1
8
2
7778
0
0
9
268435456
3000
100
1
0
1
0
0
1

0
1
8
4
7794
0
2
10
67108864
4000
250
100
1
0
1
0
0
1

3
1
4
1
7821
0
2
10
134217728
4000
250
10
1
0
1
0
0
1

1
1
4
1
7848
0
2
10
134217728
4000
100
1000
1
0
1
0
0
1

0
1
1
1
7857
0
2
10
67108864
1000
1000
1000
1
0
1
0
0
1

3
1
4
4
7861
0
2
10
268435456
3000
500
100
1
0
1
0
0
1

3
1
2
1
7871
0
1
11
134217728
1000
50
68
0
1
0
1
0
0
1
3
1
2
1
7874
0
0
9
268435456
2000
500
1
0
1
0
0
1

1
1
8
1
7877
0
1
11
134217728
4000
100
96
0
1
0
1
0
0
1
3
1
2
1
7885
0
0
9
134217728
3000
250
1
0
1
0
0
1

0
1
8
1
7903
0
2
10
268435456
3000
250
10
1
0
1
0
0
1

0
1
2
1
7904
0
2
10
134217728
3000
100
1000
1
0
1
0
0
1

0
1
2
2
7918
0
0
9
67108864
4000
250
1
0
1
0
0
1

3
1
8
2
7921
0
1
11
67108864
3000
500
5
0
1
0
1
0
0
1
1
1
4
2
7948
0
2
10
134217728
2000
250
10
1
0
1
0
0
1

3
1
8
4
7965
0
1
12
268435456
3000
500
4
1
1
0
1
0
0
1
0
3
1
1
1
7986
0
0
9
134217728
2000
50
1
0
1
0
0
1

1
1
8
8
8003
0
2
10
134217728
3000
100
1000
1
0
1
0
0
1

1
1
2
2
8006
0
1
12
268435456
2000
100
43
1
1
0
1
0
0
1
0
0
1
1
1
8025
0
0
9
67108864
4000
250
1
0
1
0
0
1

3
1
8
1
8048
0
2
10
268435456
2000
50
1
1
0
1
0
0
1

3
1
4
2
8069
0
1
11
67108864
1000
1000
13
0
1
0
1
0
0
1
0
1
4
2
8071
0
2
10
134217728
2000
250
5
1
0
1
0
0
1

3
1
2
1
8084
0
2
10
67108864
3000
1000
1
1
0
1
0
0
1

3
1
1
1
8106
0
1
11
268435456
3000
50
71
0
1
0
1
0
0
1
0
1
8
4
8114
0
2
10
134217728
2000
100
5
1
0
1
0
0
1

1
1
4
4
8142
0
0
9
268435456
1000
50
1
0
1
0
0
1

3
1
1
1
8156
0
0
9
134217728
4000
1000
1
0
1
0
0
1

0
1
4
4
8183
0
2
10
67108864
2000
50
1000
1
0
1
0
0
1

3
1
1
1
8212
0
0
9
268435456
2000
250
1
0
1
0
0
1

3
1
2
2
8241
0
1
11
134217728
2000
1000
94
0
1
0
1
0
0
1
0
1
1
1
8267
0
2
10
67108864
4000
50
1
1
0
1
0
0
1

3
1
1
1
8296
0
1
11
268435456
3000
250
37
0
1
0
1
0
0
1
0
1
8
4
8302
0
0
9
268435456
2000
100
1
0
1
0
0
1

3
1
4
4
8319
0
2
10
268435456
3000
250
10
1
0
1
0
0
1

3
1
2
2
8336
0
2
10
268435456
3000
100
10
1
0
1
0
0
1

3
1
4
4
8351
0
1
11
268435456
2000
250
23
0
1
0
1
0
0
1
1
1
1
1
8381
0
2
10
268435456
1000
500
100
1
0
1
0
0
1

1
1
8
4
8403
0
1
12
268435456
1000
250
8
1
1
0
1
0
0
1
0
3
1
8
2
8420
0
1
12
67108864
2000
100
29
1
1
0
1
0
0
1
0
1
1
4
2
8442
0
1
12
134217728
2000
1000
7
1
1
0
1
0
0
1
0
0
1
4
4
8470
0
2
10
134217728
1000
100
10
1
0
1
0
0
1

1
1
2
1
8473
0
2
10
67108864
4000
500
10
1
0
1
0
0
1

3
1
8
4
8491
0
2
10
67108864
1000
100
100
1
0
1
0
0
1

3
1
1
1
8506
0
0
9
268435456
3000
500
1
0
1
0
0
1

1
1
1
1
8520
0
1
11
67108864
1000
50
44
0
1
0
1
0
0
1
3
1
4
2
8521
0
0
9
134217728
3000
500
1
0
1
0
0
1

1
1
4
4
8544
0
0
9
67108864
3000
1000
1
0
1
0
0
1

1
1
8
2
8565
0
1
12
268435456
3000
500
24
1
1
0
1
0
0
1
0
0
1
1
1
8567
0
0
9
268435456
3000
250
1
0
1
0
0
1

1
1
2
2
8587
0
2
10
67108864
2000
1000
10
1
0
1
0
0
1

3
1
8
2
8604
0
2
10
268435456
3000
50
5
1
0
1
0
0
1

1
1
1
1
8615
0
2
10
268435456
3000
100
1000
1
0
1
0
0
1

0
1
4
2
8643
0
2
10
268435456
2000
500
100
1
0
1
0
0
1

0
1
2
1
8670
0
1
12
134217728
1000
100
82
1
1
0
1
0
0
1
0
0
1
4
1
8675
0
2
10
67108864
2000
1000
5
1
0
1
0
0
1

1
1
2
1
8690
0
0
9
134217728
2000
1000
1
0
1
0
0
1

0
1
8
2
8702
0
2
10
268435456
2000
100
5
1
0
1
0
0
1

1
1
8
4
8717
0
2
10
268435456
2000
250
1
1
0
1
0
0
1

3
1
2
1
8731
0
0
9
268435456
1000
100
1
0
1
0
0
1

3
1
4
1
8735
0
1
11
67108864
3000
250
67
0
1
0
1
0
0
1
3
1
2
1
8745
0
2
10
134217728
1000
1000
1000
1
0
1
0
0
1

1
1
4
1
8757
0
0
9
134217728
1000
50
1
0
1
0
0
1

0
1
2
2
8759
0
2
10
67108864
4000
250
100
1
0
1
0
0
1

1
1
1
1
8774
0
0
9
67108864
4000
1000
1
0
1
0
0
1

3
1
4
1
8793
0
1
12
268435456
1000
500
34
1
1
0
1
0
0
1
0
3
1
8
4
8810
0
0
9
67108864
4000
250
1
0
1
0
0
1

1
1
8
1
8830
0
1
11
67108864
2000
500
21
0
1
0
1
0
0
1
1
1
8
1
8852
0
1
11
67108864
1000
250
93
0
1
0
1
0
0
1
0
1
4
2
8863
0
1
12
134217728
4000
250
77
1
1
0
1
0
0
1
0
3
1
2
1
8881
0
2
10
268435456
3000
500
1000
1
0
1
0
0
1

3
1
8
4
8896
0
1
12
134217728
3000
50
71
1
1
0
1
0
0
1
0
0
1
1
1
8898
0
2
10
67108864
4000
100
10
1
0
1
0
0
1

3
1
4
2
8911
0
2
10
134217728
3000
250
1000
1
0
1
0
0
1

3
1
8
1
8920
0
2
10
268435456
3000
50
100
1
0
1
0
0
1

1
1
1
1
8948
0
0
9
268435456
2000
100
1
0
1
0
0
1

1
1
2
2
8975
0
2
10
134217728
1000
1000
10
1
0
1
0
0
1

3
1
1
1
8991
0
0
9
67108864
4000
500
1
0
1
0
0
1

0
1
4
1
9007
0
0
9
268435456
3000
50
1
0
1
0
0
1

3
1
2
1
9009
0
2
10
268435456
3000
100
1000
1
0
1
0
0
1

3
1
1
1
9014
0
2
10
134217728
1000
100
5
1
0
1
0
0
1

1
1
1
1
9018
0
2
10
268435456
2000
500
1
1
0
1
0
0
1

0
1
8
2
9019
0
1
11
268435456
3000
100
31
0
1
0
1
0
0
1
1
1
8
2
9045
0
2
10
134217728
2000
50
100
1
0
1
0
0
1

1
1
1
1
9051
0
2
10
134217728
2000
250
100
1
0
1
0
0
1

1
1
8
4
9078
0
0
9
268435456
3000
500
1
0
1
0
0
1

1
1
8
1
9101
0
1
11
134217728
4000
100
3
0
1
0
1
0
0
1
1
1
1
1
9103
0
2
10
67108864
4000
100
1000
1
0
1
0
0
1

3
1
8
2
9128
0
2
10
134217728
1000
250
10
1
0
1
0
0
1

0
1
2
2
9141
0
0
9
67108864
2000
1000
1
0
1
0
0
1

0
1
1
1
9166
0
0
9
268435456
1000
500
1
0
1
0
0
1

3
1
4
4
9173
0
0
9
67108864
3000
500
1
0
1
0
0
1

0
1
8
1
9174
0
1
12
268435456
3000
500
11
1
1
0
1
0
0
1
0
1
1
8
8
9195
0
0
9
134217728
3000
50
1
0
1
0
0
1

3
1
4
1
9204
0
1
12
134217728
1000
500
81
1
1
0
1
0
0
1
0
1
1
4
2
9206
0
2
10
67108864
2000
50
1000
1
0
1
0
0
1

1
1
2
2
9219
0
2
10
268435456
3000
250
10
1
0
1
0
0
1

1
1
8
2
9220
0
0
9
268435456
1000
250
1
0
1
0
0
1

1
1
4
1
9240
0
2
10
134217728
1000
250
1
1
0
1
0
0
1

3
1
2
1
9244
0
0
9
268435456
1000
250
1
0
1
0
0
1

0
1
1
1
9246
0
1
12
67108864
2000
250
56
1
1
0
1
0
0
1
0
3
1
1
1
9248
0
0
9
134217728
4000
100
1
0
1
0
0
1

0
1
2
1
9255
0
2
10
134217728
4000
50
10
1
0
1
0
0
1

0
1
1
1
9266
0
1
12
134217728
3000
100
95
1
1
0
1
0
0
1
0
3
1
2
1
9293
0
1
12
134217728
2000
100
85
1
1
0
1
0
0
1
0
1
1
1
1
9306
0
1
12
268435456
1000
100
79
1
1
0
1
0
0
1
0
0
1
1
1
9315
0
1
11
134217728
3000
250
31
0
1
0
1
0
0
1
3
1
4
4
9333
0
1
12
134217728
2000
50
83
1
1
0
1
0
0
1
0
1
1
2
2
9336
0
1
11
67108864
2000
100
37
0
1
0
1
0
0
1
1
1
8
4
9365
0
0
9
67108864
4000
500
1
0
1
0
0
1

1
1
2
1
9367
0
0
9
134217728
1000
1000
1
0
1
0
0
1

0
1
1
1
9371
0
0
9
134217728
1000
1000
1
0
1
0
0
1

1
1
8
1
9381
0
0
9
67108864
3000
50
1
0
1
0
0
1

0
1
2
2
9389
0
2
10
134217728
4000
50
1000
1
0
1
0
0
1

0
1
4
2
9413
0
2
10
134217728
2000
100
1000
1
0
1
0
0
1

0
1
4
1
9414
0
0
9
67108864
4000
1000
1
0
1
0
0
1

3
1
2
1
9444
0
2
10
268435456
1000
250
1
1
0
1
0
0
1

1
1
2
1
9471
0
0
9
134217728
3000
250
1
0
1
0
0
1

3
1
1
1
9495
0
1
11
67108864
2000
500
2
0
1
0
1
0
0
1
0
1
1
1
9519
0
1
12
67108864
4000
50
45
1
1
0
1
0
0
1
0
3
1
8
8
9533
0
2
10
268435456
3000
100
1000
1
0
1
0
0
1

0
1
8
8
9547
0
0
9
134217728
3000
500
1
0
1
0
0
1

1
1
8
1
9569
0
1
11
268435456
2000
500
28
0
1
0
1
0
0
1
1
1
1
1
9576
0
1
11
268435456
3000
500
19
0
1
0
1
0
0
1
1
1
8
4
9592
0
0
9
67108864
4000
100
1
0
1
0
0
1

0
1
4
1
9604
0
1
11
67108864
3000
50
35
0
1
0
1
0
0
1
1
1
2
1
9618
0
1
12
268435456
3000
50
97
1
1
0
1
0
0
1
0
3
1
2
1
9639
0
2
10
67108864
1000
250
5
1
0
1
0
0
1

1
1
1
1
9662
0
1
11
268435456
3000
100
53
0
1
0
1
0
0
1
1
1
8
4
9678
0
2
10
268435456
2000
250
1000
1
0
1
0
0
1

3
1
8
4
9686
0
1
11
67108864
4000
250
58
0
1
0
1
0
0
1
1
1
4
2
9700
0
0
9
67108864
3000
250
1
0
1
0
0
1

3
1
1
1
9725
0
2
10
67108864
4000
500
1
1
0
1
0
0
1

1
1
2
1
9742
0
1
11
134217728
1000
1000
65
0
1
0
1
0
0
1
0
1
2
1
9758
0
0
9
268435456
3000
500
1
0
1
0
0
1

0
1
1
1
9775
0
1
11
67108864
1000
500
5
0
1
0
1
0
0
1
1
1
2
1
9781
0
1
11
134217728
3000
250
94
0
1
0
1
0
0
1
3
1
4
2
9809
0
0
9
268435456
2000
500
1
0
1
0
0
1

0
1
4
1
9817
0
0
9
67108864
2000
100
1
0
1
0
0
1

0
1
1
1
9841
0
1
12
134217728
3000
1000
68
1
1
0
1
0
0
1
0
1
1
2
1
9842
0
0
9
268435456
3000
100
1
0
1
0
0
1

0
1
4
2
9852
0
1
11
67108864
2000
50
41
0
1
0
1
0
0
1
3
1
2
1
9863
0
2
10
268435456
3000
250
100
1
0
1
0
0
1

0
1
1
1
9875
0
1
12
134217728
1000
1000
60
1
1
0
1
0
0
1
0
0
1
1
1
9878
0
0
9
134217728
2000
100
1
0
1
0
0
1

1
1
4
1
9907
0
2
10
268435456
2000
50
1000
1
0
1
0
0
1

0
1
1
1
9927
0
1
11
134217728
1000
1000
32
0
1
0
1
0
0
1
1
1
8
4
9946
0
0
9
67108864
1000
250
1
0
1
0
0
1

1
1
4
4
9956
0
0
9
268435456
1000
250
1
0
1
0
0
1

3
1
2
1
9965
0
1
12
67108864
3000
250
29
1
1
0
1
0
0
1
0
3
1
1
1
9983
0
2
10
134217728
4000
50
100
1
0
1
0
0
1

0
1
2
2
10013
0
1
12
268435456
3000
500
69
1
1
0
1
0
0
1
0
3
1
2
1
10027
0
0
9
134217728
2000
1000
1
0
1
0
0
1

1
1
4
2
10041
0
1
12
134217728
1000
50
26
1
1
0
1
0
0
1
0
0
1
2
1
10055
0
1
11
134217728
4000
100
66
0
1
0
1
0
0
1
0
1
8
1
10085
0
1
12
67108864
4000
250
48
1
1
0
1
0
0
1
0
1
1
4
2
10102
0
2
10
134217728
3000
500
5
1
0
1
0
0
1

0
1
1
1
10131
0
1
12
67108864
1000
50
48
1
1
0
1
0
0
1
0
1
1
8
1
10132
0
2
10
67108864
1000
500
5
1
0
1
0
0
1

0
1
4
2
10137
0
2
10
134217728
2000
100
10
1
0
1
0
0
1

1
1
8
8
10167
0
2
10
67108864
4000
500
10
1
0
1
0
0
1

0
1
1
1
10195
0
2
10
67108864
2000
500
10
1
0
1
0
0
1

1
1
2
1
10225
0
1
11
268435456
2000
500
35
0
1
0
1
0
0
1
3
1
1
1
10242
0
1
12
268435456
2000
50
31
1
1
0
1
0
0
1
0
0
1
2
1
10245
0
1
12
67108864
3000
50
55
1
1
0
1
0
0
1
0
0
1
2
1
10270
0
1
11
268435456
3000
100
12
0
1
0
1
0
0
1
3
1
1
1
10291
0
1
11
67108864
1000
500
28
0
1
0
1
0
0
1
0
1
2
1
10298
0
2
10
134217728
1000
500
100
1
0
1
0
0
1

1
1
2
1
10327
0
1
11
67108864
2000
50
44
0
1
0
1
0
0
1
1
1
1
1
10335
0
0
9
67108864
2000
50
1
0
1
0
0
1

1
1
2
2
10361
0
0
9
134217728
2000
1000
1
0
1
0
0
1

0
1
8
4
10378
0
1
12
67108864
1000
500
33
1
1
0
1
0
0
1
0
1
1
1
1
10394
0
1
12
268435456
2000
50
85
1
1
0
1
0
0
1
0
1
1
8
8
10414
0
0
9
268435456
3000
500
1
0
1
0
0
1

0
1
4
2
10443
0
2
10
67108864
1000
500
1
1
0
1
0
0
1

3
1
8
8
10472
0
0
9
268435456
1000
250
1
0
1
0
0
1

0
1
2
1
10481
0
2
10
268435456
2000
500
5
1
0
1
0
0
1

1
1
8
4
10504
0
0
9
67108864
2000
250
1
0
1
0
0
1

3
1
1
1
10515
0
1
11
268435456
1000
50
99
0
1
0
1
0
0
1
3
1
4
1
10536
0
0
9
134217728
4000
250
1
0
1
0
0
1

1
1
8
8
10558
0
2
10
67108864
2000
250
1000
1
0
1
0
0
1

0
1
4
2
10585
0
1
11
67108864
3000
1000
54
0
1
0
1
0
0
1
3
1
2
1
10609
0
0
9
268435456
2000
250
1
0
1
0
0
1

1
1
1
1
10610
0
1
12
67108864
4000
500
91
1
1
0
1
0
0
1
0
3
1
1
1
10626
0
0
9
134217728
4000
100
1
0
1
0
0
1

3
1
4
2
10650
0
1
12
134217728
2000
100
19
1
1
0
1
0
0
1
0
1
1
2
1
10676
0
0
9
268435456
3000
500
1
0
1
0
0
1

1
1
4
2
10697
0
2
10
67108864
2000
100
1
1
0
1
0
0
1

3
1
4
4
10701
0
0
9
134217728
2000
50
1
0
1
0
0
1

1
1
2
1
10702
0
2
10
268435456
2000
50
5
1
0
1
0
0
1

0
1
8
8
10707
0
1
11
134217728
4000
50
56
0
1
0
1
0
0
1
1
1
4
2
10726
0
1
12
134217728
4000
1000
33
1
1
0
1
0
0
1
0
1
1
2
1
10735
0
1
11
67108864
3000
1000
16
0
1
0
1
0
0
1
0
1
4
2
10741
0
0
9
67108864
3000
50
1
0
1
0
0
1

1
1
4
2
10752
0
2
10
67108864
3000
250
1000
1
0
1
0
0
1

1
1
2
2
10756
0
2
10
134217728
4000
250
1000
1
0
1
0
0
1

3
1
8
4
10783
0
0
9
67108864
4000
500
1
0
1
0
0
1

0
1
4
2
10796
0
2
10
134217728
2000
1000
1
1
0
1
0
0
1

0
1
8
8
10805
0
1
11
134217728
3000
100
19
0
1
0
1
0
0
1
0
1
2
1
10811
0
1
12
134217728
4000
100
68
1
1
0
1
0
0
1
0
3
1
4
4
10816
0
2
10
67108864
1000
500
5
1
0
1
0
0
1

3
1
4
2
10839
0
2
10
134217728
2000
500
5
1
0
1
0
0
1

1
1
1
1
10854
0
2
10
268435456
1000
100
1
1
0
1
0
0
1

1
1
8
2
10855
0
1
12
134217728
4000
1000
5
1
1
0
1
0
0
1
0
0
1
1
1
10883
0
0
9
67108864
3000
250
1
0
1
0
0
1

0
1
8
8
10897
0
2
10
67108864
2000
50
10
1
0
1
0
0
1

1
1
8
1
10915
0
2
10
67108864
4000
100
1000
1
0
1
0
0
1

0
1
1
1
10936
0
2
10
134217728
3000
100
1
1
0
1
0
0
1

3
1
1
1
10956
0
0
9
268435456
2000
500
1
0
1
0
0
1

1
1
1
1
10961
0
0
9
67108864
4000
50
1
0
1
0
0
1

3
1
2
1
10989
0
2
10
67108864
1000
500
5
1
0
1
0
0
1

0
1
1
1
11003
0
1
12
67108864
3000
250
83
1
1
0
1
0
0
1
0
3
1
2
1
11020
0
2
10
268435456
3000
500
10
1
0
1
0
0
1

1
1
4
2
11031
0
0
9
134217728
1000
500
1
0
1
0
0
1

0
1
8
4
11054
0
1
12
67108864
2000
100
48
1
1
0
1
0
0
1
0
3
1
4
1
11058
0
2
10
67108864
3000
250
5
1
0
1
0
0
1

3
1
2
1
11080
0
0
9
67108864
2000
100
1
0
1
0
0
1

1
1
1
1
11084
0
0
9
134217728
3000
250
1
0
1
0
0
1

1
1
4
2
11086
0
0
9
268435456
2000
500
1
0
1
0
0
1

3
1
8
8
11087
0
0
9
268435456
1000
500
1
0
1
0
0
1

1
1
1
1
11089
0
0
9
67108864
3000
50
1
0
1
0
0
1

1
1
8
8
11107
0
1
11
268435456
3000
100
84
0
1
0
1
0
0
1
1
1
2
1
11120
0
1
11
268435456
3000
500
69
0
1
0
1
0
0
1
0
1
2
1
11133
0
1
12
67108864
2000
100
25
1
1
0
1
0
0
1
0
3
1
8
8
11153
0
2
10
134217728
1000
100
1000
1
0
1
0
0
1

0
1
2
1
11173
0
2
10
67108864
3000
50
5
1
0
1
0
0
1

0
1
1
1
11177
0
0
9
67108864
1000
1000
1
0
1
0
0
1

1
1
4
4
11188
0
0
9
67108864
4000
1000
1
0
1
0
0
1

3
1
2
1
11202
0
2
10
268435456
3000
100
5
1
0
1
0
0
1

1
1
8
1
11203
0
0
9
134217728
1000
500
1
0
1
0
0
1

3
1
8
8
11231
0
1
12
67108864
2000
500
50
1
1
0
1
0
0
1
0
1
1
2
2
11260
0
0
9
268435456
3000
50
1
0
1
0
0
1

1
1
1
1
11286
0
1
11
67108864
3000
100
8
0
1
0
1
0
0
1
0
1
2
1
11314
0
1
11
67108864
2000
100
12
0
1
0
1
0
0
1
0
1
8
4
11318
0
1
11
67108864
1000
250
97
0
1
0
1
0
0
1
0
1
4
4
11333
0
1
11
134217728
2000
50
58
0
1
0
1
0
0
1
1
1
1
1
11337
0
1
11
67108864
4000
1000
48
0
1
0
1
0
0
1
1
1
2
1
11364
0
2
10
67108864
4000
250
10
1
0
1
0
0
1

3
1
2
1
11369
0
0
9
67108864
4000
500
1
0
1
0
0
1

0
1
4
2
11395
0
1
12
268435456
2000
100
90
1
1
0
1
0
0
1
0
1
1
4
2
11420
0
0
9
134217728
2000
100
1
0
1
0
0
1

3
1
4
2
11421
0
0
9
134217728
3000
100
1
0
1
0
0
1

3
1
1
1
11450
0
1
12
134217728
2000
1000
22
1
1
0
1
0
0
1
0
0
1
8
1
11470
0
0
9
268435456
2000
500
1
0
1
0
0
1

0
1
8
8
11475
0
0
9
268435456
2000
50
1
0
1
0
0
1

1
1
8
4
11490
0
2
10
134217728
3000
1000
100
1
0
1
0
0
1

3
1
8
1
11513
0
1
11
67108864
4000
1000
22
0
1
0
1
0
0
1
1
1
1
1
11541
0
2
10
268435456
2000
500
5
1
0
1
0
0
1

1
1
4
4
11552
0
1
11
134217728
1000
1000
87
0
1
0
1
0
0
1
3
1
4
2
11578
0
2
10
268435456
1000
50
100
1
0
1
0
0
1

1
1
2
1
11585
0
0
9
268435456
3000
100
1
0
1
0
0
1

1
1
8
4
11591
0
1
11
268435456
3000
500
61
0
1
0
1
0
0
1
1
1
8
1
11617
0
2
10
134217728
1000
1000
100
1
0
1
0
0
1

1
1
4
2
11631
0
0
9
134217728
3000
50
1
0
1
0
0
1

3
1
4
4
11636
0
0
9
268435456
1000
500
1
0
1
0
0
1

1
1
4
4
11645
0
1
12
268435456
3000
500
83
1
1
0
1
0
0
1
0
1
1
1
1
11671
0
1
11
134217728
4000
100
10
0
1
0
1
0
0
1
3
1
2
1
11692
0
2
10
67108864
3000
100
10
1
0
1
0
0
1

1
1
4
2
11715
0
0
9
268435456
3000
50
1
0
1
0
0
1

0
1
1
1
11735
0
0
9
134217728
4000
500
1
0
1
0
0
1

0
1
8
2
11750
0
0
9
67108864
2000
50
1
0
1
0
0
1

0
1
1
1
11755
0
0
9
134217728
4000
50
1
0
1
0
0
1

1
1
8
1
11771
0
1
11
67108864
4000
1000
70
0
1
0
1
0
0
1
3
1
2
2
11784
0
1
11
67108864
2000
1000
60
0
1
0
1
0
0
1
3
1
1
1
11795
0
2
10
268435456
2000
50
1
1
0
1
0
0
1

3
1
1
1
11813
0
2
10
134217728
2000
1000
1000
1
0
1
0
0
1

3
1
2
2
11829
0
0
9
134217728
1000
50
1
0
1
0
0
1

3
1
1
1
11833
0
2
10
134217728
3000
500
5
1
0
1
0
0
1

3
1
1
1
11857
0
1
11
134217728
2000
250
9
0
1
0
1
0
0
1
3
1
4
2
11858
0
1
12
67108864
2000
100
59
1
1
0
1
0
0
1
0
1
1
8
1
11883
0
0
9
67108864
1000
250
1
0
1
0
0
1

0
1
8
4
11891
0
2
10
268435456
1000
100
100
1
0
1
0
0
1

0
1
1
1
11902
0
2
10
268435456
3000
500
100
1
0
1
0
0
1

3
1
1
1
11921
0
1
12
134217728
2000
250
86
1
1
0
1
0
0
1
0
3
1
8
1
11947
0
1
11
67108864
1000
250
38
0
1
0
1
0
0
1
3
1
2
1
11948
0
0
9
67108864
2000
50
1
0
1
0
0
1

1
1
1
1
11972
0
0
9
134217728
1000
50
1
0
1
0
0
1

0
1
2
1
11991
0
2
10
67108864
4000
50
1
1
0
1
0
0
1

0
1
2
2
11994
0
2
10
134217728
3000
100
1
1
0
1
0
0
1

3
1
1
1
12002
0
2
10
67108864
2000
50
1000
1
0
1
0
0
1

1
1
1
1
12030
0
0
9
134217728
3000
1000
1
0
1
0
0
1

3
1
2
1
12050
0
2
10
134217728
1000
1000
1
1
0
1
0
0
1

3
1
1
1
12055
0
1
12
134217728
2000
250
53
1
1
0
1
0
0
1
0
0
1
1
1
12071
0
2
10
67108864
1000
500
1000
1
0
1
0
0
1

0
1
8
4
12096
0
0
9
134217728
2000
1000
1
0
1
0
0
1

1
1
1
1
12112
0
2
10
268435456
3000
50
100
1
0
1
0
0
1

3
1
1
1
12115
0
1
12
268435456
3000
50
38
1
1
0
1
0
0
1
0
3
1
1
1
12130
0
1
11
268435456
3000
500
92
0
1
0
1
0
0
1
0
1
4
2
12152
0
0
9
134217728
4000
500
1
0
1
0
0
1

1
1
2
1
12172
0
2
10
268435456
1000
100
1000
1
0
1
0
0
1

3
1
2
1
12184
0
2
10
134217728
3000
50
10
1
0
1
0
0
1

0
1
8
8
12202
0
2
10
67108864
1000
1000
10
1
0
1
0
0
1

0
1
2
1
12226
0
1
12
134217728
2000
100
87
1
1
0
1
0
0
1
0
1
1
1
1
12228
0
0
9
67108864
1000
500
1
0
1
0
0
1

1
1
4
1
12238
0
0
9
134217728
2000
1000
1
0
1
0
0
1

3
1
8
2
12253
0
1
11
67108864
2000
500
60
0
1
0
1
0
0
1
1
1
1
1
12268
0
0
9
67108864
2000
500
1
0
1
0
0
1

1
1
8
8
12278
0
2
10
134217728
1000
500
100
1
0
1
0
0
1

1
1
4
2
12301
0
0
9
268435456
2000
500
1
0
1
0
0
1

3
1
4
2
12313
0
1
12
134217728
2000
1000
63
1
1
0
1
0
0
1
0
1
1
4
4
12321
0
0
9
134217728
2000
50
1
0
1
0
0
1

1
1
1
1
12344
0
2
10
268435456
1000
100
1
1
0
1
0
0
1

0
1
1
1
12357
0
0
9
67108864
1000
50
1
0
1
0
0
1

1
1
1
1
12368
0
1
12
134217728
4000
1000
98
1
1
0
1
0
0
1
0
3
1
4
1
12388
0
1
11
67108864
2000
50
23
0
1
0
1
0
0
1
1
1
4
2
12391
0
0
9
67108864
2000
100
1
0
1
0
0
1

3
1
2
2
12401
0
0
9
134217728
2000
100
1
0
1
0
0
1

1
1
8
2
12430
0
0
9
67108864
1000
100
1
0
1
0
0
1

1
1
1
1
12433
0
1
12
134217728
3000
250
65
1
1
0
1
0
0
1
0
0
1
2
2
12454
0
1
12
134217728
4000
500
99
1
1
0
1
0
0
1
0
0
1
4
2
12462
0
2
10
268435456
1000
250
1000
1
0
1
0
0
1

3
1
8
4
12465
0
2
10
268435456
3000
500
10
1
0
1
0
0
1

0
1
8
8
12483
0
0
9
67108864
1000
50
1
0
1
0
0
1

1
1
8
8
12510
0
1
12
268435456
1000
50
19
1
1
0
1
0
0
1
0
3
1
1
1
12540
0
2
10
134217728
4000
1000
100
1
0
1
0
0
1

3
1
8
2
12549
0
1
12
67108864
3000
100
13
1
1
0
1
0
0
1
0
3
1
4
4
12578
0
2
10
268435456
3000
500
100
1
0
1
0
0
1

3
1
4
4
12608
0
0
9
268435456
3000
250
1
0
1
0
0
1

3
1
1
1
12623
0
2
10
134217728
3000
1000
100
1
0
1
0
0
1

0
1
2
1
12644
0
0
9
268435456
3000
500
1
0
1
0
0
1

3
1
4
1
12661
0
1
11
268435456
1000
250
4
0
1
0
1
0
0
1
1
1
1
1
12665
0
1
12
67108864
1000
100
4
1
1
0
1
0
0
1
0
0
1
1
1
12667
0
2
10
134217728
2000
250
100
1
0
1
0
0
1

3
1
1
1
12677
0
0
9
67108864
4000
250
1
0
1
0
0
1

0
1
4
1
12690
0
0
9
134217728
4000
50
1
0
1
0
0
1

0
1
4
2
12716
0
0
9
134217728
1000
50
1
0
1
0
0
1

3
1
4
2
12737
0
2
10
67108864
1000
50
1
1
0
1
0
0
1

0
1
1
1
12742
0
0
9
134217728
4000
1000
1
0
1
0
0
1

0
1
8
1
12770
0
1
12
268435456
2000
50
95
1
1
0
1
0
0
1
0
3
1
2
1
12774
0
0
9
268435456
3000
100
1
0
1
0
0
1

3
1
2
1
12782
0
0
9
268435456
3000
50
1
0
1
0
0
1

0
1
8
8
12794
0
1
11
134217728
3000
500
76
0
1
0
1
0
0
1
3
1
8
1
12807
0
0
9
134217728
3000
100
1
0
1
0
0
1

0
1
8
8
12833
0
2
10
134217728
3000
50
5
1
0
1
0
0
1

0
1
2
1
12834
0
0
9
134217728
1000
500
1
0
1
0
0
1

0
1
8
4
12861
0
2
10
134217728
2000
500
10
1
0
1
0
0
1

3
1
1
1
12883
0
0
9
67108864
2000
50
1
0
1
0
0
1

1
1
4
4
12901
0
2
10
134217728
2000
1000
10
1
0
1
0
0
1

3
1
8
2
12920
0
1
12
134217728
1000
500
18
1
1
0
1
0
0
1
0
3
1
1
1
12925
0
0
9
67108864
3000
50
1
0
1
0
0
1

1
1
2
1
12946
0
2
10
134217728
3000
1000
1
1
0
1
0
0
1

1
1
4
2
12976
0
0
9
67108864
2000
250
1
0
1
0
0
1

1
1
2
1
12986
0
0
9
134217728
1000
50
1
0
1
0
0
1

3
1
1
1
13007
0
1
12
268435456
3000
500
90
1
1
0
1
0
0
1
0
0
1
8
2
13033
0
2
10
134217728
4000
100
10
1
0
1
0
0
1

0
1
8
1
13050
0
0
9
268435456
3000
250
1
0
1
0
0
1

0
1
2
1
13080
0
2
10
67108864
4000
50
10
1
0
1
0
0
1

0
1
4
2
13086
0
2
10
268435456
3000
500
10
1
0
1
0
0
1

0
1
2
1
13110
0
2
10
67108864
2000
250
1000
1
0
1
0
0
1

1
1
2
1
13120
0
2
10
67108864
3000
500
1
1
0
1
0
0
1

0
1
1
1
13137
0
1
11
67108864
2000
50
75
0
1
0
1
0
0
1
1
1
4
1
13151
0
1
12
134217728
4000
1000
72
1
1
0
1
0
0
1
0
0
1
1
1
13153
0
1
12
134217728
1000
100
52
1
1
0
1
0
0
1
0
3
1
4
2
13170
0
0
9
134217728
2000
50
1
0
1
0
0
1

0
1
4
2
13172
0
0
9
134217728
2000
100
1
0
1
0
0
1

3
1
1
1
13173
0
1
11
134217728
4000
250
12
0
1
0
1
0
0
1
1
1
2
1
13180
0
1
12
67108864
4000
100
61
1
1
0
1
0
0
1
0
1
1
8
2
13202
0
1
11
134217728
4000
500
89
0
1
0
1
0
0
1
1
1
1
1
13211
0
0
9
134217728
2000
500
1
0
1
0
0
1

0
1
4
2
13236
0
1
11
67108864
4000
250
88
0
1
0
1
0
0
1
3
1
8
4
13241
0
0
9
268435456
3000
50
1
0
1
0
0
1

1
1
1
1
13261
0
1
11
268435456
3000
50
68
0
1
0
1
0
0
1
3
1
4
1
13269
0
1
12
67108864
4000
250
38
1
1
0
1
0
0
1
0
1
1
4
4
13284
0
1
12
268435456
1000
250
66
1
1
0
1
0
0
1
0
0
1
2
1
13297
0
0
9
67108864
2000
250
1
0
1
0
0
1

1
1
4
1
13303
0
0
9
67108864
1000
1000
1
0
1
0
0
1

1
1
2
1
13313
0
0
9
268435456
3000
500
1
0
1
0
0
1

1
1
1
1
13338
0
0
9
268435456
1000
50
1
0
1
0
0
1

1
1
8
8
13350
0
1
12
67108864
3000
50
15
1
1
0
1
0
0
1
0
3
1
8
1
13358
0
0
9
134217728
1000
1000
1
0
1
0
0
1

1
1
8
4
13361
0
1
11
268435456
2000
500
23
0
1
0
1
0
0
1
3
1
1
1
13364
0
1
11
134217728
1000
250
15
0
1
0
1
0
0
1
1
1
4
2
13367
0
1
12
268435456
3000
250
39
1
1
0
1
0
0
1
0
0
1
4
2
13376
0
1
11
134217728
3000
500
62
0
1
0
1
0
0
1
0
1
1
1
13391
0
0
9
67108864
1000
250
1
0
1
0
0
1

0
1
4
1
13394
0
0
9
268435456
2000
500
1
0
1
0
0
1

1
1
4
2
13402
0
1
12
67108864
2000
500
30
1
1
0
1
0
0
1
0
3
1
4
1
13419
0
1
12
67108864
1000
50
1
1
1
0
1
0
0
1
0
1
1
8
4
13442
0
1
12
134217728
1000
250
94
1
1
0
1
0
0
1
0
3
1
4
2
13455
0
0
9
67108864
2000
100
1
0
1
0
0
1

1
1
4
2
13482
0
1
12
67108864
2000
1000
43
1
1
0
1
0
0
1
0
0
1
1
1
13497
0
0
9
268435456
3000
50
1
0
1
0
0
1

1
1
1
1
13526
0
0
9
268435456
1000
50
1
0
1
0
0
1

0
1
2
1
13527
0
1
12
67108864
3000
1000
27
1
1
0
1
0
0
1
0
0
1
2
1
13550
0
0
9
67108864
4000
500
1
0
1
0
0
1

3
1
2
2
13572
0
0
9
134217728
1000
50
1
0
1
0
0
1

0
1
1
1
13592
0
0
9
67108864
4000
1000
1
0
1
0
0
1

0
1
1
1
13621
0
0
9
268435456
2000
250
1
0
1
0
0
1

3
1
4
2
13623
0
1
12
134217728
3000
500
50
1
1
0
1
0
0
1
0
1
1
4
1
13638
0
1
12
67108864
2000
100
86
1
1
0
1
0
0
1
0
3
1
4
2
13659
0
1
12
67108864
4000
100
73
1
1
0
1
0
0
1
0
1
1
8
1
13687
0
1
12
134217728
1000
1000
94
1
1
0
1
0
0
1
0
3
1
4
1
13693
0
0
9
268435456
1000
250
1
0
1
0
0
1

3
1
1
1
13699
0
1
12
134217728
1000
1000
96
1
1
0
1
0
0
1
0
3
1
1
1
13721
0
1
12
134217728
2000
1000
51
1
1
0
1
0
0
1
0
1
1
2
1
13735
0
0
9
67108864
2000
50
1
0
1
0
0
1

0
1
1
1
13738
0
1
12
268435456
3000
500
20
1
1
0
1
0
0
1
0
3
1
2
1
13749
0
0
9
268435456
3000
50
1
0
1
0
0
1

3
1
2
1
13772
0
1
11
268435456
3000
500
62
0
1
0
1
0
0
1
3
1
2
1
13777
0
0
9
67108864
3000
100
1
0
1
0
0
1

0
1
4
1
13807
0
1
11
268435456
1000
250
9
0
1
0
1
0
0
1
1
1
2
2
13810
0
0
9
67108864
1000
1000
1
0
1
0
0
1

1
1
4
2
13822
0
1
12
134217728
2000
50
63
1
1
0
1
0
0
1
0
0
1
1
1
13830
0
0
9
268435456
3000
500
1
0
1
0
0
1

0
1
2
1
13850
0
1
12
134217728
4000
250
16
1
1
0
1
0
0
1
0
0
1
8
1
13857
0
0
9
134217728
2000
250
1
0
1
0
0
1

1
1
8
2
13869
0
1
12
67108864
2000
100
67
1
1
0
1
0
0
1
0
0
1
1
1
13892
0
0
9
268435456
3000
500
1
0
1
0
0
1

0
1
8
4
13902
0
0
9
67108864
3000
50
1
0
1
0
0
1

0
1
8
4
13923
0
0
9
268435456
3000
250
1
0
1
0
0
1

1
1
4
1
13952
0
1
11
268435456
2000
100
50
0
1
0
1
0
0
1
1
1
8
8
13982
0
1
12
268435456
1000
50
69
1
1
0
1
0
0
1
0
1
1
1
1
14010
0
1
12
134217728
3000
50
47
1
1
0
1
0
0
1
0
0
1
4
4
14037
0
1
11
134217728
4000
500
59
0
1
0
1
0
0
1
1
1
1
1
14044
0
0
9
268435456
1000
250
1
0
1
0
0
1

1
1
4
1
14046
0
1
11
268435456
2000
500
13
0
1
0
1
0
0
1
1
1
2
1
14071
0
1
12
67108864
1000
250
97
1
1
0
1
0
0
1
0
0
1
4
2
14096
0
0
9
67108864
1000
250
1
0
1
0
0
1

0
1
4
1
14126
0
0
9
268435456
3000
500
1
0
1
0
0
1

1
1
4
1
14150
0
0
9
67108864
4000
1000
1
0
1
0
0
1

1
1
1
1
14167
0
1
11
67108864
2000
50
82
0
1
0
1
0
0
1
1
1
4
2
14175
0
1
12
268435456
2000
100
44
1
1
0
1
0
0
1
0
1
1
4
2
14195
0
1
12
268435456
3000
250
52
1
1
0
1
0
0
1
0
1
1
1
1
14222
0
1
12
67108864
3000
50
42
1
1
0
1
0
0
1
0
1
1
4
1
14248
0
0
9
134217728
3000
1000
1
0
1
0
0
1

0
1
4
4
14266
0
0
9
268435456
3000
250
1
0
1
0
0
1

1
1
8
8
14296
0
1
11
268435456
1000
250
81
0
1
0
1
0
0
1
1
1
1
1
14322
0
1
11
67108864
4000
500
38
0
1
0
1
0
0
1
1
1
8
8
14350
0
1
12
67108864
4000
1000
75
1
1
0
1
0
0
1
0
0
1
4
2
14378
0
1
11
268435456
2000
500
9
0
1
0
1
0
0
1
0
1
2
1
14400
0
1
11
67108864
1000
100
33
0
1
0
1
0
0
1
0
1
1
1
14424
0
1
11
134217728
1000
500
90
0
1
0
1
0
0
1
1
1
8
4
14443
0
1
12
134217728
1000
500
85
1
1
0
1
0
0
1
0
0
1
4
2
14455
0
1
12
67108864
2000
1000
71
1
1
0
1
0
0
1
0
0
1
1
1
14468
0
1
12
134217728
4000
500
45
1
1
0
1
0
0
1
0
1
1
4
2
14482
0
1
12
268435456
3000
50
16
1
1
0
1
0
0
1
0
1
1
4
2
14500
0
1
11
134217728
1000
500
47
0
1
0
1
0
0
1
0
1
1
1
14526
0
1
12
268435456
1000
100
86
1
1
0
1
0
0
1
0
0
1
4
2
14546
0
1
11
67108864
4000
250
26
0
1
0
1
0
0
1
0
1
8
1
14568
0
1
11
268435456
2000
500
55
0
1
0
1
0
0
1
1
1
4
4
14582
0
1
12
67108864
4000
100
18
1
1
0
1
0
0
1
0
1
1
8
2
14610
0
1
11
268435456
3000
250
48
0
1
0
1
0
0
1
0
1
4
4
14615
0
1
12
268435456
2000
250
11
1
1
0
1
0
0
1
0
0
1
2
1
14622
0
1
12
268435456
3000
500
58
1
1
0
1
0
0
1
0
1
1
2
1
14649
0
1
11
268435456
1000
500
12
0
1
0
1
0
0
1
0
1
8
2
14673
0
1
11
134217728
1000
500
82
0
1
0
1
0
0
1
0
1
8
2
14687
0
1
11
67108864
2000
250
76
0
1
0
1
0
0
1
0
1
2
1
14707
0
1
12
67108864
3000
500
87
1
1
0
1
0
0
1
0
1
1
8
8
14725
0
1
11
134217728
1000
1000
48
0
1
0
1
0
0
1
1
1
4
2
14753
0
1
11
268435456
2000
500
78
0
1
0
1
0
0
1
0
1
2
1
14755
0
1
12
268435456
2000
50
8
1
1
0
1
0
0
1
0
0
1
8
8
14783
0
1
12
268435456
3000
50
36
1
1
0
1
0
0
1
0
0
1
4
2
14794
0
1
11
268435456
3000
500
23
0
1
0
1
0
0
1
1
1
4
2
14801
0
1
12
268435456
3000
500
60
1
1
0
1
0
0
1
0
1
1
8
2
14805
0
1
11
134217728
2000
100
15
0
1
0
1
0
0
1
0
1
2
1
14824
0
1
11
134217728
3000
500
21
0
1
0
1
0
0
1
1
1
1
1
14836
0
1
11
134217728
1000
100
49
0
1
0
1
0
0
1
1
1
8
2
14865
0
1
12
268435456
2000
250
18
1
1
0
1
0
0
1
0
0
1
2
1
14890
0
1
11
67108864
4000
1000
5
0
1
0
1
0
0
1
0
1
2
1
14913
0
1
11
134217728
2000
100
42
0
1
0
1
0
0
1
1
1
1
1
14921
0
1
11
134217728
3000
250
98
0
1
0
1
0
0
1
1
1
2
1
14925
0
1
12
268435456
1000
500
65
1
1
0
1
0
0
1
0
1
1
8
1
14927
0
1
12
268435456
2000
100
75
1
1
0
1
0
0
1
0
1
1
1
1
14941
0
1
12
134217728
2000
250
29
1
1
0
1
0
0
1
0
1
1
2
1
14957
0
1
12
134217728
3000
100
70
1
1
0
1
0
0
1
0
1
1
2
1
14958
0
1
12
67108864
1000
1000
58
1
1
0
1
0
0
1
0
0
1
4
1
14965
0
1
11
67108864
3000
1000
95
0
1
0
1
0
0
1
1
1
1
1
14980
0
1
12
268435456
3000
100
49
1
1
0
1
0
0
1
0
1
1
8
2
14983
0
1
11
67108864
2000
1000
0
0
1
0
1
0
0
1
1
1
1
1
14990
0
1
11
268435456
3000
500
81
0
1
0
1
0
0
1
1
1
2
1
15004
0
1
12
67108864
2000
500
26
1
1
0
1
0
0
1
0
1
1
1
1
15017
0
1
11
134217728
1000
100
49
0
1
0
1
0
0
1
0
1
1
1
15036
0
1
11
67108864
3000
500
85
0
1
0
1
0
0
1
1
1
4
4
15057
0
1
11
134217728
2000
50
71
0
1
0
1
0
0
1
1
1
8
1
15079
0
1
11
268435456
1000
250
57
0
1
0
1
0
0
1
0
1
1
1
15109
0
1
11
268435456
2000
50
96
0
1
0
1
0
0
1
1
1
2
1
15135
0
1
11
134217728
4000
500
30
0
1
0
1
0
0
1
0
1
2
1
15165
0
1
12
134217728
3000
50
51
1
1
0
1
0
0
1
0
0
1
2
1
15170
0
1
11
67108864
1000
1000
31
0
1
0
1
0
0
1
0
1
4
2
15174
0
1
11
268435456
3000
50
59
0
1
0
1
0
0
1
0
1
1
1
15198
0
1
11
268435456
3000
250
45
0
1
0
1
0
0
1
0
1
2
1
15201
0
1
11
134217728
3000
500
15
0
1
0
1
0
0
1
0
1
4
2
15229
0
1
11
67108864
2000
50
9
0
1
0
1
0
0
1
0
1
4
4
15230
0
1
12
134217728
1000
500
2
1
1
0
1
0
0
1
0
0
1
1
1
15257
0
1
11
67108864
4000
1000
97
0
1
0
1
0
0
1
1
1
4
1
15268
0
1
11
67108864
3000
250
94
0
1
0
1
0
0
1
0
1
4
2
15291
0
1
11
268435456
2000
250
29
0
1
0
1
0
0
1
1
1
1
1
15298
0
1
11
67108864
2000
50
90
0
1
0
1
0
0
1
0
1
1
1
15306
0
1
12
67108864
2000
100
58
1
1
0
1
0
0
1
0
0
1
1
1
15307
0
1
12
67108864
3000
1000
6
1
1
0
1
0
0
1
0
0
1
2
1
15332
0
1
12
268435456
1000
100
77
1
1
0
1
0
0
1
0
0
1
2
1
15338
0
1
12
268435456
2000
50
91
1
1
0
1
0
0
1
0
0
1
8
8
15349
0
1
11
67108864
4000
100
23
0
1
0
1
0
0
1
0
1
4
2
15350
0
1
11
67108864
2000
500
80
0
1
0
1
0
0
1
1
1
8
2
15363
0
1
11
134217728
2000
50
87
0
1
0
1
0
0
1
1
1
8
2
15381
0
1
12
134217728
2000
250
2
1
1
0
1
0
0
1
0
0
1
4
2
15396
0
1
12
268435456
3000
250
89
1
1
0
1
0
0
1
0
1
1
8
1
15426
0
1
11
268435456
3000
500
4
0
1
0
1
0
0
1
0
1
2
1
15448
0
1
12
67108864
1000
250
82
1
1
0
1
0
0
1
0
1
1
2
2
15459
0
1
11
134217728
1000
250
24
0
1
0
1
0
0
1
1
1
8
8
15482
0
1
11
268435456
2000
500
55
0
1
0
1
0
0
1
1
1
2
2
15500
0
1
11
268435456
2000
250
98
0
1
0
1
0
0
1
0
1
8
4
15513
0
1
12
134217728
2000
100
96
1
1
0
1
0
0
1
0
1
1
4
2
15540
0
1
12
67108864
4000
1000
40
1
1
0
1
0
0
1
0
1
1
1
1
15541
0
1
11
67108864
2000
1000
47
0
1
0
1
0
0
1
0
1
4
4
15556
0
1
12
134217728
4000
500
70
1
1
0
1
0
0
1
0
0
1
4
2
15567
0
1
12
268435456
3000
500
56
1
1
0
1
0
0
1
0
1
1
4
2
15587
0
1
12
134217728
3000
1000
20
1
1
0
1
0
0
1
0
1
1
4
1
15589
0
1
12
67108864
4000
1000
50
1
1
0
1
0
0
1
0
1
1
2
1
15601
0
1
11
268435456
3000
50
55
0
1
0
1
0
0
1
1
1
4
2
15613
0
1
12
67108864
4000
1000
67
1
1
0
1
0
0
1
0
1
1
1
1
15630
0
1
12
134217728
4000
100
98
1
1
0
1
0
0
1
0
1
1
4
4
15657
0
1
12
67108864
4000
500
43
1
1
0
1
0
0
1
0
1
1
8
8
15682
0
1
11
268435456
1000
250
75
0
1
0
1
0
0
1
0
1
8
8
15695
0
1
12
67108864
2000
500
6
1
1
0
1
0
0
1
0
0
1
4
2
15721
0
1
11
134217728
3000
100
24
0
1
0
1
0
0
1
0
1
1
1
15731
0
1
12
67108864
1000
100
77
1
1
0
1
0
0
1
0
1
1
4
2
15746
0
1
11
134217728
4000
100
28
0
1
0
1
0
0
1
1
1
1
1
15767
0
1
12
134217728
2000
1000
73
1
1
0
1
0
0
1
0
1
1
2
1
15769
0
1
11
67108864
2000
500
69
0
1
0
1
0
0
1
1
1
8
4
15772
0
1
12
67108864
1000
250
30
1
1
0
1
0
0
1
0
1
1
1
1
15802
0
1
12
134217728
4000
50
73
1
1
0
1
0
0
1
0
1
1
8
8
15803
0
1
12
67108864
3000
500
82
1
1
0
1
0
0
1
0
1
1
4
1
15804
0
1
12
134217728
4000
500
3
1
1
0
1
0
0
1
0
0
1
4
2
15814
0
1
11
268435456
1000
500
8
0
1
0
1
0
0
1
0
1
2
1
15835
0
1
12
134217728
1000
50
10
1
1
0
1
0
0
1
0
0
1
1
1
15845
0
1
11
268435456
3000
50
63
0
1
0
1
0
0
1
0
1
1
1
15865
0
1
11
67108864
1000
50
35
0
1
0
1
0
0
1
0
1
1
1
15869
0
1
11
268435456
1000
500
71
0
1
0
1
0
0
1
0
1
8
1
15893
0
1
11
134217728
3000
50
63
0
1
0
1
0
0
1
0
1
8
8
15916
0
1
12
134217728
1000
50
25
1
1
0
1
0
0
1
0
1
1
2
1
15925
0
1
12
134217728
2000
100
41
1
1
0
1
0
0
1
0
0
1
4
2
15939
0
1
12
134217728
3000
250
19
1
1
0
1
0
0
1
0
1
1
8
2
15951
0
1
11
67108864
1000
50
59
0
1
0
1
0
0
1
1
1
4
2
15967
0
1
11
134217728
4000
100
27
0
1
0
1
0
0
1
1
1
4
2
15985
0
1
11
67108864
2000
500
85
0
1
0
1
0
0
1
1
1
8
1
16003
0
1
11
268435456
3000
250
61
0
1
0
1
0
0
1
0
1
4
2
16005
0
1
12
67108864
4000
50
82
1
1
0
1
0
0
1
0
1
1
2
1
16023
0
1
12
134217728
3000
50
3
1
1
0
1
0
0
1
0
0
1
8
2
16041
0
1
11
134217728
1000
50
19
0
1
0
1
0
0
1
1
1
2
1
16047
0
1
11
67108864
3000
500
91
0
1
0
1
0
0
1
1
1
1
1
16050
0
1
11
67108864
2000
100
51
0
1
0
1
0
0
1
0
1
1
1
16055
0
1
12
268435456
3000
250
68
1
1
0
1
0
0
1
0
1
1
8
4
16078
0
1
12
134217728
2000
1000
66
1
1
0
1
0
0
1
0
1
1
4
4
16079
0
1
11
134217728
2000
500
48
0
1
0
1
0
0
1
0
1
4
4
16103
0
1
11
134217728
3000
1000
27
0
1
0
1
0
0
1
1
1
4
2
16127
0
1
12
134217728
1000
1000
68
1
1
0
1
0
0
1
0
0
1
4
4
16157
0
1
12
67108864
1000
100
67
1
1
0
1
0
0
1
0
1
1
8
2
16185
0
1
11
67108864
1000
250
47
0
1
0
1
0
0
1
1
1
2
1
16206
0
1
12
268435456
3000
50
40
1
1
0
1
0
0
1
0
1
1
2
1
16235
0
1
11
134217728
1000
250
2
0
1
0
1
0
0
1
0
1
4
4
16242
0
1
11
67108864
4000
100
61
0
1
0
1
0
0
1
0
1
2
1
16256
0
1
11
134217728
1000
1000
69
0
1
0
1
0
0
1
1
1
8
8
16268
0
1
12
134217728
4000
250
47
1
1
0
1
0
0
1
0
0
1
4
4
16288
0
1
12
134217728
1000
50
3
1
1
0
1
0
0
1
0
0
1
2
1
16311
0
1
11
134217728
3000
100
70
0
1
0
1
0
0
1
0
1
1
1
16341
0
1
11
67108864
3000
100
91
0
1
0
1
0
0
1
0
1
2
1
16366
0
1
11
67108864
4000
50
58
0
1
0
1
0
0
1
0
1
8
4
16390
0
1
11
268435456
3000
50
44
0
1
0
1
0
0
1
0
1
1
1
16409
0
1
12
268435456
3000
500
28
1
1
0
1
0
0
1
0
0
1
2
1
16411
0
1
11
67108864
4000
100
94
0
1
0
1
0
0
1
1
1
4
4
16419
0
1
12
67108864
3000
250
89
1
1
0
1
0
0
1
0
1
1
8
1
16439
0
1
11
134217728
4000
250
18
0
1
0
1
0
0
1
0
1
2
2
16451
0
1
11
134217728
2000
50
91
0
1
0
1
0
0
1
1
1
4
1
16458
0
1
11
268435456
3000
250
19
0
1
0
1
0
0
1
0
1
2
2
16471
0
1
12
134217728
1000
500
40
1
1
0
1
0
0
1
0
1
1
4
2
16476
0
1
12
268435456
3000
100
14
1
1
0
1
0
0
1
0
1
1
2
1
16488
0
1
11
134217728
2000
1000
15
0
1
0
1
0
0
1
1
1
8
4
16517
0
1
12
134217728
3000
100
0
1
1
0
1
0
0
1
0
1
1
2
2
16546
0
1
11
268435456
3000
250
71
0
1
0
1
0
0
1
0
1
8
1
16548
0
1
12
268435456
3000
50
38
1
1
0
1
0
0
1
0
1
1
2
1
16550
0
1
12
67108864
2000
50
87
1
1
0
1
0
0
1
0
0
1
4
1
16564
0
1
11
67108864
4000
250
16
0
1
0
1
0
0
1
0
1
2
1
16590
0
1
11
67108864
1000
250
4
0
1
0
1
0
0
1
0
1
1
1
16618
0
1
12
268435456
3000
250
40
1
1
0
1
0
0
1
0
0
1
1
1
16645
0
1
11
268435456
2000
100
18
0
1
0
1
0
0
1
0
1
2
1
16668
0
1
11
134217728
4000
250
40
0
1
0
1
0
0
1
0
1
8
8
16682
0
1
11
268435456
1000
500
82
0
1
0
1
0
0
1
1
1
4
4
16702
0
1
11
134217728
1000
50
73
0
1
0
1
0
0
1
0
1
8
1
16717
0
1
12
134217728
1000
250
21
1
1
0
1
0
0
1
0
1
1
2
2
16737
0
1
11
268435456
2000
250
33
0
1
0
1
0
0
1
0
1
1
1
16761
0
1
11
134217728
3000
250
38
0
1
0
1
0
0
1
0
1
4
2
16762
0
1
11
134217728
1000
100
43
0
1
0
1
0
0
1
0
1
1
1
16792
0
1
11
67108864
2000
50
36
0
1
0
1
0
0
1
1
1
4
2
16812
0
1
12
268435456
2000
500
20
1
1
0
1
0
0
1
0
0
1
4
2
16842
0
1
12
67108864
1000
50
43
1
1
0
1
0
0
1
0
1
1
4
1
16869
0
1
12
134217728
3000
500
62
1
1
0
1
0
0
1
0
0
1
2
2
16876
0
1
12
134217728
3000
1000
13
1
1
0
1
0
0
1
0
0
1
1
1
16893
0
1
11
268435456
3000
500
61
0
1
0
1
0
0
1
0
1
2
2
16911
0
1
12
268435456
1000
500
53
1
1
0
1
0
0
1
0
1
1
8
2
16917
0
1
11
268435456
2000
500
13
0
1
0
1
0
0
1
0
1
4
1
16944
0
1
11
268435456
3000
250
87
0
1
0
1
0
0
1
1
1
8
4
16948
0
1
11
134217728
2000
50
91
0
1
0
1
0
0
1
1
1
2
1
16966
0
1
12
134217728
3000
1000
64
1
1
0
1
0
0
1
0
1
1
1
1
16970
0
1
11
134217728
3000
250
38
0
1
0
1
0
0
1
1
1
2
2
16984
0
1
11
268435456
3000
50
87
0
1
0
1
0
0
1
0
1
2
1
16993
0
1
12
268435456
2000
250
50
1
1
0
1
0
0
1
0
1
1
8
8
16995
0
1
11
134217728
3000
1000
20
0
1
0
1
0
0
1
1
1
8
1
17000
0
1
11
134217728
1000
50
12
0
1
0
1
0
0
1
1
1
8
1
17005
0
1
12
268435456
2000
250
66
1
1
0
1
0
0
1
0
0
1
4
2
17006
0
1
11
134217728
1000
250
64
0
1
0
1
0
0
1
1
1
8
1
17029
0
1
12
67108864
1000
250
9
1
1
0
1
0
0
1
0
0
1
8
4
17053
0
1
11
268435456
1000
500
60
0
1
0
1
0
0
1
0
1
1
1
17065
0
1
11
67108864
1000
500
82
0
1
0
1
0
0
1
0
1
4
2
17069
0
1
12
134217728
1000
50
35
1
1
0
1
0
0
1
0
0
1
8
8
17071
0
1
12
134217728
3000
50
42
1
1
0
1
0
0
1
0
0
1
8
2
17075
0
1
12
67108864
3000
1000
46
1
1
0
1
0
0
1
0
1
1
8
2
17090
0
1
11
268435456
3000
500
85
0
1
0
1
0
0
1
0
1
4
2
17109
0
1
12
67108864
1000
250
60
1
1
0
1
0
0
1
0
1
1
8
4
17110
0
1
12
134217728
2000
100
8
1
1
0
1
0
0
1
0
0
1
4
1
17127
0
1
12
268435456
3000
500
66
1
1
0
1
0
0
1
0
0
1
8
1
17155
0
1
12
268435456
2000
50
45
1
1
0
1
0
0
1
0
1
1
4
1
17157
0
1
11
268435456
3000
50
58
0
1
0
1
0
0
1
0
1
4
1
17180
0
1
12
67108864
2000
1000
37
1
1
0
1
0
0
1
0
0
1
1
1
17184
0
1
11
134217728
2000
1000
72
0
1
0
1
0
0
1
0
1
4
1
17194
0
1
11
268435456
2000
250
66
0
1
0
1
0
0
1
0
1
8
8
17211
0
1
12
268435456
3000
50
3
1
1
0
1
0
0
1
0
0
1
4
2
17238
0
1
12
67108864
4000
250
33
1
1
0
1
0
0
1
0
1
1
1
1
17256
0
1
11
134217728
3000
250
7
0
1
0
1
0
0
1
1
1
1
1
17268
0
1
12
268435456
2000
500
98
1
1
0
1
0
0
1
0
1
1
2
1
17292
0
1
11
67108864
2000
250
15
0
1
0
1
0
0
1
1
1
8
4
17301
0
1
12
67108864
1000
50
69
1
1
0
1
0
0
1
0
0
1
1
1
17327
0
1
12
134217728
2000
50
61
1
1
0
1
0
0
1
0
1
1
8
1
17329
0
1
12
67108864
4000
1000
97
1
1
0
1
0
0
1
0
0
1
2
1
17347
0
1
11
268435456
3000
100
42
0
1
0
1
0
0
1
0
1
1
1
17360
0
1
12
67108864
1000
250
19
1
1
0
1
0
0
1
0
1
1
1
1
17387
0
1
12
67108864
3000
100
32
1
1
0
1
0
0
1
0
0
1
8
2
17401
0
1
11
268435456
2000
500
99
0
1
0
1
0
0
1
1
1
2
1
17414
0
1
11
67108864
3000
250
13
0
1
0
1
0
0
1
1
1
2
1
17439
0
1
12
268435456
1000
50
32
1
1
0
1
0
0
1
0
0
1
8
4
17459
0
1
12
268435456
3000
500
93
1
1
0
1
0
0
1
0
1
1
2
1
17483
0
1
11
268435456
2000
250
14
0
1
0
1
0
0
1
1
1
2
1
17495
0
1
11
268435456
3000
500
13
0
1
0
1
0
0
1
1
1
2
1
17520
0
1
11
268435456
3000
100
31
0
1
0
1
0
0
1
1
1
4
1
17536
0
1
12
134217728
4000
500
96
1
1
0
1
0
0
1
0
1
1
1
1
17537
0
1
12
67108864
4000
1000
4
1
1
0
1
0
0
1
0
1
1
4
4
17547
0
1
12
67108864
2000
500
89
1
1
0
1
0
0
1
0
1
1
1
1
17553
0
1
11
67108864
4000
250
56
0
1
0
1
0
0
1
0
1
8
1
17570
0
1
12
134217728
1000
1000
44
1
1
0
1
0
0
1
0
1
1
2
1
17572
0
1
12
268435456
1000
50
6
1
1
0
1
0
0
1
0
1
1
8
1
17582
0
1
12
268435456
1000
500
68
1
1
0
1
0
0
1
0
0
1
1
1
17587
0
1
11
268435456
2000
500
9
0
1
0
1
0
0
1
0
1
8
1
17608
0
1
11
134217728
4000
50
46
0
1
0
1
0
0
1
1
1
4
4
17616
0
1
12
134217728
1000
1000
64
1
1
0
1
0
0
1
0
1
1
8
4
17640
0
1
12
67108864
4000
500
15
1
1
0
1
0
0
1
0
0
1
1
1
17664
0
1
12
67108864
4000
500
66
1
1
0
1
0
0
1
0
0
1
4
2
17689
0
1
11
67108864
1000
100
45
0
1
0
1
0
0
1
1
1
2
1
17712
0
1
12
67108864
1000
250
84
1
1
0
1
0
0
1
0
0
1
2
1
17736
0
1
12
134217728
4000
1000
45
1
1
0
1
0
0
1
0
0
1
4
2
17759
0
1
12
67108864
3000
250
26
1
1
0
1
0
0
1
0
0
1
2
1
17769
0
1
11
268435456
2000
500
56
0
1
0
1
0
0
1
1
1
2
2
17798
0
1
11
134217728
4000
100
33
0
1
0
1
0
0
1
1
1
4
4
17808
0
1
11
134217728
2000
50
84
0
1
0
1
0
0
1
0
1
2
1
17820
0
1
12
134217728
1000
1000
24
1
1
0
1
0
0
1
0
1
1
8
8
17824
0
1
12
67108864
3000
1000
33
1
1
0
1
0
0
1
0
1
1
2
2
17842
0
1
12
134217728
2000
500
81
1
1
0
1
0
0
1
0
0
1
2
1
17870
0
1
12
268435456
3000
500
65
1
1
0
1
0
0
1
0
1
1
8
8
17888
0
1
12
67108864
3000
100
59
1
1
0
1
0
0
1
0
0
1
2
1
17890
0
1
11
268435456
3000
500
26
0
1
0
1
0
0
1
1
1
4
2
17904
0
1
12
134217728
3000
500
68
1
1
0
1
0
0
1
0
0
1
1
1
17907
0
1
11
134217728
4000
500
54
0
1
0
1
0
0
1
0
1
2
1
17929
0
1
11
67108864
1000
50
36
0
1
0
1
0
0
1
0
1
2
1
17931
0
1
11
67108864
1000
50
91
0
1
0
1
0
0
1
0
1
1
1
17950
0
1
11
268435456
3000
100
25
0
1
0
1
0
0
1
1
1
2
1
17952
0
1
11
67108864
2000
250
2
0
1
0
1
0
0
1
1
1
8
1
17979
0
1
11
134217728
2000
100
79
0
1
0
1
0
0
1
1
1
1
1
17999
0
1
11
268435456
1000
100
81
0
1
0
1
0
0
1
1
1
4
4
18014
0
1
12
134217728
4000
250
83
1
1
0
1
0
0
1
0
1
1
1
1
18029
0
1
12
134217728
1000
100
52
1
1
0
1
0
0
1
0
0
1
1
1
18041
0
1
12
134217728
2000
1000
62
1
1
0
1
0
0
1
0
1
1
4
1
18049
0
1
11
134217728
2000
250
84
0
1
0
1
0
0
1
0
1
8
1
18072
0
1
12
268435456
1000
50
38
1
1
0
1
0
0
1
0
0
1
2
2
18077
0
1
12
268435456
3000
100
90
1
1
0
1
0
0
1
0
0
1
8
2
18106
0
1
12
67108864
2000
1000
42
1
1
0
1
0
0
1
0
1
1
2
1
18116
0
1
12
67108864
3000
1000
89
1
1
0
1
0
0
1
0
0
1
8
8
18124
0
1
12
67108864
3000
100
70
1
1
0
1
0
0
1
0
1
1
1
1
18141
0
1
11
67108864
2000
500
49
0
1
0
1
0
0
1
1
1
2
1
18162
0
1
11
67108864
1000
1000
24
0
1
0
1
0
0
1
0
1
8
4
18192
0
1
11
134217728
3000
250
80
0
1
0
1
0
0
1
0
1
2
1
18215
0
1
11
268435456
1000
500
41
0
1
0
1
0
0
1
1
1
8
1
18219
0
1
11
67108864
1000
1000
45
0
1
0
1
0
0
1
1
1
8
4
18241
0
1
12
67108864
2000
1000
60
1
1
0
1
0
0
1
0
1
1
4
4
18257
0
1
12
268435456
3000
500
13
1
1
0
1
0
0
1
0
0
1
2
1
18268
0
1
11
134217728
3000
100
80
0
1
0
1
0
0
1
0
1
2
2
18280
0
1
12
67108864
4000
100
67
1
1
0
1
0
0
1
0
0
1
8
2
18292
0
1
11
67108864
3000
50
87
0
1
0
1
0
0
1
1
1
2
1
18304
0
1
12
268435456
1000
100
56
1
1
0
1
0
0
1
0
1
1
8
8
18309
0
1
12
268435456
1000
500
86
1
1
0
1
0
0
1
0
0
1
2
1
18321
0
1
11
268435456
1000
500
35
0
1
0
1
0
0
1
0
1
2
2
18346
0
1
11
268435456
2000
50
46
0
1
0
1
0
0
1
1
1
1
1
18356
0
1
12
268435456
1000
100
17
1
1
0
1
0
0
1
0
0
1
1
1
18362
0
1
12
268435456
3000
250
61
1
1
0
1
0
0
1
0
1
1
2
2
18370
0
1
11
268435456
3000
500
21
0
1
0
1
0
0
1
1
1
4
2
18375
0
1
12
268435456
1000
500
77
1
1
0
1
0
0
1
0
1
1
4
2
18380
0
1
12
134217728
1000
500
76
1
1
0
1
0
0
1
0
1
1
2
1
18383
0
1
12
67108864
3000
1000
91
1
1
0
1
0
0
1
0
1
1
1
1
18384
0
1
11
67108864
4000
100
10
0
1
0
1
0
0
1
0
1
8
1
18391
0
1
12
67108864
3000
250
15
1
1
0
1
0
0
1
0
1
1
1
1
18395
0
1
11
67108864
1000
500
12
0
1
0
1
0
0
1
0
1
4
4
18422
0
1
11
134217728
4000
100
18
0
1
0
1
0
0
1
1
1
1
1
18433
0
1
12
67108864
2000
250
92
1
1
0
1
0
0
1
0
1
1
2
1
18460
0
1
12
268435456
2000
100
9
1
1
0
1
0
0
1
0
1
1
8
4
18467
0
1
12
134217728
2000
50
95
1
1
0
1
0
0
1
0
1
1
2
2
18488
0
1
12
67108864
1000
1000
75
1
1
0
1
0
0
1
0
1
1
1
1
18496
0
1
11
134217728
1000
500
15
0
1
0
1
0
0
1
0
1
4
2
18499
0
1
12
134217728
2000
250
58
1
1
0
1
0
0
1
0
0
1
1
1
18521
0
1
12
268435456
3000
500
51
1
1
0
1
0
0
1
0
0
1
4
2
18549
0
1
12
67108864
1000
50
82
1
1
0
1
0
0
1
0
0
1
4
2
18557
0
1
12
67108864
1000
50
41
1
1
0
1
0
0
1
0
0
1
1
1
18587
0
1
11
67108864
2000
250
91
0
1
0
1
0
0
1
0
1
2
1
18617
0
1
12
67108864
1000
50
32
1
1
0
1
0
0
1
0
0
1
8
8
18635
0
1
11
268435456
3000
500
46
0
1
0
1
0
0
1
0
1
4
2
18637
0
1
12
268435456
1000
500
10
1
1
0
1
0
0
1
0
1
1
1
1
18665
0
1
11
134217728
2000
50
73
0
1
0
1
0
0
1
1
1
4
2
18687
0
1
12
134217728
1000
100
45
1
1
0
1
0
0
1
0
0
1
1
1
18705
0
1
11
67108864
2000
1000
26
0
1
0
1
0
0
1
1
1
4
4
18726
0
1
11
67108864
3000
250
95
0
1
0
1
0
0
1
0
1
8
1
18751
0
1
11
134217728
3000
250
91
0
1
0
1
0
0
1
0
1
4
2
18778
0
1
12
67108864
2000
100
9
1
1
0
1
0
0
1
0
1
1
4
4
18782
0
1
12
134217728
2000
500
44
1
1
0
1
0
0
1
0
0
1
1
1
18812
0
1
12
134217728
4000
500
80
1
1
0
1
0
0
1
0
0
1
1
1
18820
0
1
12
134217728
3000
100
12
1
1
0
1
0
0
1
0
1
1
1
1
18831
0
1
12
134217728
2000
100
57
1
1
0
1
0
0
1
0
1
1
4
2
18833
0
1
11
67108864
4000
1000
26
0
1
0
1
0
0
1
1
1
2
1
18845
0
1
12
67108864
2000
1000
49
1
1
0
1
0
0
1
0
0
1
1
1
18848
0
1
11
268435456
3000
250
54
0
1
0
1
0
0
1
0
1
1
1
18850
0
1
12
67108864
3000
100
67
1
1
0
1
0
0
1
0
0
1
8
1
18878
0
1
11
67108864
4000
500
39
0
1
0
1
0
0
1
1
1
2
1
18891
0
1
11
67108864
2000
100
93
0
1
0
1
0
0
1
1
1
1
1
18908
0
1
11
268435456
2000
50
59
0
1
0
1
0
0
1
1
1
1
1
18912
0
1
12
134217728
4000
250
11
1
1
0
1
0
0
1
0
1
1
8
4
18919
0
1
11
268435456
2000
100
24
0
1
0
1
0
0
1
1
1
8
4
18934
0
1
11
67108864
2000
500
88
0
1
0
1
0
0
1
1
1
2
1
18936
0
1
12
268435456
1000
250
88
1
1
0
1
0
0
1
0
0
1
8
1
18959
0
1
11
67108864
1000
100
29
0
1
0
1
0
0
1
1
1
4
4
18976
0
1
12
134217728
2000
50
11
1
1
0
1
0
0
1
0
1
1
8
1
19005
0
1
12
67108864
1000
100
32
1
1
0
1
0
0
1
0
1
1
8
8
19017
0
1
12
134217728
4000
250
28
1
1
0
1
0
0
1
0
1
1
4
1
19040
0
1
11
134217728
2000
100
5
0
1
0
1
0
0
1
0
1
2
1
19064
0
1
11
67108864
3000
50
50
0
1
0
1
0
0
1
1
1
4
4
19075
0
1
11
268435456
1000
100
55
0
1
0
1
0
0
1
1
1
2
1
19097
0
1
11
67108864
1000
500
67
0
1
0
1
0
0
1
0
1
4
1
19125
0
1
11
67108864
3000
1000
40
0
1
0
1
0
0
1
1
1
4
4
19135
0
1
12
268435456
2000
100
19
1
1
0
1
0
0
1
0
0
1
1
1
19147
0
1
12
268435456
2000
500
53
1
1
0
1
0
0
1
0
1
1
1
1
19148
0
1
12
134217728
1000
500
0
1
1
0
1
0
0
1
0
0
1
8
4
19164
0
1
11
67108864
4000
50
84
0
1
0
1
0
0
1
0
1
8
1
19181
0
1
11
268435456
3000
50
50
0
1
0
1
0
0
1
1
1
2
1
19204
0
1
11
67108864
1000
500
7
0
1
0
1
0
0
1
0
1
1
1
19217
0
1
12
67108864
3000
100
47
1
1
0
1
0
0
1
0
0
1
2
1
19243
0
1
12
268435456
3000
100
78
1
1
0
1
0
0
1
0
0
1
4
2
19250
0
1
11
134217728
2000
500
77
0
1
0
1
0
0
1
1
1
1
1
19277
0
1
12
67108864
2000
50
29
1
1
0
1
0
0
1
0
1
1
1
1
19307
0
1
11
134217728
4000
250
22
0
1
0
1
0
0
1
0
1
4
4
19324
0
1
12
268435456
1000
500
51
1
1
0
1
0
0
1
0
1
1
8
2
19343
0
1
12
134217728
3000
100
54
1
1
0
1
0
0
1
0
1
1
4
1
19344
0
1
11
134217728
1000
1000
43
0
1
0
1
0
0
1
0
1
2
2
19363
0
1
11
67108864
1000
500
47
0
1
0
1
0
0
1
1
1
2
1
19366
0
1
11
67108864
4000
50
9
0
1
0
1
0
0
1
1
1
1
1
19396
0
1
12
134217728
1000
250
45
1
1
0
1
0
0
1
0
1
1
8
8
19404
0
1
11
134217728
3000
1000
67
0
1
0
1
0
0
1
1
1
2
1
19419
0
1
12
67108864
3000
250
89
1
1
0
1
0
0
1
0
0
1
2
1
19429
0
1
12
268435456
1000
500
80
1
1
0
1
0
0
1
0
0
1
4
4
19445
0
1
12
67108864
3000
500
4
1
1
0
1
0
0
1
0
0
1
2
1
19447
0
1
12
268435456
3000
500
28
1
1
0
1
0
0
1
0
1
1
2
1
19450
0
1
11
134217728
1000
1000
25
0
1
0
1
0
0
1
1
1
4
4
19461
0
1
11
268435456
2000
500
69
0
1
0
1
0
0
1
0
1
8
2
19465
0
1
12
268435456
3000
50
63
1
1
0
1
0
0
1
0
1
1
2
2
19468
0
1
11
67108864
3000
1000
98
0
1
0
1
0
0
1
0
1
2
1
19481
0
1
11
67108864
3000
1000
36
0
1
0
1
0
0
1
0
1
1
1
19489
0
1
11
134217728
4000
50
29
0
1
0
1
0
0
1
1
1
8
4
19516
0
1
11
268435456
2000
500
66
0
1
0
1
0
0
1
1
1
8
1
19523
0
1
12
134217728
2000
100
3
1
1
0
1
0
0
1
0
0
1
1
1
19525
0
1
11
134217728
2000
500
13
0
1
0
1
0
0
1
1
1
4
4
19553
0
1
11
268435456
2000
250
11
0
1
0
1
0
0
1
0
1
4
2
19573
0
1
11
268435456
1000
500
55
0
1
0
1
0
0
1
0
1
2
1
19601
0
1
12
134217728
2000
500
8
1
1
0
1
0
0
1
0
0
1
1
1
19624
0
1
12
268435456
3000
100
19
1
1
0
1
0
0
1
0
0
1
1
1
19640
0
1
11
268435456
3000
100
93
0
1
0
1
0
0
1
1
1
4
4
19661
0
1
11
134217728
3000
50
74
0
1
0
1
0
0
1
1
1
1
1
19682
0
1
12
67108864
1000
250
91
1
1
0
1
0
0
1
0
1
1
4
2
19710
0
1
11
268435456
2000
50
60
0
1
0
1
0
0
1
0
1
2
1
19732
0
1
11
67108864
3000
500
17
0
1
0
1
0
0
1
0
1
8
1
19737
0
1
11
67108864
4000
1000
41
0
1
0
1
0
0
1
0
1
8
4
19756
0
1
12
134217728
1000
1000
10
1
1
0
1
0
0
1
0
0
1
8
8
19786
0
1
11
67108864
4000
250
18
0
1
0
1
0
0
1
1
1
8
2
19803
0
1
11
134217728
1000
50
92
0
1
0
1
0
0
1
1
1
4
2
19808
0
1
12
67108864
4000
500
61
1
1
0
1
0
0
1
0
0
1
4
2
19810
0
1
11
67108864
1000
50
95
0
1
0
1
0
0
1
0
1
8
1
19836
0
1
11
134217728
2000
100
2
0
1
0
1
0
0
1
0
1
1
1
19850
0
1
11
268435456
3000
50
51
0
1
0
1
0
0
1
0
1
8
4
19860
0
1
11
67108864
3000
1000
61
0
1
0
1
0
0
1
1
1
1
1
19881
0
1
11
268435456
3000
500
82
0
1
0
1
0
0
1
0
1
8
4
19899
0
1
11
134217728
3000
1000
62
0
1
0
1
0
0
1
0
1
8
8
19908
0
1
11
67108864
2000
1000
58
0
1
0
1
0
0
1
1
1
2
2
19925
0
1
11
134217728
4000
250
31
0
1
0
1
0
0
1
0
1
2
2
19947
0
1
12
268435456
1000
250
50
1
1
0
1
0
0
1
0
1
1
2
1
19956
0
1
12
134217728
2000
100
91
1
1
0
1
0
0
1
0
0
1
4
2
19971
0
1
11
67108864
4000
1000
14
0
1
0
1
0
0
1
1
1
1
1
19983
0
1
12
134217728
2000
500
3
1
1
0
1
0
0
1
0
1
1
1
1
20011
0
1
12
67108864
2000
250
1
1
1
0
1
0
0
1
0
1
1
4
4
20035
0
1
11
67108864
3000
250
24
0
1
0
1
0
0
1
1
1
4
2
20040
0
1
11
268435456
3000
250
29
0
1
0
1
0
0
1
0
1
1
1
20055
0
1
11
134217728
3000
250
62
0
1
0
1
0
0
1
0
1
1
1
20082
0
1
11
134217728
4000
500
67
0
1
0
1
0
0
1
0
1
8
2
20099
0
1
12
134217728
4000
250
24
1
1
0
1
0
0
1
0
0
1
4
4
20114
0
1
11
134217728
1000
500
70
0
1
0
1
0
0
1
1
1
4
2
20126
0
1
12
134217728
4000
100
84
1
1
0
1
0
0
1
0
0
1
8
1
20129
0
1
11
67108864
4000
100
25
0
1
0
1
0
0
1
1
1
2
1
20152
0
1
11
134217728
1000
500
81
0
1
0
1
0
0
1
1
1
4
2
20166
0
1
11
67108864
3000
500
15
0
1
0
1
0
0
1
0
1
1
1
20182
0
1
11
67108864
3000
500
8
0
1
0
1
0
0
1
1
1
4
2
20207
0
1
12
134217728
3000
250
60
1
1
0
1
0
0
1
0
1
1
4
1
20231
0
1
11
134217728
3000
1000
32
0
1
0
1
0
0
1
0
1
2
1
20232
0
1
12
134217728
3000
50
91
1
1
0
1
0
0
1
0
0
1
1
1
20251
0
1
11
134217728
1000
100
31
0
1
0
1
0
0
1
1
1
2
1
20255
0
1
11
134217728
1000
100
10
0
1
0
1
0
0
1
1
1
1
1
20281
0
1
12
134217728
3000
500
53
1
1
0
1
0
0
1
0
0
1
4
2
20294
0
1
12
268435456
3000
50
97
1
1
0
1
0
0
1
0
0
1
8
8
20307
0
1
11
134217728
4000
50
88
0
1
0
1
0
0
1
1
1
1
1
20329
0
1
11
268435456
3000
50
2
0
1
0
1
0
0
1
0
1
2
2
20344
0
1
11
67108864
1000
500
81
0
1
0
1
0
0
1
1
1
8
1
20370
0
1
11
67108864
2000
250
34
0
1
0
1
0
0
1
1
1
2
1
20383
0
1
12
67108864
4000
500
18
1
1
0
1
0
0
1
0
0
1
8
4
20406
0
1
11
67108864
2000
1000
8
0
1
0
1
0
0
1
1
1
1
1
20414
0
1
12
134217728
4000
1000
18
1
1
0
1
0
0
1
0
0
1
2
1
20423
0
1
11
134217728
1000
1000
84
0
1
0
1
0
0
1
1
1
2
1
20453
0
1
11
134217728
2000
100
14
0
1
0
1
0
0
1
0
1
2
1
20467
0
1
12
67108864
3000
1000
47
1
1
0
1
0
0
1
0
0
1
8
2
20482
0
1
12
67108864
1000
50
46
1
1
0
1
0
0
1
0
0
1
2
1
20508
0
1
12
67108864
3000
250
23
1
1
0
1
0
0
1
0
0
1
8
8
20511
0
1
12
67108864
2000
250
34
1
1
0
1
0
0
1
0
0
1
1
1
20540
0
1
11
268435456
2000
50
59
0
1
0
1
0
0
1
1
1
1
1
20565
0
1
12
134217728
1000
500
41
1
1
0
1
0
0
1
0
0
1
8
8
20580
0
1
12
67108864
1000
100
49
1
1
0
1
0
0
1
0
1
1
2
1
20582
0
1
11
134217728
4000
100
73
0
1
0
1
0
0
1
0
1
4
2
20589
0
1
11
67108864
3000
1000
81
0
1
0
1
0
0
1
0
1
8
8
20606
0
1
12
67108864
1000
1000
48
1
1
0
1
0
0
1
0
0
1
1
1
20608
0
1
11
134217728
4000
250
62
0
1
0
1
0
0
1
0
1
4
4
20614
0
1
12
67108864
4000
100
38
1
1
0
1
0
0
1
0
0
1
8
1
20633
0
1
12
134217728
4000
100
76
1
1
0
1
0
0
1
0
1
1
2
1
20642
0
1
11
268435456
3000
250
1
0
1
0
1
0
0
1
1
1
2
1
20646
0
1
11
268435456
1000
500
87
0
1
0
1
0
0
1
1
1
4
2
20650
0
1
12
268435456
3000
250
88
1
1
0
1
0
0
1
0
0
1
1
1
20680
0
1
11
67108864
4000
50
36
0
1
0
1
0
0
1
0
1
4
1
20709
0
1
11
67108864
2000
100
24
0
1
0
1
0
0
1
1
1
1
1
20717
0
1
11
268435456
3000
500
63
0
1
0
1
0
0
1
1
1
4
2
20733
0
1
11
67108864
2000
1000
78
0
1
0
1
0
0
1
0
1
8
1
20736
0
1
11
67108864
4000
1000
16
0
1
0
1
0
0
1
0
1
1
1
20766
0
1
12
67108864
3000
1000
85
1
1
0
1
0
0
1
0
0
1
4
4
20790
0
1
11
268435456
3000
50
50
0
1
0
1
0
0
1
1
1
8
2
20817
0
1
12
134217728
2000
50
41
1
1
0
1
0
0
1
0
1
1
4
4
20833
0
1
12
67108864
3000
500
32
1
1
0
1
0
0
1
0
0
1
4
1
20834
0
1
12
67108864
2000
100
40
1
1
0
1
0
0
1
0
0
1
2
1
20843
0
1
11
67108864
3000
50
23
0
1
0
1
0
0
1
0
1
1
1
20868
0
1
11
67108864
2000
500
96
0
1
0
1
0
0
1
0
1
1
1
20874
0
1
11
134217728
4000
100
81
0
1
0
1
0
0
1
0
1
8
4
20902
0
1
11
67108864
3000
500
5
0
1
0
1
0
0
1
1
1
4
2
20920
0
1
12
67108864
1000
100
95
1
1
0
1
0
0
1
0
1
1
2
1
20949
0
1
11
67108864
3000
50
26
0
1
0
1
0
0
1
0
1
4
2
20979
0
1
11
67108864
1000
100
39
0
1
0
1
0
0
1
1
1
4
4
20987
0
1
11
134217728
3000
500
43
0
1
0
1
0
0
1
1
1
4
4
20997
0
1
11
268435456
3000
100
32
0
1
0
1
0
0
1
1
1
8
1
21000
0
1
12
67108864
4000
100
70
1
1
0
1
0
0
1
0
0
1
1
1
21020
0
1
12
134217728
1000
1000
14
1
1
0
1
0
0
1
0
0
1
1
1
21022
0
1
11
67108864
4000
500
42
0
1
0
1
0
0
1
1
1
1
1
21031
0
1
12
268435456
3000
500
22
1
1
0
1
0
0
1
0
0
1
4
2
21046
0
1
11
67108864
3000
1000
56
0
1
0
1
0
0
1
0
1
2
1
21067
0
1
11
134217728
1000
1000
49
0
1
0
1
0
0
1
0
1
2
1
21086
0
1
11
67108864
2000
250
19
0
1
0
1
0
0
1
1
1
2
1
21108
0
1
11
67108864
3000
1000
46
0
1
0
1
0
0
1
1
1
2
2
21122
0
1
11
134217728
4000
500
95
0
1
0
1
0
0
1
0
1
1
1
21123
0
1
12
67108864
4000
50
70
1
1
0
1
0
0
1
0
1
1
2
2
21145
0
1
12
67108864
4000
250
39
1
1
0
1
0
0
1
0
1
1
2
1
21147
0
1
11
67108864
4000
50
6
0
1
0
1
0
0
1
1
1
1
1
21150
0
1
11
67108864
2000
50
55
0
1
0
1
0
0
1
0
1
8
1
21174
0
1
11
67108864
4000
50
73
0
1
0
1
0
0
1
1
1
1
1
21178
0
1
11
134217728
1000
1000
98
0
1
0
1
0
0
1
1
1
4
4
21187
0
1
11
67108864
3000
500
79
0
1
0
1
0
0
1
0
1
2
1
21189
0
1
11
67108864
2000
250
18
0
1
0
1
0
0
1
1
1
4
2
21215
0
1
12
268435456
3000
100
17
1
1
0
1
0
0
1
0
0
1
2
1
21221
0
1
11
134217728
4000
250
13
0
1
0
1
0
0
1
1
1
4
4
21251
0
1
11
67108864
4000
500
97
0
1
0
1
0
0
1
1
1
1
1
21277
0
1
11
67108864
3000
500
61
0
1
0
1
0
0
1
0
1
1
1
21280
0
1
11
134217728
4000
500
2
0
1
0
1
0
0
1
1
1
8
4
21295
0
1
12
268435456
2000
500
21
1
1
0
1
0
0
1
0
1
1
8
4
21312
0
1
12
268435456
1000
100
5
1
1
0
1
0
0
1
0
1
1
4
2
21331
0
1
12
134217728
1000
100
68
1
1
0
1
0
0
1
0
0
1
4
4
21343
0
1
11
268435456
2000
100
76
0
1
0
1
0
0
1
0
1
2
1
21348
0
1
11
268435456
3000
500
70
0
1
0
1
0
0
1
1
1
4
2
21372
0
1
11
134217728
1000
50
15
0
1
0
1
0
0
1
1
1
2
1
21398
0
1
11
67108864
4000
50
94
0
1
0
1
0
0
1
1
1
2
1
21417
0
1
11
268435456
3000
50
50
0
1
0
1
0
0
1
1
1
8
2
21430
0
1
11
134217728
1000
50
19
0
1
0
1
0
0
1
1
1
8
2
21436
0
1
12
134217728
3000
500
90
1
1
0
1
0
0
1
0
0
1
1
1
21462
0
1
11
67108864
4000
500
77
0
1
0
1
0
0
1
0
1
4
1
21489
0
1
12
67108864
2000
50
42
1
1
0
1
0
0
1
0
1
1
8
1
21490
0
1
12
268435456
2000
50
23
1
1
0
1
0
0
1
0
1
1
2
1
21514
0
1
11
67108864
3000
500
10
0
1
0
1
0
0
1
0
1
1
1
21543
0
1
11
268435456
2000
250
21
0
1
0
1
0
0
1
1
1
4
2
21545
0
1
12
134217728
1000
100
83
1
1
0
1
0
0
1
0
0
1
8
1
21562
0
1
11
67108864
4000
500
66
0
1
0
1
0
0
1
0
1
4
1
21571
0
1
12
268435456
3000
250
57
1
1
0
1
0
0
1
0
0
1
1
1
21599
0
1
12
134217728
1000
1000
83
1
1
0
1
0
0
1
0
1
1
8
1
21608
0
1
11
134217728
3000
250
89
0
1
0
1
0
0
1
1
1
1
1
21628
0
1
12
67108864
1000
250
49
1
1
0
1
0
0
1
0
1
1
1
1
21642
0
1
12
268435456
2000
250
72
1
1
0
1
0
0
1
0
0
1
4
2
21645
0
1
12
67108864
1000
250
94
1
1
0
1
0
0
1
0
1
1
8
2
21648
0
1
11
67108864
1000
50
9
0
1
0
1
0
0
1
0
1
2
1
21664
0
1
11
134217728
2000
250
99
0
1
0
1
0
0
1
0
1
4
4
21671
0
1
11
268435456
3000
100
43
0
1
0
1
0
0
1
0
1
2
2
21694
0
1
11
268435456
3000
500
49
0
1
0
1
0
0
1
0
1
4
1
21718
0
1
12
134217728
4000
100
40
1
1
0
1
0
0
1
0
1
1
4
2
21722
0
1
12
134217728
1000
500
73
1
1
0
1
0
0
1
0
1
1
8
4
21744
0
1
12
268435456
3000
500
46
1
1
0
1
0
0
1
0
0
1
2
1
21756
0
1
11
134217728
2000
1000
57
0
1
0
1
0
0
1
1
1
4
2
21760
0
1
12
134217728
1000
50
72
1
1
0
1
0
0
1
0
0
1
2
1
21776
0
1
11
134217728
3000
50
66
0
1
0
1
0
0
1
0
1
2
1
21804
0
1
11
67108864
3000
250
90
0
1
0
1
0
0
1
1
1
1
1
21823
0
1
11
67108864
1000
1000
7
0
1
0
1
0
0
1
1
1
2
1
21831
0
1
11
67108864
3000
1000
72
0
1
0
1
0
0
1
1
1
4
2
21857
0
1
12
268435456
2000
250
76
1
1
0
1
0
0
1
0
1
1
1
1
21864
0
1
11
134217728
3000
1000
24
0
1
0
1
0
0
1
0
1
4
2
21865
0
1
11
268435456
3000
250
22
0
1
0
1
0
0
1
1
1
8
8
21892
0
1
11
134217728
4000
50
4
0
1
0
1
0
0
1
0
1
8
8
21900
0
1
11
67108864
3000
250
12
0
1
0
1
0
0
1
0
1
4
2
21902
0
1
12
134217728
3000
500
61
1
1
0
1
0
0
1
0
1
1
4
4
21906
0
1
12
134217728
2000
50
24
1
1
0
1
0
0
1
0
1
1
1
1
21912
0
1
11
268435456
3000
50
4
0
1
0
1
0
0
1
1
1
1
1
21918
0
1
12
134217728
2000
50
29
1
1
0
1
0
0
1
0
1
1
1
1
21932
0
1
12
134217728
4000
50
88
1
1
0
1
0
0
1
0
0
1
4
2
21960
0
1
11
134217728
4000
500
14
0
1
0
1
0
0
1
0
1
1
1
21980
0
1
12
134217728
4000
250
42
1
1
0
1
0
0
1
0
1
1
4
4
21998
0
1
11
134217728
3000
1000
36
0
1
0
1
0
0
1
0
1
2
2
22014
0
1
11
67108864
4000
500
81
0
1
0
1
0
0
1
1
1
4
4
22030
0
1
11
268435456
3000
250
46
0
1
0
1
0
0
1
0
1
4
2
22043
0
1
11
268435456
3000
100
78
0
1
0
1
0
0
1
0
1
4
4
22073
0
1
11
67108864
2000
100
28
0
1
0
1
0
0
1
0
1
2
1
22101
0
1
12
67108864
1000
1000
3
1
1
0
1
0
0
1
0
1
1
8
2
22107
0
1
12
268435456
1000
500
37
1
1
0
1
0
0
1
0
0
1
8
1
22135
0
1
12
268435456
2000
100
94
1
1
0
1
0
0
1
0
1
1
2
1
22153
0
1
11
268435456
2000
100
87
0
1
0
1
0
0
1
1
1
2
1
22159
0
1
11
67108864
1000
250
72
0
1
0
1
0
0
1
0
1
8
2
22179
0
1
12
268435456
3000
100
66
1
1
0
1
0
0
1
0
1
1
2
1
22183
0
1
11
67108864
4000
50
16
0
1
0
1
0
0
1
0
1
2
1
22192
0
1
12
67108864
3000
250
61
1
1
0
1
0
0
1
0
0
1
4
1
22220
0
1
12
134217728
4000
1000
29
1
1
0
1
0
0
1
0
1
1
4
1
22245
0
1
11
268435456
3000
50
34
0
1
0
1
0
0
1
1
1
8
1
22263
0
1
12
134217728
1000
250
43
1
1
0
1
0
0
1
0
0
1
8
1
22293
0
1
11
67108864
2000
500
17
0
1
0
1
0
0
1
1
1
1
1
22312
0
1
12
67108864
4000
50
80
1
1
0
1
0
0
1
0
0
1
4
2
22325
0
1
11
67108864
4000
250
27
0
1
0
1
0
0
1
0
1
1
1
22347
0
1
11
134217728
1000
50
30
0
1
0
1
0
0
1
0
1
2
1
22364
0
1
12
268435456
3000
100
51
1
1
0
1
0
0
1
0
0
1
1
1
22385
0
1
11
134217728
4000
1000
1
0
1
0
1
0
0
1
1
1
4
1
22391
0
1
11
268435456
3000
250
72
0
1
0
1
0
0
1
1
1
1
1
22420
0
1
11
134217728
3000
250
39
0
1
0
1
0
0
1
0
1
4
2
22442
0
1
12
268435456
3000
500
6
1
1
0
1
0
0
1
0
0
1
8
8
22447
0
1
12
268435456
1000
50
77
1
1
0
1
0
0
1
0
1
1
1
1
22458
0
1
11
134217728
1000
1000
66
0
1
0
1
0
0
1
0
1
2
1
22477
0
1
11
268435456
3000
50
29
0
1
0
1
0
0
1
1
1
8
1
22507
0
1
12
134217728
2000
1000
13
1
1
0
1
0
0
1
0
0
1
8
1
22537
0
1
11
67108864
2000
1000
51
0
1
0
1
0
0
1
0
1
8
1
22560
0
1
11
268435456
3000
100
18
0
1
0
1
0
0
1
0
1
2
2
22562
0
1
11
67108864
1000
1000
7
0
1
0
1
0
0
1
0
1
8
2
22567
0
1
12
67108864
4000
500
42
1
1
0
1
0
0
1
0
0
1
4
1
22587
0
1
12
67108864
4000
50
11
1
1
0
1
0
0
1
0
0
1
4
2
22599
0
1
11
67108864
4000
500
36
0
1
0
1
0
0
1
0
1
2
1
22629
0
1
12
268435456
2000
500
45
1
1
0
1
0
0
1
0
0
1
1
1
22640
0
1
11
134217728
3000
1000
29
0
1
0
1
0
0
1
0
1
1
1
22643
0
1
11
67108864
3000
50
80
0
1
0
1
0
0
1
0
1
4
4
22658
0
1
11
67108864
3000
50
26
0
1
0
1
0
0
1
0
1
8
8
22662
0
1
12
67108864
1000
1000
25
1
1
0
1
0
0
1
0
0
1
1
1
22665
0
1
11
268435456
3000
500
50
0
1
0
1
0
0
1
0
1
1
1
22674
0
1
12
268435456
3000
100
92
1
1
0
1
0
0
1
0
