1500

0
1
1
1
10
0
2
10
67108864
3000
1000
10
1
0
1
0
0
1

1
1
4
4
11
0
1
12
268435456
3000
100
19
1
1
0
1
0
0
1
0
1
1
8
1
34
0
0
9
67108864
2000
500
1
0
1
0
0
1

0
1
1
1
40
0
1
12
134217728
4000
1000
42
1
1
0
1
0
0
1
0
1
1
1
1
60
0
2
10
67108864
4000
500
100
1
0
1
0
0
1

0
1
2
1
67
0
1
11
67108864
4000
50
35
0
1
0
1
0
0
1
1
1
2
1
70
0
1
11
134217728
4000
100
79
0
1
0
1
0
0
1
0
1
1
1
96
0
2
10
67108864
1000
250
100
1
0
1
0
0
1

0
1
4
2
97
0
2
10
67108864
3000
500
100
1
0
1
0
0
1

0
1
4
2
100
0
0
9
134217728
4000
100
1
0
1
0
0
1

1
1
4
2
124
0
0
9
134217728
2000
500
1
0
1
0
0
1

0
1
4
1
131
0
2
10
134217728
4000
1000
1000
1
0
1
0
0
1

0
1
4
1
155
0
2
10
67108864
4000
100
1000
1
0
1
0
0
1

1
1
1
1
179
0
1
11
268435456
3000
50
84
0
1
0
1
0
0
1
0
1
4
2
193
0
0
9
268435456
2000
500
1
0
1
0
0
1

1
1
2
2
201
0
1
11
134217728
3000
100
8
0
1
0
1
0
0
1
1
1
8
4
216
0
1
11
67108864
3000
1000
34
0
1
0
1
0
0
1
0
1
2
2
219
0
0
9
134217728
4000
250
1
0
1
0
0
1

0
1
4
4
233
0
0
9
67108864
2000
1000
1
0
1
0
0
1

0
1
2
1
256
0
0
9
67108864
4000
1000
1
0
1
0
0
1

0
1
2
1
257
0
1
12
134217728
3000
50
12
1
1
0
1
0
0
1
0
0
1
4
1
284
0
0
9
268435456
3000
500
1
0
1
0
0
1

0
1
2
2
289
0
2
10
134217728
1000
500
1
1
0
1
0
0
1

0
1
2
2
302
0
2
10
268435456
2000
250
100
1
0
1
0
0
1

0
1
4
4
324
0
0
9
134217728
3000
500
1
0
1
0
0
1

1
1
1
1
325
0
0
9
134217728
3000
500
1
0
1
0
0
1

0
1
4
1
329
0
1
11
268435456
1000
500
75
0
1
0
1
0
0
1
1
1
2
1
359
0
2
10
268435456
2000
500
1000
1
0
1
0
0
1

1
1
4
4
361
0
1
11
268435456
2000
250
2
0
1
0
1
0
0
1
0
1
1
1
379
0
1
12
67108864
1000
1000
26
1
1
0
1
0
0
1
0
0
1
2
2
392
0
0
9
268435456
3000
500
1
0
1
0
0
1

0
1
2
2
419
0
2
10
67108864
3000
500
100
1
0
1
0
0
1

1
1
8
8
437
0
1
11
67108864
2000
1000
18
0
1
0
1
0
0
1
1
1
4
2
440
0
1
11
268435456
1000
250
39
0
1
0
1
0
0
1
0
1
4
1
448
0
1
12
134217728
4000
100
47
1
1
0
1
0
0
1
0
0
1
4
4
472
0
0
9
134217728
1000
50
1
0
1
0
0
1

0
1
8
8
476
0
2
10
134217728
2000
250
5
1
0
1
0
0
1

1
1
4
1
494
0
2
10
268435456
2000
50
1000
1
0
1
0
0
1

0
1
4
2
512
0
2
10
268435456
3000
500
10
1
0
1
0
0
1

1
1
1
1
530
0
2
10
67108864
2000
1000
5
1
0
1
0
0
1

0
1
1
1
541
0
2
10
268435456
2000
250
1
1
0
1
0
0
1

0
1
8
8
542
0
2
10
134217728
2000
100
1000
1
0
1
0
0
1

1
1
1
1
561
0
2
10
67108864
2000
100
1
1
0
1
0
0
1

0
1
8
2
582
0
2
10
67108864
1000
500
100
1
0
1
0
0
1

1
1
4
2
598
0
0
9
134217728
1000
100
1
0
1
0
0
1

0
1
1
1
607
0
0
9
134217728
4000
50
1
0
1
0
0
1

1
1
1
1
626
0
2
10
268435456
3000
500
100
1
0
1
0
0
1

1
1
4
2
654
0
2
10
67108864
3000
100
10
1
0
1
0
0
1

0
1
1
1
680
0
2
10
268435456
1000
50
100
1
0
1
0
0
1

1
1
1
1
694
0
1
11
134217728
1000
50
84
0
1
0
1
0
0
1
0
1
8
1
709
0
0
9
268435456
2000
250
1
0
1
0
0
1

1
1
2
2
736
0
2
10
268435456
3000
100
10
1
0
1
0
0
1

1
1
2
2
753
0
1
12
134217728
3000
50
52
1
1
0
1
0
0
1
0
1
1
4
2
778
0
1
11
67108864
2000
500
2
0
1
0
1
0
0
1
0
1
2
1
800
0
2
10
67108864
3000
250
1000
1
0
1
0
0
1

1
1
2
1
815
0
2
10
134217728
4000
100
5
1
0
1
0
0
1

1
1
2
1
845
0
2
10
67108864
3000
1000
10
1
0
1
0
0
1

1
1
2
1
855
0
1
11
268435456
2000
250
46
0
1
0
1
0
0
1
1
1
4
2
867
0
0
9
268435456
2000
250
1
0
1
0
0
1

1
1
4
4
876
0
1
11
67108864
4000
500
34
0
1
0
1
0
0
1
1
1
2
1
888
0
2
10
268435456
3000
50
5
1
0
1
0
0
1

1
1
8
4
893
0
0
9
268435456
3000
500
1
0
1
0
0
1

0
1
1
1
910
0
2
10
134217728
3000
250
1
1
0
1
0
0
1

0
1
1
1
918
0
2
10
268435456
2000
500
1000
1
0
1
0
0
1

1
1
2
1
941
0
2
10
134217728
2000
100
1000
1
0
1
0
0
1

0
1
2
1
962
0
1
12
268435456
3000
500
20
1
1
0
1
0
0
1
0
1
1
8
4
972
0
0
9
134217728
4000
50
1
0
1
0
0
1

1
1
4
4
988
0
2
10
134217728
1000
100
10
1
0
1
0
0
1

0
1
1
1
1015
0
2
10
134217728
3000
1000
10
1
0
1
0
0
1

0
1
4
1
1036
0
2
10
268435456
2000
500
5
1
0
1
0
0
1

0
1
2
1
1044
0
2
10
268435456
1000
100
10
1
0
1
0
0
1

0
1
2
1
1046
0
1
11
134217728
3000
250
4
0
1
0
1
0
0
1
0
1
1
1
1073
0
1
12
67108864
3000
500
86
1
1
0
1
0
0
1
0
0
1
4
4
1097
0
0
9
67108864
1000
250
1
0
1
0
0
1

0
1
4
2
1104
0
1
11
67108864
2000
250
83
0
1
0
1
0
0
1
0
1
1
1
1108
0
1
11
134217728
4000
1000
99
0
1
0
1
0
0
1
1
1
4
2
1133
0
1
11
268435456
2000
50
72
0
1
0
1
0
0
1
0
1
4
2
1134
0
2
10
268435456
2000
500
5
1
0
1
0
0
1

0
1
8
2
1148
0
0
9
134217728
3000
1000
1
0
1
0
0
1

1
1
8
4
1160
0
2
10
268435456
1000
250
1000
1
0
1
0
0
1

1
1
1
1
1163
0
2
10
67108864
3000
500
100
1
0
1
0
0
1

1
1
4
2
1167
0
0
9
268435456
1000
500
1
0
1
0
0
1

0
1
8
4
1178
0
1
12
134217728
1000
250
30
1
1
0
1
0
0
1
0
0
1
1
1
1206
0
2
10
67108864
4000
250
10
1
0
1
0
0
1

1
1
8
8
1221
0
1
12
268435456
3000
50
45
1
1
0
1
0
0
1
0
1
1
2
2
1244
0
1
11
268435456
2000
100
68
0
1
0
1
0
0
1
1
1
2
2
1249
0
0
9
268435456
3000
50
1
0
1
0
0
1

0
1
1
1
1263
0
0
9
67108864
1000
500
1
0
1
0
0
1

0
1
8
8
1279
0
0
9
134217728
3000
50
1
0
1
0
0
1

0
1
4
2
1299
0
0
9
268435456
3000
500
1
0
1
0
0
1

0
1
2
1
1329
0
2
10
134217728
2000
250
5
1
0
1
0
0
1

1
1
1
1
1357
0
1
12
268435456
1000
100
76
1
1
0
1
0
0
1
0
0
1
4
4
1380
0
1
12
67108864
3000
250
97
1
1
0
1
0
0
1
0
1
1
4
2
1384
0
0
9
134217728
3000
500
1
0
1
0
0
1

1
1
4
2
1388
0
0
9
67108864
2000
250
1
0
1
0
0
1

1
1
8
1
1390
0
2
10
134217728
4000
500
5
1
0
1
0
0
1

0
1
1
1
1392
0
2
10
268435456
3000
50
1000
1
0
1
0
0
1

0
1
4
1
1408
0
0
9
67108864
4000
500
1
0
1
0
0
1

0
1
1
1
1422
0
0
9
268435456
3000
500
1
0
1
0
0
1

0
1
1
1
1439
0
1
11
134217728
3000
100
74
0
1
0
1
0
0
1
0
1
4
1
1456
0
2
10
67108864
4000
50
10
1
0
1
0
0
1

1
1
4
1
1469
0
0
9
67108864
1000
250
1
0
1
0
0
1

0
1
8
4
1478
0
1
11
134217728
3000
100
81
0
1
0
1
0
0
1
0
1
8
4
1488
0
1
12
67108864
4000
250
10
1
1
0
1
0
0
1
0
0
1
2
1
1489
0
2
10
67108864
2000
500
5
1
0
1
0
0
1

0
1
8
1
1513
0
1
12
67108864
2000
1000
33
1
1
0
1
0
0
1
0
1
1
2
1
1532
0
2
10
134217728
2000
50
1
1
0
1
0
0
1

0
1
2
2
1555
0
1
11
134217728
1000
100
72
0
1
0
1
0
0
1
0
1
4
4
1560
0
1
12
134217728
2000
100
18
1
1
0
1
0
0
1
0
0
1
4
2
1568
0
1
12
134217728
1000
500
25
1
1
0
1
0
0
1
0
0
1
8
8
1594
0
0
9
268435456
3000
250
1
0
1
0
0
1

0
1
4
4
1595
0
0
9
67108864
1000
250
1
0
1
0
0
1

0
1
2
2
1615
0
1
12
268435456
3000
100
18
1
1
0
1
0
0
1
0
0
1
8
8
1623
0
2
10
268435456
2000
50
1
1
0
1
0
0
1

1
1
4
1
1626
0
2
10
67108864
1000
500
1
1
0
1
0
0
1

0
1
2
1
1639
0
0
9
67108864
2000
50
1
0
1
0
0
1

0
1
2
2
1641
0
2
10
268435456
3000
250
10
1
0
1
0
0
1

0
1
4
1
1646
0
1
12
67108864
4000
50
22
1
1
0
1
0
0
1
0
1
1
1
1
1676
0
0
9
67108864
3000
1000
1
0
1
0
0
1

1
1
4
2
1703
0
2
10
134217728
1000
50
100
1
0
1
0
0
1

1
1
2
1
1705
0
1
11
134217728
1000
1000
54
0
1
0
1
0
0
1
0
1
1
1
1716
0
1
11
134217728
3000
500
17
0
1
0
1
0
0
1
1
1
4
2
1730
0
1
11
268435456
1000
50
84
0
1
0
1
0
0
1
1
1
2
1
1750
0
1
11
268435456
3000
500
17
0
1
0
1
0
0
1
0
1
1
1
1760
0
1
12
134217728
3000
250
84
1
1
0
1
0
0
1
0
0
1
2
1
1778
0
2
10
67108864
4000
1000
100
1
0
1
0
0
1

1
1
8
1
1792
0
2
10
67108864
1000
500
5
1
0
1
0
0
1

1
1
4
2
1818
0
2
10
134217728
1000
50
5
1
0
1
0
0
1

1
1
2
1
1824
0
0
9
67108864
1000
100
1
0
1
0
0
1

0
1
1
1
1845
0
2
10
134217728
4000
500
1
1
0
1
0
0
1

0
1
8
8
1856
0
0
9
134217728
3000
50
1
0
1
0
0
1

0
1
8
2
1880
0
0
9
67108864
2000
250
1
0
1
0
0
1

1
1
1
1
1883
0
0
9
268435456
2000
100
1
0
1
0
0
1

0
1
2
1
1889
0
0
9
268435456
1000
250
1
0
1
0
0
1

1
1
8
4
1900
0
2
10
67108864
2000
500
10
1
0
1
0
0
1

1
1
8
1
1908
0
1
11
134217728
1000
1000
20
0
1
0
1
0
0
1
1
1
1
1
1929
0
2
10
134217728
1000
100
1
1
0
1
0
0
1

0
1
2
2
1945
0
2
10
268435456
3000
50
1
1
0
1
0
0
1

0
1
4
2
1956
0
1
11
67108864
4000
50
0
0
1
0
1
0
0
1
0
1
2
1
1960
0
2
10
67108864
2000
500
10
1
0
1
0
0
1

1
1
4
1
1963
0
2
10
67108864
3000
1000
1
1
0
1
0
0
1

1
1
2
2
1969
0
2
10
67108864
4000
1000
1000
1
0
1
0
0
1

1
1
8
1
1995
0
0
9
268435456
2000
500
1
0
1
0
0
1

1
1
1
1
2012
0
0
9
268435456
2000
100
1
0
1
0
0
1

0
1
4
2
2015
0
1
12
268435456
3000
50
63
1
1
0
1
0
0
1
0
1
1
8
4
2036
0
1
11
268435456
3000
500
53
0
1
0
1
0
0
1
0
1
8
1
2040
0
1
12
134217728
3000
500
28
1
1
0
1
0
0
1
0
0
1
1
1
2046
0
2
10
134217728
3000
100
10
1
0
1
0
0
1

1
1
8
1
2064
0
0
9
67108864
4000
250
1
0
1
0
0
1

0
1
2
1
2081
0
0
9
268435456
3000
500
1
0
1
0
0
1

1
1
8
1
2085
0
2
10
134217728
4000
50
1
1
0
1
0
0
1

1
1
1
1
2105
0
1
12
67108864
1000
500
52
1
1
0
1
0
0
1
0
1
1
2
2
2129
0
1
11
134217728
4000
1000
17
0
1
0
1
0
0
1
0
1
8
4
2146
0
0
9
67108864
4000
50
1
0
1
0
0
1

0
1
1
1
2148
0
0
9
67108864
2000
250
1
0
1
0
0
1

1
1
8
2
2174
0
0
9
134217728
2000
500
1
0
1
0
0
1

1
1
2
1
2200
0
0
9
268435456
3000
500
1
0
1
0
0
1

1
1
2
2
2202
0
2
10
67108864
2000
50
10
1
0
1
0
0
1

1
1
4
2
2232
0
1
11
134217728
2000
100
14
0
1
0
1
0
0
1
1
1
4
1
2235
0
1
12
67108864
3000
100
93
1
1
0
1
0
0
1
0
0
1
2
2
2257
0
0
9
134217728
3000
500
1
0
1
0
0
1

1
1
8
1
2282
0
1
12
67108864
3000
1000
63
1
1
0
1
0
0
1
0
0
1
4
2
2303
0
1
11
268435456
1000
500
77
0
1
0
1
0
0
1
0
1
4
4
2325
0
2
10
268435456
1000
500
1
1
0
1
0
0
1

1
1
8
4
2354
0
0
9
268435456
3000
500
1
0
1
0
0
1

1
1
2
1
2379
0
0
9
134217728
3000
250
1
0
1
0
0
1

0
1
1
1
2382
0
2
10
134217728
2000
250
100
1
0
1
0
0
1

1
1
8
2
2390
0
2
10
134217728
3000
250
1
1
0
1
0
0
1

0
1
1
1
2395
0
0
9
268435456
1000
100
1
0
1
0
0
1

0
1
2
1
2422
0
1
11
67108864
1000
500
96
0
1
0
1
0
0
1
1
1
2
2
2433
0
2
10
134217728
3000
1000
100
1
0
1
0
0
1

0
1
1
1
2454
0
2
10
67108864
2000
500
5
1
0
1
0
0
1

1
1
1
1
2460
0
2
10
268435456
1000
50
100
1
0
1
0
0
1

1
1
2
2
2486
0
2
10
134217728
4000
100
1000
1
0
1
0
0
1

0
1
2
1
2515
0
0
9
67108864
4000
250
1
0
1
0
0
1

1
1
1
1
2517
0
0
9
134217728
4000
500
1
0
1
0
0
1

0
1
2
1
2523
0
2
10
67108864
4000
1000
10
1
0
1
0
0
1

0
1
1
1
2537
0
1
12
134217728
2000
50
27
1
1
0
1
0
0
1
0
1
1
2
1
2564
0
0
9
268435456
3000
250
1
0
1
0
0
1

1
1
4
2
2585
0
2
10
134217728
2000
50
100
1
0
1
0
0
1

1
1
4
4
2610
0
1
11
268435456
2000
100
98
0
1
0
1
0
0
1
1
1
2
2
2640
0
0
9
268435456
3000
500
1
0
1
0
0
1

0
1
1
1
2669
0
2
10
134217728
2000
50
1
1
0
1
0
0
1

0
1
2
1
2683
0
1
11
134217728
2000
50
11
0
1
0
1
0
0
1
0
1
4
1
2707
0
0
9
67108864
4000
1000
1
0
1
0
0
1

0
1
4
4
2731
0
1
11
268435456
1000
500
38
0
1
0
1
0
0
1
1
1
4
4
2732
0
0
9
67108864
1000
1000
1
0
1
0
0
1

0
1
8
8
2743
0
2
10
67108864
3000
1000
5
1
0
1
0
0
1

1
1
2
1
2761
0
0
9
268435456
3000
500
1
0
1
0
0
1

0
1
8
2
2769
0
1
12
67108864
2000
50
8
1
1
0
1
0
0
1
0
1
1
2
1
2791
0
2
10
134217728
3000
500
5
1
0
1
0
0
1

0
1
4
4
2819
0
0
9
134217728
2000
500
1
0
1
0
0
1

1
1
8
8
2825
0
2
10
134217728
4000
1000
1
1
0
1
0
0
1

1
1
4
4
2849
0
2
10
134217728
3000
250
5
1
0
1
0
0
1

0
1
8
4
2867
0
0
9
67108864
2000
50
1
0
1
0
0
1

1
1
2
1
2887
0
0
9
67108864
4000
500
1
0
1
0
0
1

1
1
8
8
2901
0
1
11
134217728
3000
100
23
0
1
0
1
0
0
1
0
1
1
1
2907
0
1
11
134217728
2000
100
29
0
1
0
1
0
0
1
1
1
2
1
2912
0
0
9
134217728
4000
1000
1
0
1
0
0
1

1
1
2
1
2942
0
0
9
67108864
1000
100
1
0
1
0
0
1

0
1
4
4
2948
0
2
10
268435456
3000
250
10
1
0
1
0
0
1

1
1
1
1
2952
0
2
10
67108864
3000
50
100
1
0
1
0
0
1

1
1
8
1
2979
0
1
12
134217728
4000
1000
13
1
1
0
1
0
0
1
0
0
1
8
4
3008
0
2
10
268435456
3000
50
100
1
0
1
0
0
1

1
1
4
2
3013
0
2
10
268435456
3000
500
1000
1
0
1
0
0
1

0
1
8
1
3041
0
1
12
268435456
1000
250
40
1
1
0
1
0
0
1
0
1
1
2
1
3062
0
1
12
67108864
3000
50
86
1
1
0
1
0
0
1
0
0
1
2
1
3071
0
2
10
268435456
1000
500
10
1
0
1
0
0
1

1
1
2
1
3097
0
0
9
268435456
2000
50
1
0
1
0
0
1

1
1
8
4
3118
0
1
11
268435456
3000
100
47
0
1
0
1
0
0
1
0
1
1
1
3131
0
0
9
67108864
4000
1000
1
0
1
0
0
1

1
1
8
2
3144
0
1
11
268435456
3000
100
6
0
1
0
1
0
0
1
0
1
1
1
3173
0
2
10
134217728
4000
1000
1
1
0
1
0
0
1

1
1
2
2
3199
0
1
11
67108864
2000
500
23
0
1
0
1
0
0
1
1
1
4
4
3215
0
0
9
268435456
1000
250
1
0
1
0
0
1

1
1
2
1
3244
0
1
12
67108864
1000
100
84
1
1
0
1
0
0
1
0
0
1
4
1
3249
0
2
10
67108864
3000
1000
5
1
0
1
0
0
1

0
1
2
1
3252
0
0
9
268435456
3000
250
1
0
1
0
0
1

0
1
2
2
3276
0
0
9
134217728
2000
1000
1
0
1
0
0
1

1
1
1
1
3279
0
0
9
268435456
2000
50
1
0
1
0
0
1

1
1
8
1
3281
0
1
11
67108864
3000
250
89
0
1
0
1
0
0
1
0
1
1
1
3287
0
1
12
67108864
2000
100
15
1
1
0
1
0
0
1
0
0
1
8
4
3305
0
1
11
134217728
2000
1000
80
0
1
0
1
0
0
1
0
1
8
4
3310
0
0
9
134217728
3000
50
1
0
1
0
0
1

1
1
4
2
3318
0
1
11
268435456
3000
250
5
0
1
0
1
0
0
1
1
1
4
1
3339
0
0
9
268435456
3000
500
1
0
1
0
0
1

1
1
2
1
3343
0
0
9
67108864
4000
100
1
0
1
0
0
1

1
1
1
1
3362
0
0
9
268435456
3000
50
1
0
1
0
0
1

1
1
1
1
3388
0
2
10
67108864
1000
100
10
1
0
1
0
0
1

0
1
1
1
3416
0
2
10
134217728
4000
1000
5
1
0
1
0
0
1

0
1
1
1
3424
0
1
12
67108864
4000
250
11
1
1
0
1
0
0
1
0
1
1
1
1
3440
0
2
10
134217728
3000
1000
100
1
0
1
0
0
1

1
1
2
1
3467
0
0
9
134217728
2000
250
1
0
1
0
0
1

1
1
8
1
3476
0
1
11
134217728
2000
500
20
0
1
0
1
0
0
1
0
1
2
1
3483
0
0
9
134217728
1000
1000
1
0
1
0
0
1

0
1
2
1
3511
0
0
9
268435456
2000
250
1
0
1
0
0
1

1
1
1
1
3539
0
1
11
134217728
4000
250
87
0
1
0
1
0
0
1
0
1
8
1
3541
0
2
10
134217728
1000
1000
5
1
0
1
0
0
1

0
1
4
4
3563
0
2
10
268435456
2000
100
1000
1
0
1
0
0
1

1
1
8
8
3573
0
1
12
268435456
1000
500
23
1
1
0
1
0
0
1
0
1
1
1
1
3602
0
1
12
134217728
1000
100
84
1
1
0
1
0
0
1
0
1
1
1
1
3620
0
2
10
268435456
3000
500
10
1
0
1
0
0
1

0
1
4
2
3644
0
1
12
134217728
1000
50
77
1
1
0
1
0
0
1
0
0
1
4
4
3668
0
2
10
268435456
1000
250
1
1
0
1
0
0
1

0
1
8
4
3674
0
2
10
268435456
3000
500
100
1
0
1
0
0
1

1
1
4
4
3675
0
0
9
134217728
1000
500
1
0
1
0
0
1

1
1
8
2
3687
0
1
12
268435456
2000
50
57
1
1
0
1
0
0
1
0
0
1
2
1
3714
0
0
9
268435456
1000
100
1
0
1
0
0
1

0
1
4
1
3738
0
2
10
268435456
3000
500
5
1
0
1
0
0
1

1
1
1
1
3762
0
0
9
67108864
3000
50
1
0
1
0
0
1

1
1
2
1
3784
0
2
10
268435456
1000
100
1000
1
0
1
0
0
1

1
1
2
1
3805
0
2
10
67108864
2000
250
1000
1
0
1
0
0
1

0
1
1
1
3808
0
0
9
268435456
3000
500
1
0
1
0
0
1

1
1
2
2
3834
0
0
9
67108864
3000
50
1
0
1
0
0
1

1
1
8
4
3859
0
0
9
268435456
2000
250
1
0
1
0
0
1

0
1
2
2
3880
0
2
10
268435456
2000
100
5
1
0
1
0
0
1

0
1
1
1
3894
0
0
9
268435456
2000
500
1
0
1
0
0
1

0
1
1
1
3924
0
1
12
268435456
2000
250
78
1
1
0
1
0
0
1
0
1
1
2
1
3942
0
2
10
268435456
3000
500
1000
1
0
1
0
0
1

0
1
1
1
3948
0
0
9
134217728
2000
50
1
0
1
0
0
1

0
1
8
2
3965
0
0
9
268435456
1000
500
1
0
1
0
0
1

0
1
2
1
3974
0
2
10
134217728
3000
100
10
1
0
1
0
0
1

1
1
2
1
3995
0
2
10
67108864
1000
100
1000
1
0
1
0
0
1

1
1
8
1
4001
0
2
10
134217728
4000
100
10
1
0
1
0
0
1

1
1
2
1
4030
0
2
10
134217728
4000
1000
10
1
0
1
0
0
1

0
1
1
1
4059
0
1
12
268435456
1000
500
70
1
1
0
1
0
0
1
0
1
1
2
1
4078
0
0
9
134217728
4000
500
1
0
1
0
0
1

0
1
2
1
4100
0
1
12
134217728
1000
100
28
1
1
0
1
0
0
1
0
0
1
8
2
4117
0
1
11
67108864
1000
1000
89
0
1
0
1
0
0
1
1
1
8
4
4133
0
0
9
67108864
3000
1000
1
0
1
0
0
1

1
1
1
1
4138
0
0
9
134217728
1000
250
1
0
1
0
0
1

1
1
2
1
4149
0
2
10
268435456
1000
100
100
1
0
1
0
0
1

0
1
8
8
4173
0
0
9
67108864
1000
100
1
0
1
0
0
1

1
1
1
1
4177
0
1
11
134217728
1000
100
40
0
1
0
1
0
0
1
1
1
8
4
4197
0
0
9
268435456
3000
250
1
0
1
0
0
1

0
1
8
1
4208
0
0
9
134217728
1000
250
1
0
1
0
0
1

0
1
2
1
4226
0
1
12
268435456
3000
500
69
1
1
0
1
0
0
1
0
1
1
4
2
4243
0
1
12
134217728
1000
500
40
1
1
0
1
0
0
1
0
0
1
1
1
4248
0
0
9
67108864
1000
500
1
0
1
0
0
1

0
1
8
2
4268
0
0
9
268435456
3000
100
1
0
1
0
0
1

1
1
4
4
4290
0
0
9
134217728
3000
100
1
0
1
0
0
1

0
1
8
1
4298
0
2
10
268435456
2000
500
100
1
0
1
0
0
1

1
1
4
2
4304
0
2
10
67108864
2000
1000
5
1
0
1
0
0
1

1
1
1
1
4331
0
1
12
268435456
3000
250
20
1
1
0
1
0
0
1
0
1
1
1
1
4353
0
0
9
67108864
3000
1000
1
0
1
0
0
1

0
1
4
4
4378
0
2
10
134217728
2000
500
1000
1
0
1
0
0
1

1
1
8
2
4380
0
1
12
134217728
3000
1000
38
1
1
0
1
0
0
1
0
0
1
8
8
4388
0
2
10
268435456
3000
100
5
1
0
1
0
0
1

0
1
1
1
4395
0
2
10
67108864
2000
1000
100
1
0
1
0
0
1

0
1
1
1
4420
0
0
9
268435456
3000
250
1
0
1
0
0
1

1
1
2
1
4448
0
2
10
268435456
2000
500
10
1
0
1
0
0
1

0
1
1
1
4477
0
2
10
67108864
1000
1000
1000
1
0
1
0
0
1

1
1
4
2
4490
0
2
10
134217728
2000
500
10
1
0
1
0
0
1

1
1
2
1
4520
0
0
9
268435456
3000
500
1
0
1
0
0
1

1
1
8
2
4543
0
0
9
134217728
2000
500
1
0
1
0
0
1

1
1
8
8
4569
0
0
9
134217728
3000
250
1
0
1
0
0
1

1
1
2
1
4598
0
2
10
67108864
4000
1000
1000
1
0
1
0
0
1

0
1
2
1
4614
0
1
11
268435456
3000
250
42
0
1
0
1
0
0
1
1
1
4
2
4635
0
1
11
268435456
1000
100
3
0
1
0
1
0
0
1
0
1
1
1
4650
0
0
9
268435456
1000
100
1
0
1
0
0
1

0
1
8
8
4652
0
2
10
268435456
3000
250
1000
1
0
1
0
0
1

1
1
1
1
4658
0
1
11
67108864
2000
50
69
0
1
0
1
0
0
1
1
1
2
2
4686
0
1
12
134217728
4000
1000
70
1
1
0
1
0
0
1
0
0
1
2
1
4694
0
1
12
268435456
3000
500
21
1
1
0
1
0
0
1
0
1
1
2
2
4697
0
2
10
268435456
3000
250
10
1
0
1
0
0
1

1
1
4
2
4716
0
2
10
268435456
3000
500
1000
1
0
1
0
0
1

0
1
2
1
4742
0
1
12
268435456
1000
100
7
1
1
0
1
0
0
1
0
1
1
2
2
4755
0
0
9
134217728
1000
1000
1
0
1
0
0
1

1
1
1
1
4773
0
1
12
67108864
1000
1000
35
1
1
0
1
0
0
1
0
0
1
8
2
4781
0
2
10
268435456
1000
250
1
1
0
1
0
0
1

1
1
2
1
4803
0
1
12
67108864
2000
500
64
1
1
0
1
0
0
1
0
0
1
8
8
4831
0
2
10
268435456
1000
100
1000
1
0
1
0
0
1

0
1
8
2
4837
0
2
10
134217728
1000
50
5
1
0
1
0
0
1

1
1
1
1
4854
0
1
12
268435456
3000
100
69
1
1
0
1
0
0
1
0
1
1
1
1
4863
0
2
10
67108864
4000
100
10
1
0
1
0
0
1

1
1
4
1
4881
0
0
9
67108864
2000
100
1
0
1
0
0
1

1
1
1
1
4899
0
1
12
268435456
1000
100
27
1
1
0
1
0
0
1
0
0
1
1
1
4907
0
2
10
134217728
3000
250
1000
1
0
1
0
0
1

1
1
1
1
4911
0
2
10
134217728
4000
1000
5
1
0
1
0
0
1

0
1
8
1
4923
0
2
10
134217728
4000
250
100
1
0
1
0
0
1

0
1
8
1
4947
0
1
11
268435456
1000
500
33
0
1
0
1
0
0
1
0
1
8
1
4960
0
2
10
268435456
1000
500
1000
1
0
1
0
0
1

0
1
8
8
4971
0
2
10
134217728
3000
50
5
1
0
1
0
0
1

0
1
1
1
5001
0
1
12
134217728
1000
50
25
1
1
0
1
0
0
1
0
0
1
2
2
5025
0
0
9
134217728
2000
100
1
0
1
0
0
1

1
1
4
2
5044
0
2
10
134217728
2000
500
100
1
0
1
0
0
1

1
1
4
1
5054
0
1
12
134217728
1000
1000
90
1
1
0
1
0
0
1
0
0
1
8
8
5060
0
2
10
67108864
3000
500
5
1
0
1
0
0
1

0
1
2
1
5061
0
0
9
67108864
2000
250
1
0
1
0
0
1

0
1
2
2
5067
0
0
9
67108864
2000
1000
1
0
1
0
0
1

0
1
4
2
5078
0
2
10
134217728
3000
100
100
1
0
1
0
0
1

0
1
1
1
5084
0
0
9
67108864
4000
500
1
0
1
0
0
1

1
1
2
1
5085
0
0
9
134217728
1000
50
1
0
1
0
0
1

1
1
2
1
5114
0
1
12
67108864
3000
250
27
1
1
0
1
0
0
1
0
0
1
2
1
5140
0
0
9
67108864
1000
50
1
0
1
0
0
1

0
1
1
1
5147
0
2
10
268435456
2000
500
5
1
0
1
0
0
1

1
1
4
2
5165
0
0
9
268435456
3000
500
1
0
1
0
0
1

0
1
8
2
5173
0
0
9
67108864
1000
100
1
0
1
0
0
1

0
1
8
4
5192
0
1
12
134217728
2000
500
16
1
1
0
1
0
0
1
0
0
1
8
4
5195
0
2
10
67108864
3000
1000
10
1
0
1
0
0
1

0
1
8
8
5205
0
1
12
134217728
3000
100
88
1
1
0
1
0
0
1
0
1
1
2
1
5228
0
1
12
268435456
3000
250
9
1
1
0
1
0
0
1
0
0
1
4
1
5247
0
2
10
67108864
2000
1000
5
1
0
1
0
0
1

0
1
2
1
5254
0
2
10
268435456
3000
500
1000
1
0
1
0
0
1

0
1
8
1
5282
0
0
9
67108864
3000
500
1
0
1
0
0
1

0
1
1
1
5312
0
2
10
134217728
2000
1000
100
1
0
1
0
0
1

1
1
1
1
5317
0
2
10
134217728
3000
250
10
1
0
1
0
0
1

1
1
2
1
5338
0
0
9
268435456
3000
100
1
0
1
0
0
1

1
1
4
1
5343
0
2
10
67108864
2000
1000
5
1
0
1
0
0
1

0
1
8
2
5354
0
1
11
134217728
1000
500
18
0
1
0
1
0
0
1
1
1
2
2
5382
0
1
12
67108864
4000
250
20
1
1
0
1
0
0
1
0
0
1
8
4
5392
0
2
10
67108864
3000
1000
10
1
0
1
0
0
1

0
1
1
1
5412
0
0
9
134217728
4000
500
1
0
1
0
0
1

0
1
2
1
5420
0
1
12
268435456
2000
500
55
1
1
0
1
0
0
1
0
0
1
4
4
5430
0
2
10
268435456
1000
250
1000
1
0
1
0
0
1

0
1
8
2
5435
0
0
9
134217728
3000
50
1
0
1
0
0
1

0
1
4
2
5437
0
0
9
67108864
3000
50
1
0
1
0
0
1

1
1
1
1
5445
0
0
9
268435456
2000
250
1
0
1
0
0
1

0
1
1
1
5454
0
0
9
134217728
3000
250
1
0
1
0
0
1

1
1
1
1
5474
0
2
10
134217728
1000
100
100
1
0
1
0
0
1

0
1
2
1
5501
0
0
9
67108864
3000
50
1
0
1
0
0
1

0
1
4
2
5513
0
1
12
134217728
1000
50
76
1
1
0
1
0
0
1
0
1
1
1
1
5538
0
1
11
134217728
2000
250
11
0
1
0
1
0
0
1
0
1
2
1
5548
0
1
12
67108864
3000
50
25
1
1
0
1
0
0
1
0
0
1
8
4
5559
0
0
9
268435456
3000
100
1
0
1
0
0
1

1
1
1
1
5585
0
2
10
268435456
2000
50
1
1
0
1
0
0
1

1
1
4
4
5594
0
2
10
134217728
2000
500
10
1
0
1
0
0
1

0
1
8
2
5596
0
0
9
134217728
3000
1000
1
0
1
0
0
1

1
1
8
8
5617
0
2
10
134217728
3000
1000
1
1
0
1
0
0
1

1
1
4
4
5631
0
0
9
134217728
1000
250
1
0
1
0
0
1

0
1
2
1
5633
0
1
12
268435456
2000
50
48
1
1
0
1
0
0
1
0
1
1
1
1
5642
0
1
12
67108864
3000
100
36
1
1
0
1
0
0
1
0
0
1
4
2
5649
0
1
12
134217728
3000
500
52
1
1
0
1
0
0
1
0
1
1
2
2
5672
0
2
10
268435456
3000
250
1
1
0
1
0
0
1

0
1
2
2
5692
0
0
9
67108864
4000
1000
1
0
1
0
0
1

1
1
2
2
5719
0
1
12
67108864
4000
100
35
1
1
0
1
0
0
1
0
0
1
1
1
5734
0
0
9
134217728
2000
100
1
0
1
0
0
1

0
1
8
1
5740
0
0
9
268435456
3000
250
1
0
1
0
0
1

0
1
2
1
5742
0
2
10
67108864
4000
1000
1000
1
0
1
0
0
1

0
1
8
2
5772
0
2
10
268435456
2000
500
1000
1
0
1
0
0
1

0
1
8
4
5797
0
0
9
134217728
4000
50
1
0
1
0
0
1

0
1
4
2
5814
0
2
10
134217728
4000
500
100
1
0
1
0
0
1

1
1
2
1
5824
0
2
10
134217728
3000
1000
1000
1
0
1
0
0
1

1
1
2
1
5850
0
0
9
134217728
1000
250
1
0
1
0
0
1

0
1
4
2
5856
0
1
12
134217728
4000
100
47
1
1
0
1
0
0
1
0
0
1
1
1
5880
0
0
9
67108864
3000
1000
1
0
1
0
0
1

0
1
8
4
5891
0
2
10
134217728
4000
250
100
1
0
1
0
0
1

1
1
2
1
5904
0
0
9
134217728
1000
1000
1
0
1
0
0
1

1
1
2
1
5927
0
2
10
67108864
2000
250
100
1
0
1
0
0
1

0
1
4
2
5931
0
2
10
67108864
4000
1000
100
1
0
1
0
0
1

0
1
2
1
5951
0
1
11
268435456
3000
500
1
0
1
0
1
0
0
1
0
1
8
4
5978
0
2
10
67108864
3000
500
10
1
0
1
0
0
1

1
1
2
1
5984
0
1
12
67108864
2000
50
74
1
1
0
1
0
0
1
0
1
1
1
1
5992
0
0
9
268435456
3000
500
1
0
1
0
0
1

1
1
1
1
5998
0
2
10
134217728
4000
1000
1
1
0
1
0
0
1

1
1
8
8
6004
0
2
10
268435456
3000
50
5
1
0
1
0
0
1

1
1
4
4
6020
0
1
12
67108864
4000
50
46
1
1
0
1
0
0
1
0
1
1
2
1
6023
0
1
12
268435456
3000
50
11
1
1
0
1
0
0
1
0
0
1
2
1
6027
0
2
10
268435456
3000
100
1
1
0
1
0
0
1

1
1
2
1
6040
0
1
11
134217728
1000
500
24
0
1
0
1
0
0
1
0
1
2
1
6066
0
2
10
268435456
2000
500
100
1
0
1
0
0
1

1
1
4
4
6075
0
1
12
134217728
2000
50
32
1
1
0
1
0
0
1
0
1
1
2
1
6102
0
2
10
67108864
2000
100
10
1
0
1
0
0
1

0
1
8
2
6119
0
2
10
268435456
1000
500
1000
1
0
1
0
0
1

1
1
1
1
6124
0
0
9
134217728
2000
50
1
0
1
0
0
1

1
1
2
1
6131
0
1
11
134217728
2000
250
35
0
1
0
1
0
0
1
1
1
4
4
6147
0
1
12
268435456
1000
250
35
1
1
0
1
0
0
1
0
0
1
1
1
6163
0
2
10
268435456
3000
50
5
1
0
1
0
0
1

1
1
8
8
6185
0
2
10
134217728
3000
50
1
1
0
1
0
0
1

1
1
4
2
6197
0
1
12
67108864
3000
50
73
1
1
0
1
0
0
1
0
0
1
4
4
6220
0
1
12
67108864
2000
50
65
1
1
0
1
0
0
1
0
1
1
2
1
6240
0
0
9
268435456
1000
50
1
0
1
0
0
1

1
1
2
2
6248
0
0
9
67108864
1000
250
1
0
1
0
0
1

1
1
8
8
6266
0
2
10
67108864
1000
500
10
1
0
1
0
0
1

0
1
8
2
6288
0
1
12
268435456
3000
250
1
1
1
0
1
0
0
1
0
0
1
1
1
6305
0
0
9
67108864
3000
250
1
0
1
0
0
1

1
1
4
2
6312
0
0
9
67108864
3000
100
1
0
1
0
0
1

1
1
4
4
6335
0
0
9
67108864
4000
1000
1
0
1
0
0
1

1
1
4
2
6340
0
2
10
134217728
4000
250
1
1
0
1
0
0
1

1
1
4
4
6364
0
1
12
268435456
2000
50
9
1
1
0
1
0
0
1
0
0
1
4
1
6389
0
0
9
268435456
3000
50
1
0
1
0
0
1

1
1
8
2
6395
0
0
9
268435456
3000
500
1
0
1
0
0
1

1
1
4
2
6398
0
2
10
268435456
3000
100
100
1
0
1
0
0
1

0
1
8
8
6399
0
2
10
67108864
2000
250
5
1
0
1
0
0
1

1
1
8
2
6402
0
0
9
134217728
3000
250
1
0
1
0
0
1

1
1
2
1
6425
0
2
10
67108864
3000
1000
10
1
0
1
0
0
1

0
1
2
2
6450
0
0
9
67108864
3000
1000
1
0
1
0
0
1

1
1
1
1
6477
0
1
11
268435456
3000
500
81
0
1
0
1
0
0
1
0
1
2
1
6484
0
1
11
134217728
3000
50
11
0
1
0
1
0
0
1
0
1
4
1
6491
0
2
10
134217728
3000
50
5
1
0
1
0
0
1

1
1
2
1
6518
0
2
10
67108864
1000
500
1
1
0
1
0
0
1

1
1
1
1
6536
0
2
10
134217728
4000
1000
5
1
0
1
0
0
1

0
1
1
1
6539
0
1
12
67108864
2000
1000
60
1
1
0
1
0
0
1
0
0
1
8
4
6559
0
2
10
67108864
1000
1000
1
1
0
1
0
0
1

0
1
8
2
6582
0
2
10
134217728
3000
250
10
1
0
1
0
0
1

1
1
2
1
6607
0
2
10
268435456
3000
500
100
1
0
1
0
0
1

1
1
1
1
6627
0
0
9
134217728
3000
50
1
0
1
0
0
1

1
1
2
1
6637
0
1
11
134217728
2000
1000
40
0
1
0
1
0
0
1
1
1
8
2
6648
0
0
9
67108864
3000
1000
1
0
1
0
0
1

0
1
2
1
6656
0
2
10
67108864
2000
500
10
1
0
1
0
0
1

1
1
4
2
6673
0
1
12
268435456
3000
250
88
1
1
0
1
0
0
1
0
1
1
8
1
6682
0
1
12
67108864
3000
50
22
1
1
0
1
0
0
1
0
1
1
2
2
6690
0
2
10
134217728
1000
1000
100
1
0
1
0
0
1

1
1
4
2
6714
0
1
11
134217728
4000
500
78
0
1
0
1
0
0
1
1
1
2
1
6731
0
1
12
268435456
3000
500
93
1
1
0
1
0
0
1
0
1
1
2
1
6735
0
0
9
67108864
4000
500
1
0
1
0
0
1

0
1
8
1
6749
0
0
9
134217728
2000
100
1
0
1
0
0
1

0
1
4
2
6769
0
0
9
67108864
3000
500
1
0
1
0
0
1

0
1
8
4
6773
0
1
12
268435456
3000
50
29
1
1
0
1
0
0
1
0
0
1
4
2
6778
0
1
12
268435456
3000
500
75
1
1
0
1
0
0
1
0
0
1
2
2
6787
0
0
9
134217728
3000
250
1
0
1
0
0
1

1
1
4
4
6804
0
2
10
268435456
3000
500
100
1
0
1
0
0
1

1
1
8
1
6833
0
1
11
268435456
1000
500
3
0
1
0
1
0
0
1
0
1
1
1
6858
0
0
9
134217728
1000
250
1
0
1
0
0
1

0
1
4
4
6880
0
1
11
268435456
1000
250
44
0
1
0
1
0
0
1
1
1
4
4
6909
0
2
10
67108864
3000
250
10
1
0
1
0
0
1

0
1
4
2
6919
0
2
10
67108864
2000
250
5
1
0
1
0
0
1

1
1
1
1
6935
0
2
10
134217728
2000
1000
1000
1
0
1
0
0
1

1
1
4
2
6940
0
1
11
268435456
1000
100
97
0
1
0
1
0
0
1
1
1
2
1
6948
0
0
9
134217728
4000
100
1
0
1
0
0
1

0
1
4
1
6978
0
0
9
268435456
1000
250
1
0
1
0
0
1

1
1
8
4
6989
0
0
9
67108864
2000
250
1
0
1
0
0
1

0
1
8
8
7018
0
0
9
134217728
4000
500
1
0
1
0
0
1

1
1
4
1
7021
0
1
12
67108864
1000
100
94
1
1
0
1
0
0
1
0
1
1
8
2
7047
0
1
11
67108864
2000
100
9
0
1
0
1
0
0
1
1
1
2
2
7057
0
0
9
134217728
2000
50
1
0
1
0
0
1

1
1
8
8
7082
0
1
12
67108864
3000
500
61
1
1
0
1
0
0
1
0
1
1
8
4
7110
0
0
9
67108864
3000
1000
1
0
1
0
0
1

0
1
4
2
7138
0
2
10
67108864
2000
500
1
1
0
1
0
0
1

0
1
1
1
7160
0
2
10
67108864
4000
100
1
1
0
1
0
0
1

1
1
2
1
7167
0
1
11
134217728
1000
1000
36
0
1
0
1
0
0
1
0
1
8
1
7185
0
0
9
67108864
2000
250
1
0
1
0
0
1

0
1
2
1
7214
0
2
10
268435456
2000
500
1
1
0
1
0
0
1

0
1
4
4
7222
0
1
11
268435456
3000
100
67
0
1
0
1
0
0
1
1
1
2
2
7250
0
2
10
268435456
1000
250
10
1
0
1
0
0
1

1
1
8
4
7257
0
2
10
134217728
2000
50
10
1
0
1
0
0
1

1
1
2
1
7286
0
2
10
67108864
2000
50
10
1
0
1
0
0
1

0
1
2
1
7302
0
0
9
67108864
2000
50
1
0
1
0
0
1

1
1
4
2
7321
0
0
9
67108864
1000
500
1
0
1
0
0
1

0
1
8
4
7330
0
1
12
67108864
4000
100
75
1
1
0
1
0
0
1
0
0
1
4
2
7354
0
2
10
268435456
2000
500
5
1
0
1
0
0
1

1
1
2
1
7362
0
2
10
134217728
4000
250
5
1
0
1
0
0
1

0
1
2
1
7365
0
0
9
268435456
3000
100
1
0
1
0
0
1

0
1
4
4
7371
0
2
10
67108864
1000
250
5
1
0
1
0
0
1

0
1
2
1
7395
0
0
9
268435456
3000
50
1
0
1
0
0
1

1
1
8
1
7404
0
1
12
134217728
1000
250
77
1
1
0
1
0
0
1
0
0
1
2
2
7413
0
1
11
67108864
2000
100
57
0
1
0
1
0
0
1
0
1
4
2
7424
0
1
12
268435456
2000
250
97
1
1
0
1
0
0
1
0
0
1
8
2
7453
0
0
9
268435456
3000
50
1
0
1
0
0
1

0
1
1
1
7473
0
0
9
134217728
2000
1000
1
0
1
0
0
1

1
1
1
1
7494
0
0
9
134217728
4000
500
1
0
1
0
0
1

0
1
8
8
7496
0
0
9
268435456
2000
100
1
0
1
0
0
1

1
1
8
4
7513
0
0
9
268435456
3000
250
1
0
1
0
0
1

0
1
1
1
7534
0
0
9
134217728
3000
50
1
0
1
0
0
1

0
1
4
4
7550
0
2
10
134217728
3000
50
10
1
0
1
0
0
1

0
1
8
8
7570
0
0
9
268435456
3000
50
1
0
1
0
0
1

1
1
1
1
7584
0
0
9
67108864
3000
500
1
0
1
0
0
1

0
1
4
4
7589
0
0
9
134217728
3000
100
1
0
1
0
0
1

0
1
1
1
7597
0
1
12
67108864
4000
1000
21
1
1
0
1
0
0
1
0
0
1
4
1
7622
0
2
10
134217728
3000
500
10
1
0
1
0
0
1

1
1
8
8
7628
0
2
10
134217728
2000
100
1000
1
0
1
0
0
1

1
1
4
2
7630
0
2
10
67108864
4000
1000
10
1
0
1
0
0
1

1
1
2
2
7639
0
2
10
268435456
1000
500
5
1
0
1
0
0
1

0
1
8
2
7662
0
0
9
268435456
3000
100
1
0
1
0
0
1

0
1
8
4
7682
0
2
10
67108864
4000
250
100
1
0
1
0
0
1

1
1
1
1
7711
0
2
10
268435456
3000
250
5
1
0
1
0
0
1

0
1
4
1
7730
0
2
10
67108864
1000
500
5
1
0
1
0
0
1

0
1
4
1
7758
0
0
9
268435456
3000
500
1
0
1
0
0
1

1
1
8
4
7769
0
1
11
268435456
3000
500
12
0
1
0
1
0
0
1
1
1
8
8
7792
0
0
9
268435456
1000
50
1
0
1
0
0
1

1
1
2
1
7820
0
1
12
67108864
1000
50
23
1
1
0
1
0
0
1
0
0
1
4
4
7842
0
0
9
67108864
3000
1000
1
0
1
0
0
1

1
1
4
1
7849
0
2
10
67108864
2000
1000
1000
1
0
1
0
0
1

0
1
2
1
7872
0
2
10
268435456
1000
500
1
1
0
1
0
0
1

1
1
8
1
7874
0
0
9
67108864
2000
250
1
0
1
0
0
1

1
1
1
1
7902
0
1
12
134217728
4000
50
11
1
1
0
1
0
0
1
0
1
1
2
2
7909
0
0
9
67108864
2000
100
1
0
1
0
0
1

0
1
4
4
7928
0
2
10
134217728
3000
250
100
1
0
1
0
0
1

1
1
2
2
7935
0
2
10
67108864
1000
100
1
1
0
1
0
0
1

0
1
2
1
7942
0
1
11
67108864
1000
1000
61
0
1
0
1
0
0
1
1
1
1
1
7959
0
0
9
67108864
2000
100
1
0
1
0
0
1

1
1
8
8
7967
0
1
11
268435456
2000
250
45
0
1
0
1
0
0
1
0
1
2
1
7970
0
0
9
67108864
3000
50
1
0
1
0
0
1

0
1
4
2
7978
0
2
10
134217728
2000
250
5
1
0
1
0
0
1

0
1
8
2
7996
0
0
9
67108864
3000
100
1
0
1
0
0
1

0
1
1
1
8000
0
0
9
134217728
4000
100
1
0
1
0
0
1

1
1
2
2
8014
0
2
10
268435456
3000
50
1000
1
0
1
0
0
1

0
1
8
2
8016
0
2
10
67108864
3000
1000
1000
1
0
1
0
0
1

0
1
4
4
8045
0
0
9
67108864
4000
100
1
0
1
0
0
1

1
1
8
2
8050
0
2
10
67108864
2000
1000
5
1
0
1
0
0
1

1
1
8
2
8051
0
0
9
134217728
4000
50
1
0
1
0
0
1

1
1
1
1
8061
0
0
9
67108864
3000
250
1
0
1
0
0
1

0
1
4
4
8080
0
1
11
134217728
2000
250
37
0
1
0
1
0
0
1
1
1
2
2
8090
0
0
9
134217728
1000
500
1
0
1
0
0
1

0
1
4
4
8111
0
2
10
67108864
4000
250
1
1
0
1
0
0
1

1
1
8
4
8138
0
1
11
268435456
3000
250
57
0
1
0
1
0
0
1
1
1
1
1
8147
0
0
9
268435456
2000
250
1
0
1
0
0
1

0
1
1
1
8149
0
1
12
268435456
3000
100
87
1
1
0
1
0
0
1
0
0
1
4
2
8158
0
0
9
67108864
4000
500
1
0
1
0
0
1

1
1
2
1
8176
0
0
9
134217728
4000
250
1
0
1
0
0
1

1
1
8
8
8192
0
2
10
134217728
2000
500
10
1
0
1
0
0
1

0
1
8
2
8193
0
0
9
67108864
3000
250
1
0
1
0
0
1

1
1
2
1
8203
0
1
12
268435456
2000
250
12
1
1
0
1
0
0
1
0
0
1
2
1
8229
0
1
12
268435456
3000
50
40
1
1
0
1
0
0
1
0
0
1
2
2
8252
0
2
10
134217728
3000
250
1
1
0
1
0
0
1

0
1
8
2
8275
0
2
10
134217728
1000
500
1000
1
0
1
0
0
1

1
1
4
4
8294
0
0
9
67108864
3000
1000
1
0
1
0
0
1

1
1
8
2
8318
0
1
12
268435456
3000
500
24
1
1
0
1
0
0
1
0
0
1
1
1
8325
0
0
9
268435456
3000
250
1
0
1
0
0
1

1
1
2
2
8340
0
2
10
67108864
2000
1000
10
1
0
1
0
0
1

1
1
2
1
8365
0
2
10
268435456
1000
100
5
1
0
1
0
0
1

1
1
2
1
8387
0
2
10
134217728
4000
250
1
1
0
1
0
0
1

0
1
8
8
8401
0
2
10
268435456
2000
500
1
1
0
1
0
0
1

0
1
1
1
8409
0
1
11
134217728
4000
100
35
0
1
0
1
0
0
1
0
1
4
1
8436
0
2
10
67108864
2000
1000
5
1
0
1
0
0
1

1
1
2
1
8442
0
0
9
134217728
2000
1000
1
0
1
0
0
1

0
1
8
2
8459
0
2
10
268435456
2000
100
5
1
0
1
0
0
1

1
1
8
4
8487
0
2
10
268435456
2000
250
1
1
0
1
0
0
1

1
1
8
2
8509
0
2
10
268435456
2000
250
5
1
0
1
0
0
1

0
1
4
2
8533
0
1
11
134217728
4000
250
39
0
1
0
1
0
0
1
1
1
2
1
8562
0
1
12
134217728
2000
50
44
1
1
0
1
0
0
1
0
0
1
8
8
8578
0
0
9
67108864
4000
50
1
0
1
0
0
1

1
1
8
8
8591
0
0
9
67108864
2000
250
1
0
1
0
0
1

0
1
2
2
8613
0
1
11
67108864
3000
500
59
0
1
0
1
0
0
1
0
1
4
1
8615
0
0
9
268435456
2000
500
1
0
1
0
0
1

1
1
8
1
8629
0
1
12
268435456
1000
50
68
1
1
0
1
0
0
1
0
0
1
8
4
8640
0
2
10
134217728
1000
1000
10
1
0
1
0
0
1

0
1
8
4
8666
0
1
11
134217728
1000
100
57
0
1
0
1
0
0
1
1
1
8
8
8674
0
2
10
67108864
3000
50
100
1
0
1
0
0
1

0
1
4
2
8684
0
2
10
268435456
1000
50
100
1
0
1
0
0
1

1
1
4
1
8689
0
2
10
268435456
2000
500
100
1
0
1
0
0
1

1
1
2
1
8693
0
1
12
134217728
1000
1000
83
1
1
0
1
0
0
1
0
0
1
8
4
8722
0
2
10
268435456
3000
500
10
1
0
1
0
0
1

1
1
2
1
8746
0
2
10
134217728
2000
50
100
1
0
1
0
0
1

0
1
2
1
8761
0
1
12
134217728
2000
250
60
1
1
0
1
0
0
1
0
1
1
4
1
8763
0
1
11
134217728
4000
50
60
0
1
0
1
0
0
1
0
1
4
2
8790
0
2
10
134217728
3000
500
5
1
0
1
0
0
1

1
1
2
1
8798
0
1
11
134217728
3000
250
61
0
1
0
1
0
0
1
1
1
1
1
8820
0
1
11
67108864
2000
50
88
0
1
0
1
0
0
1
0
1
8
2
8821
0
1
11
268435456
3000
100
31
0
1
0
1
0
0
1
1
1
8
2
8822
0
2
10
134217728
2000
50
100
1
0
1
0
0
1

1
1
1
1
8843
0
2
10
134217728
2000
250
100
1
0
1
0
0
1

1
1
8
4
8864
0
0
9
268435456
3000
500
1
0
1
0
0
1

1
1
8
1
8880
0
1
11
134217728
4000
100
3
0
1
0
1
0
0
1
1
1
1
1
8883
0
2
10
67108864
4000
100
1000
1
0
1
0
0
1

0
1
1
1
8886
0
0
9
268435456
2000
50
1
0
1
0
0
1

1
1
8
1
8899
0
2
10
134217728
2000
250
10
1
0
1
0
0
1

0
1
8
8
8916
0
2
10
67108864
2000
250
10
1
0
1
0
0
1

1
1
8
8
8925
0
0
9
134217728
2000
250
1
0
1
0
0
1

1
1
1
1
8937
0
1
12
67108864
4000
250
47
1
1
0
1
0
0
1
0
1
1
1
1
8938
0
1
12
67108864
3000
100
63
1
1
0
1
0
0
1
0
0
1
1
1
8956
0
2
10
134217728
3000
1000
10
1
0
1
0
0
1

1
1
4
2
8958
0
1
11
67108864
2000
500
6
0
1
0
1
0
0
1
0
1
4
2
8975
0
2
10
67108864
2000
50
10
1
0
1
0
0
1

0
1
8
4
8978
0
2
10
67108864
1000
500
1
1
0
1
0
0
1

0
1
8
4
8996
0
2
10
268435456
2000
50
5
1
0
1
0
0
1

0
1
4
1
9008
0
2
10
134217728
1000
500
5
1
0
1
0
0
1

0
1
8
1
9012
0
2
10
134217728
1000
1000
1
1
0
1
0
0
1

1
1
4
4
9031
0
1
11
67108864
4000
500
46
0
1
0
1
0
0
1
0
1
8
2
9052
0
2
10
268435456
3000
250
1000
1
0
1
0
0
1

1
1
2
2
9082
0
2
10
268435456
2000
50
100
1
0
1
0
0
1

0
1
8
8
9090
0
1
11
134217728
4000
250
54
0
1
0
1
0
0
1
0
1
8
4
9120
0
1
12
268435456
3000
50
77
1
1
0
1
0
0
1
0
1
1
1
1
9121
0
1
12
134217728
3000
500
51
1
1
0
1
0
0
1
0
1
1
8
4
9149
0
2
10
268435456
1000
100
100
1
0
1
0
0
1

1
1
2
1
9178
0
0
9
134217728
1000
1000
1
0
1
0
0
1

0
1
1
1
9186
0
0
9
134217728
1000
1000
1
0
1
0
0
1

1
1
8
1
9199
0
0
9
67108864
3000
50
1
0
1
0
0
1

0
1
2
2
9213
0
2
10
134217728
4000
50
1000
1
0
1
0
0
1

0
1
4
2
9215
0
2
10
134217728
2000
100
1000
1
0
1
0
0
1

0
1
4
1
9240
0
0
9
67108864
4000
1000
1
0
1
0
0
1

1
1
8
8
9270
0
2
10
134217728
2000
100
1
1
0
1
0
0
1

0
1
1
1
9275
0
0
9
134217728
2000
250
1
0
1
0
0
1

1
1
1
1
9287
0
2
10
268435456
3000
250
10
1
0
1
0
0
1

0
1
8
8
9297
0
0
9
134217728
1000
50
1
0
1
0
0
1

0
1
1
1
9314
0
2
10
67108864
4000
1000
5
1
0
1
0
0
1

0
1
2
2
9336
0
1
11
67108864
2000
500
77
0
1
0
1
0
0
1
0
1
2
1
9359
0
0
9
134217728
1000
500
1
0
1
0
0
1

0
1
1
1
9368
0
2
10
67108864
4000
1000
10
1
0
1
0
0
1

1
1
2
2
9384
0
1
11
268435456
1000
50
5
0
1
0
1
0
0
1
0
1
8
1
9393
0
1
12
67108864
3000
500
95
1
1
0
1
0
0
1
0
0
1
1
1
9400
0
1
12
134217728
2000
250
7
1
1
0
1
0
0
1
0
0
1
8
4
9422
0
1
12
67108864
2000
250
68
1
1
0
1
0
0
1
0
1
1
2
2
9430
0
0
9
268435456
3000
50
1
0
1
0
0
1

1
1
8
1
9450
0
1
12
67108864
3000
500
2
1
1
0
1
0
0
1
0
1
1
4
2
9459
0
0
9
67108864
3000
250
1
0
1
0
0
1

0
1
4
4
9462
0
0
9
67108864
2000
500
1
0
1
0
0
1

1
1
2
1
9492
0
1
11
134217728
1000
1000
65
0
1
0
1
0
0
1
0
1
2
1
9495
0
0
9
268435456
3000
500
1
0
1
0
0
1

0
1
1
1
9507
0
1
11
67108864
1000
500
5
0
1
0
1
0
0
1
1
1
2
1
9517
0
1
11
134217728
3000
250
94
0
1
0
1
0
0
1
0
1
2
2
9535
0
2
10
67108864
1000
1000
100
1
0
1
0
0
1

1
1
1
1
9558
0
1
11
134217728
1000
100
26
0
1
0
1
0
0
1
0
1
2
1
9562
0
0
9
67108864
1000
1000
1
0
1
0
0
1

1
1
1
1
9576
0
1
11
134217728
3000
500
40
0
1
0
1
0
0
1
1
1
4
2
9599
0
0
9
67108864
3000
1000
1
0
1
0
0
1

1
1
1
1
9628
0
0
9
268435456
3000
500
1
0
1
0
0
1

0
1
1
1
9650
0
1
12
268435456
3000
100
60
1
1
0
1
0
0
1
0
1
1
2
1
9653
0
2
10
268435456
2000
100
1
1
0
1
0
0
1

1
1
1
1
9658
0
1
11
67108864
3000
1000
24
0
1
0
1
0
0
1
0
1
2
1
9674
0
0
9
134217728
1000
250
1
0
1
0
0
1

0
1
2
1
9698
0
1
11
268435456
3000
50
20
0
1
0
1
0
0
1
1
1
1
1
9708
0
2
10
134217728
2000
250
10
1
0
1
0
0
1

1
1
8
4
9727
0
2
10
268435456
3000
500
1000
1
0
1
0
0
1

0
1
8
2
9731
0
2
10
134217728
3000
500
1000
1
0
1
0
0
1

1
1
4
2
9754
0
2
10
134217728
3000
100
1000
1
0
1
0
0
1

1
1
1
1
9767
0
1
11
134217728
3000
500
60
0
1
0
1
0
0
1
1
1
1
1
9770
0
1
12
67108864
2000
1000
16
1
1
0
1
0
0
1
0
0
1
1
1
9773
0
2
10
134217728
1000
50
1000
1
0
1
0
0
1

0
1
8
2
9784
0
0
9
268435456
1000
500
1
0
1
0
0
1

1
1
1
1
9808
0
2
10
134217728
2000
100
10
1
0
1
0
0
1

0
1
8
2
9823
0
2
10
268435456
2000
500
5
1
0
1
0
0
1

0
1
8
1
9844
0
1
12
268435456
1000
50
50
1
1
0
1
0
0
1
0
0
1
8
8
9862
0
0
9
268435456
2000
500
1
0
1
0
0
1

1
1
2
1
9873
0
2
10
268435456
2000
500
5
1
0
1
0
0
1

1
1
2
1
9898
0
1
11
268435456
2000
500
35
0
1
0
1
0
0
1
1
1
8
8
9916
0
2
10
67108864
1000
100
1
1
0
1
0
0
1

0
1
4
2
9941
0
0
9
268435456
2000
500
1
0
1
0
0
1

1
1
4
2
9947
0
1
11
134217728
3000
50
65
0
1
0
1
0
0
1
0
1
1
1
9970
0
0
9
67108864
2000
250
1
0
1
0
0
1

0
1
4
2
9973
0
2
10
268435456
1000
250
1000
1
0
1
0
0
1

1
1
2
1
9985
0
1
11
67108864
2000
50
44
0
1
0
1
0
0
1
1
1
1
1
10010
0
0
9
67108864
2000
50
1
0
1
0
0
1

1
1
2
2
10013
0
0
9
134217728
2000
1000
1
0
1
0
0
1

0
1
8
4
10021
0
1
12
67108864
1000
500
33
1
1
0
1
0
0
1
0
1
1
1
1
10051
0
1
12
268435456
2000
50
85
1
1
0
1
0
0
1
0
1
1
8
8
10073
0
0
9
268435456
3000
500
1
0
1
0
0
1

0
1
4
2
10098
0
2
10
67108864
1000
500
1
1
0
1
0
0
1

1
1
8
1
10124
0
2
10
268435456
3000
500
100
1
0
1
0
0
1

0
1
1
1
10131
0
1
11
67108864
2000
500
52
0
1
0
1
0
0
1
1
1
8
4
10149
0
2
10
268435456
3000
500
1
1
0
1
0
0
1

0
1
8
4
10165
0
2
10
67108864
4000
100
1
1
0
1
0
0
1

0
1
8
2
10182
0
1
12
134217728
2000
500
47
1
1
0
1
0
0
1
0
0
1
4
2
10197
0
1
11
67108864
3000
1000
54
0
1
0
1
0
0
1
1
1
2
2
10210
0
1
11
134217728
1000
1000
95
0
1
0
1
0
0
1
0
1
8
4
10237
0
0
9
134217728
4000
1000
1
0
1
0
0
1

0
1
8
1
10240
0
2
10
134217728
1000
1000
1000
1
0
1
0
0
1

0
1
4
4
10250
0
1
11
268435456
2000
500
65
0
1
0
1
0
0
1
0
1
8
4
10276
0
2
10
268435456
1000
250
1
1
0
1
0
0
1

0
1
4
2
10277
0
1
11
67108864
4000
1000
40
0
1
0
1
0
0
1
1
1
1
1
10287
0
1
12
134217728
3000
50
53
1
1
0
1
0
0
1
0
0
1
8
4
10313
0
2
10
67108864
4000
1000
1000
1
0
1
0
0
1

1
1
4
2
10319
0
0
9
268435456
3000
250
1
0
1
0
0
1

0
1
8
4
10344
0
2
10
134217728
1000
500
1
1
0
1
0
0
1

1
1
4
1
10352
0
2
10
268435456
2000
50
1
1
0
1
0
0
1

0
1
8
1
10355
0
1
12
67108864
3000
100
65
1
1
0
1
0
0
1
0
0
1
4
4
10377
0
0
9
268435456
1000
100
1
0
1
0
0
1

0
1
4
2
10388
0
2
10
134217728
2000
1000
1
1
0
1
0
0
1

0
1
8
8
10394
0
1
11
134217728
3000
100
19
0
1
0
1
0
0
1
0
1
2
1
10414
0
1
12
134217728
4000
100
68
1
1
0
1
0
0
1
0
1
1
4
4
10444
0
0
9
134217728
4000
100
1
0
1
0
0
1

1
1
2
1
10471
0
1
11
268435456
2000
500
93
0
1
0
1
0
0
1
1
1
2
1
10472
0
0
9
67108864
1000
500
1
0
1
0
0
1

1
1
8
2
10492
0
1
12
134217728
4000
1000
5
1
1
0
1
0
0
1
0
0
1
1
1
10522
0
0
9
67108864
3000
250
1
0
1
0
0
1

0
1
8
8
10551
0
2
10
67108864
2000
50
10
1
0
1
0
0
1

1
1
8
1
10574
0
2
10
67108864
4000
100
1000
1
0
1
0
0
1

0
1
1
1
10592
0
2
10
134217728
3000
100
1
1
0
1
0
0
1

1
1
2
1
10601
0
0
9
134217728
1000
500
1
0
1
0
0
1

0
1
2
1
10617
0
0
9
67108864
4000
250
1
0
1
0
0
1

1
1
4
1
10627
0
1
11
268435456
1000
250
81
0
1
0
1
0
0
1
1
1
2
1
10630
0
2
10
134217728
3000
500
1000
1
0
1
0
0
1

1
1
4
2
10641
0
2
10
134217728
2000
250
1000
1
0
1
0
0
1

0
1
1
1
10655
0
2
10
268435456
2000
50
5
1
0
1
0
0
1

0
1
2
1
10656
0
0
9
67108864
1000
500
1
0
1
0
0
1

0
1
4
2
10679
0
1
12
134217728
3000
1000
95
1
1
0
1
0
0
1
0
1
1
2
2
10702
0
0
9
134217728
4000
250
1
0
1
0
0
1

1
1
8
2
10714
0
2
10
268435456
3000
50
100
1
0
1
0
0
1

1
1
1
1
10732
0
2
10
134217728
4000
50
100
1
0
1
0
0
1

1
1
1
1
10738
0
0
9
67108864
3000
50
1
0
1
0
0
1

1
1
8
8
10758
0
1
11
268435456
3000
100
84
0
1
0
1
0
0
1
1
1
2
1
10763
0
1
11
268435456
3000
500
69
0
1
0
1
0
0
1
0
1
2
1
10773
0
1
12
67108864
2000
100
25
1
1
0
1
0
0
1
0
1
1
1
1
10797
0
0
9
134217728
4000
500
1
0
1
0
0
1

0
1
8
8
10806
0
0
9
268435456
3000
500
1
0
1
0
0
1

0
1
1
1
10809
0
0
9
67108864
1000
1000
1
0
1
0
0
1

1
1
4
4
10814
0
0
9
67108864
4000
1000
1
0
1
0
0
1

0
1
8
8
10820
0
2
10
134217728
2000
1000
100
1
0
1
0
0
1

0
1
1
1
10849
0
1
11
134217728
1000
100
4
0
1
0
1
0
0
1
1
1
4
2
10871
0
0
9
268435456
3000
500
1
0
1
0
0
1

0
1
2
1
10872
0
2
10
67108864
4000
500
10
1
0
1
0
0
1

1
1
1
1
10898
0
1
11
67108864
3000
100
8
0
1
0
1
0
0
1
0
1
2
1
10919
0
1
11
67108864
2000
100
12
0
1
0
1
0
0
1
0
1
8
4
10926
0
1
11
67108864
1000
250
97
0
1
0
1
0
0
1
0
1
4
4
10937
0
1
11
134217728
2000
50
58
0
1
0
1
0
0
1
1
1
1
1
10954
0
1
11
67108864
4000
1000
48
0
1
0
1
0
0
1
1
1
2
1
10977
0
2
10
67108864
4000
250
10
1
0
1
0
0
1

1
1
4
1
10997
0
0
9
67108864
3000
100
1
0
1
0
0
1

0
1
4
2
11024
0
1
12
268435456
2000
100
90
1
1
0
1
0
0
1
0
1
1
4
2
11041
0
0
9
134217728
2000
100
1
0
1
0
0
1

0
1
2
1
11068
0
1
12
67108864
3000
100
14
1
1
0
1
0
0
1
0
0
1
8
1
11080
0
0
9
268435456
2000
250
1
0
1
0
0
1

1
1
1
1
11090
0
2
10
268435456
1000
500
100
1
0
1
0
0
1

1
1
4
1
11109
0
1
12
134217728
3000
50
4
1
1
0
1
0
0
1
0
1
1
2
2
11122
0
1
12
268435456
3000
50
69
1
1
0
1
0
0
1
0
0
1
8
8
11144
0
1
11
268435456
1000
500
44
0
1
0
1
0
0
1
0
1
4
1
11145
0
1
11
67108864
2000
50
34
0
1
0
1
0
0
1
0
1
8
1
11168
0
0
9
134217728
4000
1000
1
0
1
0
0
1

1
1
4
2
11169
0
0
9
134217728
2000
50
1
0
1
0
0
1

1
1
1
1
11198
0
1
12
268435456
3000
500
74
1
1
0
1
0
0
1
0
1
1
1
1
11202
0
1
11
67108864
2000
50
67
0
1
0
1
0
0
1
1
1
4
4
11215
0
2
10
268435456
3000
500
5
1
0
1
0
0
1

1
1
4
1
11237
0
2
10
67108864
2000
250
1000
1
0
1
0
0
1

1
1
4
2
11257
0
1
12
134217728
3000
1000
89
1
1
0
1
0
0
1
0
1
1
1
1
11280
0
1
11
134217728
2000
50
60
0
1
0
1
0
0
1
1
1
2
1
11305
0
2
10
268435456
3000
250
1000
1
0
1
0
0
1

0
1
1
1
11326
0
0
9
134217728
4000
500
1
0
1
0
0
1

0
1
8
2
11328
0
0
9
67108864
2000
50
1
0
1
0
0
1

0
1
1
1
11351
0
0
9
134217728
4000
50
1
0
1
0
0
1

1
1
8
1
11361
0
1
11
67108864
4000
1000
70
0
1
0
1
0
0
1
0
1
2
1
11389
0
0
9
134217728
2000
250
1
0
1
0
0
1

0
1
1
1
11394
0
0
9
268435456
2000
500
1
0
1
0
0
1

1
1
8
2
11395
0
2
10
67108864
4000
1000
10
1
0
1
0
0
1

1
1
1
1
11423
0
1
12
134217728
4000
1000
65
1
1
0
1
0
0
1
0
0
1
1
1
11446
0
0
9
268435456
1000
500
1
0
1
0
0
1

0
1
1
1
11476
0
2
10
268435456
2000
500
1
1
0
1
0
0
1

1
1
8
8
11478
0
0
9
268435456
2000
250
1
0
1
0
0
1

0
1
2
1
11500
0
0
9
134217728
4000
500
1
0
1
0
0
1

0
1
1
1
11514
0
2
10
134217728
3000
50
100
1
0
1
0
0
1

0
1
8
2
11533
0
0
9
134217728
3000
500
1
0
1
0
0
1

0
1
8
8
11559
0
0
9
67108864
3000
100
1
0
1
0
0
1

0
1
4
4
11564
0
0
9
67108864
1000
50
1
0
1
0
0
1

0
1
1
1
11594
0
2
10
134217728
2000
100
100
1
0
1
0
0
1

0
1
1
1
11614
0
0
9
134217728
2000
50
1
0
1
0
0
1

0
1
1
1
11642
0
2
10
268435456
3000
250
10
1
0
1
0
0
1

0
1
4
2
11657
0
0
9
67108864
1000
1000
1
0
1
0
0
1

0
1
2
1
11658
0
0
9
134217728
4000
1000
1
0
1
0
0
1

0
1
2
1
11662
0
1
11
268435456
2000
500
25
0
1
0
1
0
0
1
0
1
4
4
11678
0
2
10
67108864
3000
250
5
1
0
1
0
0
1

0
1
4
1
11703
0
1
12
268435456
3000
50
78
1
1
0
1
0
0
1
0
0
1
1
1
11709
0
0
9
134217728
1000
50
1
0
1
0
0
1

0
1
1
1
11718
0
2
10
134217728
1000
1000
5
1
0
1
0
0
1

0
1
8
4
11735
0
2
10
134217728
3000
50
5
1
0
1
0
0
1

0
1
4
2
11764
0
1
12
134217728
2000
500
43
1
1
0
1
0
0
1
0
0
1
4
1
11792
0
0
9
268435456
3000
500
1
0
1
0
0
1

0
1
1
1
11796
0
2
10
268435456
1000
500
5
1
0
1
0
0
1

0
1
2
1
11800
0
2
10
134217728
1000
500
1000
1
0
1
0
0
1

0
1
8
2
11824
0
0
9
268435456
2000
500
1
0
1
0
0
1

0
1
4
1
11830
0
2
10
134217728
2000
250
100
1
0
1
0
0
1

0
1
4
2
11849
0
0
9
67108864
3000
50
1
0
1
0
0
1

0
1
2
1
11877
0
2
10
134217728
1000
1000
10
1
0
1
0
0
1

0
1
2
1
11903
0
0
9
134217728
3000
1000
1
0
1
0
0
1

0
1
2
2
11933
0
2
10
67108864
1000
500
10
1
0
1
0
0
1

0
1
8
2
11948
0
2
10
268435456
3000
500
100
1
0
1
0
0
1

0
1
2
2
11961
0
2
10
268435456
1000
50
5
1
0
1
0
0
1

0
1
2
1
11981
0
0
9
67108864
2000
100
1
0
1
0
0
1

0
1
2
1
11991
0
0
9
268435456
3000
50
1
0
1
0
0
1

0
1
8
8
12010
0
2
10
268435456
2000
50
100
1
0
1
0
0
1

0
1
1
1
12026
0
1
11
67108864
2000
500
57
0
1
0
1
0
0
1
0
1
1
1
12043
0
0
9
134217728
1000
250
1
0
1
0
0
1

0
1
2
1
12053
0
1
12
268435456
3000
50
8
1
1
0
1
0
0
1
0
0
1
1
1
12055
0
1
11
67108864
1000
1000
35
0
1
0
1
0
0
1
0
1
2
1
12074
0
0
9
67108864
1000
500
1
0
1
0
0
1

0
1
8
4
12098
0
1
11
268435456
3000
500
11
0
1
0
1
0
0
1
0
1
1
1
12116
0
1
11
134217728
1000
50
46
0
1
0
1
0
0
1
0
1
4
2
12139
0
2
10
268435456
2000
250
5
1
0
1
0
0
1

0
1
8
1
12160
0
0
9
134217728
3000
250
1
0
1
0
0
1

0
1
1
1
12188
0
0
9
268435456
3000
500
1
0
1
0
0
1

0
1
2
1
12212
0
1
11
67108864
2000
100
37
0
1
0
1
0
0
1
0
1
4
1
12225
0
0
9
134217728
4000
50
1
0
1
0
0
1

0
1
4
2
12250
0
0
9
134217728
1000
50
1
0
1
0
0
1

0
1
8
4
12255
0
0
9
67108864
4000
1000
1
0
1
0
0
1

0
1
2
1
12256
0
1
12
268435456
3000
100
35
1
1
0
1
0
0
1
0
0
1
4
1
12281
0
2
10
134217728
4000
250
5
1
0
1
0
0
1

0
1
4
2
12310
0
2
10
268435456
3000
100
100
1
0
1
0
0
1

0
1
8
4
12333
0
0
9
268435456
3000
500
1
0
1
0
0
1

0
1
2
1
12352
0
2
10
67108864
1000
250
1000
1
0
1
0
0
1

0
1
2
1
12379
0
0
9
134217728
1000
500
1
0
1
0
0
1

0
1
8
4
12384
0
2
10
134217728
2000
500
10
1
0
1
0
0
1

0
1
4
2
12394
0
0
9
268435456
2000
100
1
0
1
0
0
1

0
1
4
2
12421
0
1
12
134217728
2000
100
48
1
1
0
1
0
0
1
0
0
1
4
4
12429
0
2
10
134217728
2000
100
1
1
0
1
0
0
1

0
1
4
2
12456
0
0
9
268435456
3000
500
1
0
1
0
0
1

0
1
8
2
12482
0
0
9
134217728
1000
250
1
0
1
0
0
1

0
1
8
1
12497
0
1
12
134217728
4000
50
94
1
1
0
1
0
0
1
0
0
1
1
1
12510
0
2
10
268435456
1000
250
5
1
0
1
0
0
1

0
1
2
1
12539
0
2
10
134217728
1000
50
1
1
0
1
0
0
1

0
1
4
2
12563
0
2
10
268435456
3000
500
10
1
0
1
0
0
1

0
1
2
1
12570
0
2
10
67108864
2000
250
1000
1
0
1
0
0
1

0
1
2
1
12581
0
2
10
268435456
2000
100
1000
1
0
1
0
0
1

0
1
4
2
12602
0
1
11
134217728
2000
500
40
0
1
0
1
0
0
1
0
1
4
4
12622
0
1
11
67108864
1000
1000
63
0
1
0
1
0
0
1
0
1
2
1
12649
0
0
9
268435456
1000
50
1
0
1
0
0
1

0
1
8
1
12667
0
0
9
268435456
1000
100
1
0
1
0
0
1

0
1
2
2
12687
0
1
11
67108864
2000
50
5
0
1
0
1
0
0
1
0
1
4
1
12715
0
0
9
67108864
1000
500
1
0
1
0
0
1

0
1
1
1
12733
0
2
10
134217728
4000
500
100
1
0
1
0
0
1

0
1
4
4
12746
0
1
11
67108864
4000
250
51
0
1
0
1
0
0
1
0
1
4
1
12759
0
0
9
134217728
1000
1000
1
0
1
0
0
1

0
1
4
1
12767
0
0
9
67108864
2000
1000
1
0
1
0
0
1

0
1
4
4
12786
0
2
10
134217728
4000
250
1000
1
0
1
0
0
1

0
1
4
2
12791
0
2
10
268435456
3000
250
10
1
0
1
0
0
1

0
1
1
1
12801
0
0
9
134217728
4000
1000
1
0
1
0
0
1

0
1
8
4
12803
0
0
9
268435456
3000
50
1
0
1
0
0
1

0
1
2
1
12817
0
2
10
67108864
1000
1000
100
1
0
1
0
0
1

0
1
4
2
12825
0
0
9
268435456
3000
100
1
0
1
0
0
1

0
1
8
1
12853
0
1
11
268435456
3000
100
54
0
1
0
1
0
0
1
0
1
4
2
12863
0
1
12
268435456
3000
250
39
1
1
0
1
0
0
1
0
0
1
4
2
12880
0
1
11
134217728
3000
500
62
0
1
0
1
0
0
1
0
1
2
1
12903
0
2
10
268435456
3000
50
1000
1
0
1
0
0
1

0
1
1
1
12910
0
1
11
268435456
3000
250
41
0
1
0
1
0
0
1
0
1
4
2
12918
0
0
9
134217728
4000
250
1
0
1
0
0
1

0
1
8
1
12920
0
1
11
134217728
4000
250
42
0
1
0
1
0
0
1
0
1
2
2
12946
0
0
9
67108864
3000
500
1
0
1
0
0
1

0
1
4
2
12971
0
1
12
268435456
3000
500
43
1
1
0
1
0
0
1
0
0
1
2
1
13001
0
0
9
134217728
3000
250
1
0
1
0
0
1

0
1
1
1
13003
0
0
9
268435456
3000
50
1
0
1
0
0
1

0
1
4
1
13017
0
1
11
268435456
2000
100
91
0
1
0
1
0
0
1
0
1
1
1
13025
0
1
12
67108864
1000
50
77
1
1
0
1
0
0
1
0
0
1
1
1
13026
0
0
9
134217728
3000
250
1
0
1
0
0
1

0
1
1
1
13030
0
2
10
67108864
2000
500
100
1
0
1
0
0
1

0
1
1
1
13060
0
1
11
268435456
1000
500
72
0
1
0
1
0
0
1
0
1
4
2
13072
0
1
12
134217728
3000
500
50
1
1
0
1
0
0
1
0
0
1
1
1
13086
0
2
10
268435456
3000
250
5
1
0
1
0
0
1

0
1
8
2
13103
0
0
9
134217728
3000
1000
1
0
1
0
0
1

0
1
1
1
13105
0
1
12
67108864
3000
50
33
1
1
0
1
0
0
1
0
0
1
8
8
13117
0
0
9
134217728
1000
50
1
0
1
0
0
1

0
1
1
1
13118
0
2
10
67108864
3000
500
5
1
0
1
0
0
1

0
1
4
4
13121
0
2
10
67108864
4000
100
100
1
0
1
0
0
1

0
1
2
1
13146
0
0
9
67108864
2000
50
1
0
1
0
0
1

0
1
1
1
13169
0
1
12
268435456
3000
500
20
1
1
0
1
0
0
1
0
0
1
2
1
13183
0
1
12
67108864
2000
100
75
1
1
0
1
0
0
1
0
0
1
8
1
13185
0
2
10
268435456
1000
500
5
1
0
1
0
0
1

0
1
2
1
13186
0
2
10
134217728
1000
1000
5
1
0
1
0
0
1

0
1
2
2
13191
0
2
10
134217728
2000
1000
10
1
0
1
0
0
1

0
1
1
1
13198
0
0
9
268435456
3000
500
1
0
1
0
0
1

0
1
4
2
13215
0
2
10
134217728
4000
250
1
1
0
1
0
0
1

0
1
2
1
13232
0
0
9
134217728
2000
1000
1
0
1
0
0
1

0
1
1
1
13251
0
2
10
268435456
2000
100
1000
1
0
1
0
0
1

0
1
1
1
13258
0
2
10
268435456
3000
50
5
1
0
1
0
0
1

0
1
1
1
13282
0
1
12
268435456
3000
500
34
1
1
0
1
0
0
1
0
0
1
4
1
13306
0
2
10
268435456
1000
50
10
1
0
1
0
0
1

0
1
4
1
13327
0
0
9
67108864
1000
500
1
0
1
0
0
1

0
1
8
8
13353
0
1
11
67108864
4000
1000
60
0
1
0
1
0
0
1
0
1
8
1
13359
0
1
12
67108864
4000
250
68
1
1
0
1
0
0
1
0
0
1
1
1
13370
0
2
10
67108864
1000
1000
1000
1
0
1
0
0
1

0
1
8
4
13387
0
1
11
67108864
2000
500
9
0
1
0
1
0
0
1
0
1
1
1
13407
0
0
9
268435456
3000
250
1
0
1
0
0
1

0
1
2
1
13419
0
1
12
67108864
3000
100
52
1
1
0
1
0
0
1
0
0
1
8
8
13432
0
0
9
67108864
4000
50
1
0
1
0
0
1

0
1
8
8
13459
0
1
11
268435456
2000
500
54
0
1
0
1
0
0
1
0
1
2
1
13463
0
0
9
67108864
1000
250
1
0
1
0
0
1

0
1
8
4
13470
0
0
9
134217728
1000
500
1
0
1
0
0
1

0
1
2
1
13481
0
2
10
134217728
3000
50
100
1
0
1
0
0
1

0
1
8
4
13482
0
2
10
268435456
2000
250
10
1
0
1
0
0
1

0
1
8
2
13504
0
1
11
67108864
3000
100
58
0
1
0
1
0
0
1
0
1
8
8
13506
0
1
11
67108864
1000
250
50
0
1
0
1
0
0
1
0
1
2
1
13514
0
0
9
67108864
3000
100
1
0
1
0
0
1

0
1
2
1
13518
0
2
10
134217728
4000
1000
5
1
0
1
0
0
1

0
1
1
1
13529
0
0
9
67108864
4000
500
1
0
1
0
0
1

0
1
4
2
13541
0
2
10
134217728
3000
50
1000
1
0
1
0
0
1

0
1
8
1
13552
0
0
9
268435456
1000
50
1
0
1
0
0
1

0
1
8
1
13577
0
1
12
67108864
3000
100
13
1
1
0
1
0
0
1
0
0
1
1
1
13578
0
2
10
268435456
1000
100
10
1
0
1
0
0
1

0
1
4
1
13598
0
1
12
134217728
4000
500
46
1
1
0
1
0
0
1
0
0
1
2
1
13615
0
0
9
268435456
3000
100
1
0
1
0
0
1

0
1
4
2
13629
0
1
12
67108864
2000
1000
71
1
1
0
1
0
0
1
0
0
1
1
1
13650
0
2
10
134217728
4000
1000
1000
1
0
1
0
0
1

0
1
4
2
13669
0
1
12
268435456
3000
50
16
1
1
0
1
0
0
1
0
0
1
2
1
13680
0
1
11
67108864
4000
250
38
0
1
0
1
0
0
1
0
1
2
1
13694
0
2
10
268435456
3000
50
1
1
0
1
0
0
1

0
1
4
2
13720
0
1
11
268435456
3000
500
2
0
1
0
1
0
0
1
0
1
1
1
13730
0
0
9
134217728
2000
500
1
0
1
0
0
1

0
1
2
1
13751
0
1
11
67108864
1000
50
31
0
1
0
1
0
0
1
0
1
8
4
13767
0
1
11
268435456
2000
100
22
0
1
0
1
0
0
1
0
1
4
2
13785
0
2
10
134217728
4000
100
1000
1
0
1
0
0
1

0
1
8
1
13811
0
2
10
268435456
3000
250
1
1
0
1
0
0
1

0
1
1
1
13823
0
1
11
67108864
1000
1000
34
0
1
0
1
0
0
1
0
1
4
4
13832
0
2
10
268435456
2000
500
10
1
0
1
0
0
1

0
1
8
1
13858
0
1
11
134217728
3000
250
15
0
1
0
1
0
0
1
0
1
2
2
13873
0
1
11
134217728
3000
100
16
0
1
0
1
0
0
1
0
1
4
2
13882
0
1
11
134217728
2000
50
69
0
1
0
1
0
0
1
0
1
4
4
13899
0
1
12
134217728
3000
1000
69
1
1
0
1
0
0
1
0
0
1
1
1
13915
0
2
10
268435456
3000
500
10
1
0
1
0
0
1

0
1
4
1
13917
0
1
12
134217728
3000
50
36
1
1
0
1
0
0
1
0
0
1
4
2
13941
0
1
12
268435456
3000
500
60
1
1
0
1
0
0
1
0
0
1
8
2
13943
0
1
11
134217728
2000
100
15
0
1
0
1
0
0
1
0
1
4
4
13959
0
2
10
268435456
3000
100
1
1
0
1
0
0
1

0
1
1
1
13966
0
1
12
134217728
1000
50
4
1
1
0
1
0
0
1
0
0
1
1
1
13993
0
0
9
67108864
1000
1000
1
0
1
0
0
1

0
1
2
1
14009
0
2
10
268435456
3000
100
5
1
0
1
0
0
1

0
1
8
4
14032
0
0
9
134217728
3000
500
1
0
1
0
0
1

0
1
8
2
14050
0
1
11
134217728
3000
50
22
0
1
0
1
0
0
1
0
1
2
2
14054
0
2
10
134217728
1000
100
10
1
0
1
0
0
1

0
1
1
1
14069
0
0
9
268435456
3000
500
1
0
1
0
0
1

0
1
4
2
14070
0
1
12
134217728
2000
250
99
1
1
0
1
0
0
1
0
0
1
2
1
14080
0
1
12
134217728
3000
100
70
1
1
0
1
0
0
1
0
0
1
4
2
14082
0
1
11
134217728
3000
50
9
0
1
0
1
0
0
1
0
1
2
1
14108
0
1
11
268435456
1000
50
74
0
1
0
1
0
0
1
0
1
2
1
14137
0
2
10
268435456
3000
250
1000
1
0
1
0
0
1

0
1
8
8
14155
0
2
10
134217728
4000
500
10
1
0
1
0
0
1

0
1
2
1
14176
0
2
10
268435456
3000
250
100
1
0
1
0
0
1

0
1
8
2
14180
0
2
10
67108864
2000
500
100
1
0
1
0
0
1

0
1
4
2
14207
0
2
10
67108864
3000
100
5
1
0
1
0
0
1

0
1
1
1
14234
0
2
10
67108864
3000
50
1
1
0
1
0
0
1

0
1
2
2
14244
0
2
10
67108864
1000
50
1000
1
0
1
0
0
1

0
1
1
1
14252
0
2
10
268435456
3000
500
10
1
0
1
0
0
1

0
1
2
1
14276
0
2
10
268435456
1000
100
1
1
0
1
0
0
1

0
1
8
2
14287
0
2
10
67108864
1000
1000
10
1
0
1
0
0
1

0
1
4
2
14315
0
2
10
268435456
3000
50
1000
1
0
1
0
0
1

0
1
4
4
14321
0
2
10
67108864
2000
1000
1
1
0
1
0
0
1

0
1
4
1
14332
0
2
10
67108864
4000
100
1
1
0
1
0
0
1

0
1
4
1
14346
0
2
10
134217728
3000
100
1
1
0
1
0
0
1

0
1
4
2
14355
0
2
10
268435456
1000
500
1
1
0
1
0
0
1

0
1
2
1
14361
0
2
10
67108864
3000
1000
1000
1
0
1
0
0
1

0
1
4
1
14377
0
2
10
268435456
1000
500
1
1
0
1
0
0
1

0
1
2
2
14400
0
2
10
134217728
1000
100
1000
1
0
1
0
0
1

0
1
4
4
14410
0
2
10
268435456
3000
250
1
1
0
1
0
0
1

0
1
2
2
14429
0
2
10
134217728
1000
100
100
1
0
1
0
0
1

0
1
1
1
14432
0
2
10
268435456
3000
50
1
1
0
1
0
0
1

0
1
8
2
14456
0
2
10
134217728
4000
250
1000
1
0
1
0
0
1

0
1
8
8
14476
0
2
10
268435456
2000
500
5
1
0
1
0
0
1

0
1
8
4
14481
0
2
10
67108864
4000
100
100
1
0
1
0
0
1

0
1
4
2
14488
0
2
10
134217728
2000
100
1
1
0
1
0
0
1

0
1
8
2
14505
0
2
10
268435456
3000
50
1
1
0
1
0
0
1

0
1
2
2
14531
0
2
10
67108864
3000
50
1
1
0
1
0
0
1

0
1
2
1
14552
0
2
10
268435456
2000
250
5
1
0
1
0
0
1

0
1
8
1
14568
0
2
10
67108864
3000
50
10
1
0
1
0
0
1

0
1
1
1
14595
0
2
10
67108864
2000
50
10
1
0
1
0
0
1

0
1
1
1
14614
0
2
10
67108864
2000
50
1000
1
0
1
0
0
1

0
1
2
2
14630
0
2
10
134217728
1000
500
1
1
0
1
0
0
1

0
1
8
2
14635
0
2
10
134217728
3000
500
5
1
0
1
0
0
1

0
1
2
2
14653
0
2
10
134217728
3000
100
5
1
0
1
0
0
1

0
1
4
2
14672
0
2
10
134217728
4000
1000
10
1
0
1
0
0
1

0
1
2
1
14699
0
2
10
268435456
3000
500
1
1
0
1
0
0
1

0
1
2
2
14700
0
2
10
134217728
3000
50
1
1
0
1
0
0
1

0
1
1
1
14720
0
2
10
67108864
3000
100
100
1
0
1
0
0
1

0
1
2
1
14727
0
2
10
134217728
4000
250
1000
1
0
1
0
0
1

0
1
2
2
14757
0
2
10
67108864
2000
50
5
1
0
1
0
0
1

0
1
2
1
14758
0
2
10
268435456
1000
100
1
1
0
1
0
0
1

0
1
8
4
14766
0
2
10
134217728
2000
100
10
1
0
1
0
0
1

0
1
8
1
14772
0
2
10
134217728
1000
250
5
1
0
1
0
0
1

0
1
8
4
14788
0
2
10
67108864
4000
50
100
1
0
1
0
0
1

0
1
8
4
14809
0
2
10
268435456
1000
100
1000
1
0
1
0
0
1

0
1
8
2
14817
0
2
10
67108864
3000
100
5
1
0
1
0
0
1

0
1
2
1
14838
0
2
10
134217728
2000
500
1000
1
0
1
0
0
1

0
1
1
1
14841
0
2
10
268435456
3000
100
1000
1
0
1
0
0
1

0
1
8
2
14847
0
2
10
134217728
2000
50
10
1
0
1
0
0
1

0
1
4
2
14850
0
2
10
134217728
3000
500
1
1
0
1
0
0
1

0
1
4
2
14860
0
2
10
67108864
3000
500
1
1
0
1
0
0
1

0
1
4
2
14873
0
2
10
134217728
4000
100
1
1
0
1
0
0
1

0
1
8
2
14891
0
2
10
67108864
1000
50
100
1
0
1
0
0
1

0
1
8
2
14917
0
2
10
134217728
4000
50
10
1
0
1
0
0
1

0
1
8
8
14928
0
2
10
268435456
3000
50
5
1
0
1
0
0
1

0
1
8
8
14929
0
2
10
67108864
4000
50
10
1
0
1
0
0
1

0
1
2
2
14931
0
2
10
268435456
3000
250
1000
1
0
1
0
0
1

0
1
4
2
14941
0
2
10
268435456
3000
500
1
1
0
1
0
0
1

0
1
8
1
14952
0
2
10
67108864
1000
500
5
1
0
1
0
0
1

0
1
2
1
14957
0
2
10
67108864
1000
100
100
1
0
1
0
0
1

0
1
4
2
14977
0
2
10
134217728
4000
50
1000
1
0
1
0
0
1

0
1
4
2
15005
0
2
10
268435456
3000
250
10
1
0
1
0
0
1

0
1
2
1
15035
0
2
10
268435456
1000
50
100
1
0
1
0
0
1

0
1
2
2
15042
0
2
10
268435456
3000
500
5
1
0
1
0
0
1

0
1
1
1
15065
0
2
10
67108864
1000
500
100
1
0
1
0
0
1

0
1
1
1
15072
0
2
10
67108864
4000
500
100
1
0
1
0
0
1

0
1
2
1
15094
0
2
10
268435456
1000
500
1
1
0
1
0
0
1

0
1
8
1
15100
0
2
10
67108864
1000
250
5
1
0
1
0
0
1

0
1
1
1
15105
0
2
10
134217728
4000
250
1
1
0
1
0
0
1

0
1
8
1
15119
0
2
10
67108864
1000
100
1000
1
0
1
0
0
1

0
1
4
1
15135
0
2
10
134217728
3000
250
1000
1
0
1
0
0
1

0
1
8
8
15156
0
2
10
134217728
3000
1000
1000
1
0
1
0
0
1

0
1
2
1
15177
0
2
10
134217728
4000
50
10
1
0
1
0
0
1

0
1
8
4
15179
0
2
10
67108864
1000
50
1000
1
0
1
0
0
1

0
1
1
1
15188
0
2
10
134217728
1000
500
1
1
0
1
0
0
1

0
1
2
1
15196
0
2
10
134217728
3000
250
1000
1
0
1
0
0
1

0
1
1
1
15197
0
2
10
268435456
2000
100
5
1
0
1
0
0
1

0
1
4
2
15217
0
2
10
134217728
3000
100
10
1
0
1
0
0
1

0
1
4
4
15234
0
2
10
67108864
4000
1000
1
1
0
1
0
0
1

0
1
4
4
15246
0
2
10
67108864
4000
50
10
1
0
1
0
0
1

0
1
4
2
15255
0
2
10
67108864
1000
100
1
1
0
1
0
0
1

0
1
4
4
15282
0
2
10
134217728
3000
500
100
1
0
1
0
0
1

0
1
8
8
15306
0
2
10
67108864
1000
50
1
1
0
1
0
0
1

0
1
4
4
15318
0
2
10
67108864
2000
100
100
1
0
1
0
0
1

0
1
4
4
15321
0
2
10
268435456
2000
500
1000
1
0
1
0
0
1

0
1
8
8
15335
0
2
10
67108864
4000
1000
5
1
0
1
0
0
1

0
1
1
1
15350
0
2
10
134217728
1000
100
1000
1
0
1
0
0
1

0
1
2
1
15352
0
2
10
134217728
2000
100
5
1
0
1
0
0
1

0
1
4
1
15369
0
2
10
67108864
1000
100
5
1
0
1
0
0
1

0
1
1
1
15374
0
2
10
268435456
3000
500
100
1
0
1
0
0
1

0
1
8
1
15381
0
2
10
134217728
4000
1000
10
1
0
1
0
0
1

0
1
8
4
15400
0
2
10
134217728
2000
250
10
1
0
1
0
0
1

0
1
2
1
15417
0
2
10
134217728
3000
1000
1000
1
0
1
0
0
1

0
1
8
4
15434
0
2
10
67108864
3000
1000
10
1
0
1
0
0
1

0
1
4
2
15453
0
2
10
134217728
1000
100
1000
1
0
1
0
0
1

0
1
8
4
15474
0
2
10
268435456
3000
250
1
1
0
1
0
0
1

0
1
4
1
15476
0
2
10
134217728
1000
50
1
1
0
1
0
0
1

0
1
1
1
15502
0
2
10
134217728
3000
250
10
1
0
1
0
0
1

0
1
8
1
15530
0
2
10
268435456
1000
250
1000
1
0
1
0
0
1

0
1
2
1
15558
0
2
10
67108864
3000
50
10
1
0
1
0
0
1

0
1
2
2
15572
0
2
10
268435456
2000
250
10
1
0
1
0
0
1

0
1
4
1
15592
0
2
10
268435456
3000
250
1000
1
0
1
0
0
1

0
1
1
1
15607
0
2
10
134217728
4000
250
5
1
0
1
0
0
1

0
1
2
1
15610
0
2
10
67108864
2000
100
5
1
0
1
0
0
1

0
1
1
1
15636
0
2
10
67108864
1000
50
100
1
0
1
0
0
1

0
1
1
1
15638
0
2
10
268435456
1000
500
1000
1
0
1
0
0
1

0
1
4
4
15647
0
2
10
67108864
2000
500
1000
1
0
1
0
0
1

0
1
4
2
15668
0
2
10
134217728
2000
1000
100
1
0
1
0
0
1

0
1
8
1
15680
0
2
10
134217728
2000
1000
1
1
0
1
0
0
1

0
1
2
2
15691
0
2
10
67108864
3000
250
10
1
0
1
0
0
1

0
1
1
1
15717
0
2
10
268435456
2000
500
10
1
0
1
0
0
1

0
1
1
1
15719
0
2
10
67108864
2000
100
5
1
0
1
0
0
1

0
1
2
1
15748
0
2
10
268435456
3000
500
1000
1
0
1
0
0
1

0
1
1
1
15754
0
2
10
268435456
1000
50
1000
1
0
1
0
0
1

0
1
4
4
15780
0
2
10
67108864
3000
1000
1
1
0
1
0
0
1

0
1
8
2
15802
0
2
10
134217728
1000
100
100
1
0
1
0
0
1

0
1
4
2
15804
0
2
10
134217728
2000
250
100
1
0
1
0
0
1

0
1
4
2
15811
0
2
10
134217728
3000
250
1000
1
0
1
0
0
1

0
1
4
2
15814
0
2
10
268435456
1000
500
10
1
0
1
0
0
1

0
1
4
1
15824
0
2
10
67108864
1000
500
5
1
0
1
0
0
1

0
1
1
1
15838
0
2
10
67108864
3000
500
1
1
0
1
0
0
1

0
1
1
1
15847
0
2
10
268435456
2000
500
100
1
0
1
0
0
1

0
1
1
1
15876
0
2
10
134217728
1000
50
10
1
0
1
0
0
1

0
1
4
1
15904
0
2
10
134217728
3000
50
1
1
0
1
0
0
1

0
1
8
8
15909
0
2
10
134217728
4000
50
10
1
0
1
0
0
1

0
1
4
1
15929
0
2
10
67108864
1000
50
1
1
0
1
0
0
1

0
1
4
1
15959
0
2
10
268435456
3000
50
100
1
0
1
0
0
1

0
1
4
2
15971
0
2
10
67108864
4000
50
100
1
0
1
0
0
1

0
1
4
4
15999
0
2
10
134217728
3000
250
1000
1
0
1
0
0
1

0
1
8
2
16010
0
2
10
134217728
4000
1000
1
1
0
1
0
0
1

0
1
2
1
16019
0
2
10
134217728
4000
1000
10
1
0
1
0
0
1

0
1
8
1
16047
0
2
10
268435456
1000
250
100
1
0
1
0
0
1

0
1
2
1
16077
0
2
10
67108864
1000
250
100
1
0
1
0
0
1

0
1
4
4
16101
0
2
10
134217728
3000
500
10
1
0
1
0
0
1

0
1
1
1
16109
0
2
10
268435456
3000
500
10
1
0
1
0
0
1

0
1
8
2
16128
0
2
10
67108864
1000
500
10
1
0
1
0
0
1

0
1
8
8
16134
0
2
10
134217728
4000
500
100
1
0
1
0
0
1

0
1
2
1
16135
0
2
10
134217728
3000
100
100
1
0
1
0
0
1

0
1
2
1
16148
0
2
10
67108864
2000
50
100
1
0
1
0
0
1

0
1
4
2
16163
0
2
10
268435456
3000
50
100
1
0
1
0
0
1

0
1
8
1
16187
0
2
10
268435456
3000
50
100
1
0
1
0
0
1

0
1
8
1
16197
0
2
10
67108864
4000
500
10
1
0
1
0
0
1

0
1
8
8
16213
0
2
10
67108864
2000
500
10
1
0
1
0
0
1

0
1
1
1
16225
0
2
10
134217728
1000
50
1
1
0
1
0
0
1

0
1
1
1
16240
0
2
10
134217728
4000
250
5
1
0
1
0
0
1

0
1
1
1
16258
0
2
10
268435456
2000
500
10
1
0
1
0
0
1

0
1
4
2
16270
0
2
10
134217728
1000
1000
10
1
0
1
0
0
1

0
1
4
2
16280
0
2
10
134217728
2000
1000
10
1
0
1
0
0
1

0
1
4
4
16310
0
2
10
67108864
2000
100
1
1
0
1
0
0
1

0
1
1
1
16315
0
2
10
268435456
1000
500
1
1
0
1
0
0
1

0
1
1
1
16319
0
2
10
134217728
4000
1000
1000
1
0
1
0
0
1

0
1
2
2
16325
0
2
10
67108864
1000
1000
5
1
0
1
0
0
1

0
1
2
1
16340
0
2
10
67108864
3000
100
1000
1
0
1
0
0
1

0
1
1
1
16367
0
2
10
268435456
1000
500
10
1
0
1
0
0
1

0
1
8
1
16377
0
2
10
67108864
1000
250
1000
1
0
1
0
0
1

0
1
8
1
16378
0
2
10
268435456
1000
250
1000
1
0
1
0
0
1

0
1
2
1
16392
0
2
10
67108864
4000
100
5
1
0
1
0
0
1

0
1
1
1
16416
0
2
10
268435456
1000
100
1
1
0
1
0
0
1

0
1
4
2
16426
0
2
10
134217728
2000
250
100
1
0
1
0
0
1

0
1
1
1
16432
0
2
10
67108864
3000
250
1
1
0
1
0
0
1

0
1
2
1
16455
0
2
10
268435456
3000
250
1000
1
0
1
0
0
1

0
1
2
1
16464
0
2
10
134217728
2000
100
1
1
0
1
0
0
1

0
1
1
1
16485
0
2
10
268435456
3000
100
10
1
0
1
0
0
1

0
1
8
2
16501
0
2
10
67108864
1000
1000
10
1
0
1
0
0
1

0
1
2
1
16520
0
2
10
134217728
4000
100
1000
1
0
1
0
0
1

0
1
2
1
16541
0
2
10
268435456
3000
500
10
1
0
1
0
0
1

0
1
8
8
16550
0
2
10
67108864
3000
50
1000
1
0
1
0
0
1

0
1
4
4
16568
0
2
10
268435456
3000
50
10
1
0
1
0
0
1

0
1
1
1
16580
0
2
10
134217728
1000
500
5
1
0
1
0
0
1

0
1
2
1
16599
0
2
10
67108864
3000
100
100
1
0
1
0
0
1

0
1
4
2
16602
0
2
10
134217728
4000
500
10
1
0
1
0
0
1

0
1
2
2
16614
0
2
10
67108864
1000
500
1000
1
0
1
0
0
1

0
1
8
1
16623
0
2
10
134217728
1000
250
1000
1
0
1
0
0
1

0
1
8
2
16638
0
2
10
268435456
3000
50
1
1
0
1
0
0
1

0
1
4
2
16665
0
2
10
268435456
3000
100
10
1
0
1
0
0
1

0
1
4
2
16669
0
2
10
268435456
3000
500
100
1
0
1
0
0
1

0
1
8
1
16698
0
2
10
134217728
1000
500
1000
1
0
1
0
0
1

0
1
8
1
16707
0
2
10
268435456
1000
250
1000
1
0
1
0
0
1

0
1
4
1
16734
0
2
10
268435456
1000
250
5
1
0
1
0
0
1

0
1
8
4
16740
0
2
10
134217728
2000
1000
1000
1
0
1
0
0
1

0
1
4
2
16768
0
2
10
134217728
4000
100
1000
1
0
1
0
0
1

0
1
2
1
16793
0
2
10
67108864
2000
50
10
1
0
1
0
0
1

0
1
8
2
16798
0
2
10
134217728
3000
500
1
1
0
1
0
0
1

0
1
1
1
16816
0
2
10
67108864
2000
100
10
1
0
1
0
0
1

0
1
2
2
16827
0
2
10
268435456
3000
250
5
1
0
1
0
0
1

0
1
1
1
16856
0
2
10
67108864
1000
100
1
1
0
1
0
0
1

0
1
4
2
16873
0
2
10
67108864
1000
50
1
1
0
1
0
0
1

0
1
2
2
16882
0
2
10
134217728
1000
100
1000
1
0
1
0
0
1

0
1
8
8
16889
0
2
10
134217728
1000
250
1
1
0
1
0
0
1

0
1
8
2
16908
0
2
10
67108864
1000
250
1000
1
0
1
0
0
1

0
1
8
1
16916
0
2
10
268435456
2000
500
10
1
0
1
0
0
1

0
1
1
1
16933
0
2
10
268435456
3000
500
1
1
0
1
0
0
1

0
1
1
1
16948
0
2
10
134217728
1000
500
100
1
0
1
0
0
1

0
1
8
2
16964
0
2
10
134217728
3000
250
1000
1
0
1
0
0
1

0
1
2
1
16968
0
2
10
67108864
1000
1000
1
1
0
1
0
0
1

0
1
1
1
16984
0
2
10
134217728
2000
500
100
1
0
1
0
0
1

0
1
4
4
17005
0
2
10
67108864
2000
50
100
1
0
1
0
0
1

0
1
1
1
17034
0
2
10
268435456
3000
500
5
1
0
1
0
0
1

0
1
8
2
17047
0
2
10
268435456
2000
250
5
1
0
1
0
0
1

0
1
4
2
17054
0
2
10
268435456
1000
100
5
1
0
1
0
0
1

0
1
4
1
17062
0
2
10
134217728
2000
250
1000
1
0
1
0
0
1

0
1
4
2
17064
0
2
10
134217728
4000
1000
1
1
0
1
0
0
1

0
1
8
2
17070
0
2
10
134217728
2000
100
1000
1
0
1
0
0
1

0
1
2
1
17098
0
2
10
67108864
3000
50
100
1
0
1
0
0
1

0
1
1
1
17105
0
2
10
67108864
4000
1000
5
1
0
1
0
0
1

0
1
1
1
17125
0
2
10
67108864
3000
250
10
1
0
1
0
0
1

0
1
2
1
17142
0
2
10
67108864
2000
500
1
1
0
1
0
0
1

0
1
1
1
17164
0
2
10
268435456
3000
100
1
1
0
1
0
0
1

0
1
2
1
17189
0
2
10
268435456
3000
250
1
1
0
1
0
0
1

0
1
1
1
17191
0
2
10
134217728
4000
50
100
1
0
1
0
0
1

0
1
2
1
17220
0
2
10
134217728
2000
50
1
1
0
1
0
0
1

0
1
8
4
17224
0
2
10
67108864
1000
50
5
1
0
1
0
0
1

0
1
8
1
17249
0
2
10
134217728
4000
50
5
1
0
1
0
0
1

0
1
1
1
17255
0
2
10
67108864
2000
50
1
1
0
1
0
0
1

0
1
2
1
17271
0
2
10
268435456
1000
250
5
1
0
1
0
0
1

0
1
2
2
17294
0
2
10
134217728
2000
250
100
1
0
1
0
0
1

0
1
2
1
17300
0
2
10
134217728
4000
250
100
1
0
1
0
0
1

0
1
8
2
17311
0
2
10
67108864
2000
250
1000
1
0
1
0
0
1

0
1
4
2
17327
0
2
10
67108864
3000
1000
1
1
0
1
0
0
1

0
1
8
1
17334
0
2
10
134217728
4000
500
1
1
0
1
0
0
1

0
1
8
2
17343
0
2
10
134217728
1000
500
1
1
0
1
0
0
1

0
1
1
1
17368
0
2
10
67108864
1000
50
5
1
0
1
0
0
1

0
1
1
1
17388
0
2
10
67108864
1000
100
5
1
0
1
0
0
1

0
1
4
2
17417
0
2
10
134217728
1000
250
100
1
0
1
0
0
1

0
1
2
2
17426
0
2
10
67108864
1000
1000
10
1
0
1
0
0
1

0
1
4
2
17451
0
2
10
67108864
4000
50
10
1
0
1
0
0
1

0
1
4
1
17475
0
2
10
134217728
1000
100
100
1
0
1
0
0
1

0
1
1
1
17486
0
2
10
67108864
3000
250
5
1
0
1
0
0
1

0
1
4
2
17487
0
2
10
67108864
2000
500
1000
1
0
1
0
0
1

0
1
8
2
17497
0
2
10
134217728
3000
250
10
1
0
1
0
0
1

0
1
8
4
17526
0
2
10
134217728
4000
250
1000
1
0
1
0
0
1

0
1
1
1
17528
0
2
10
134217728
3000
1000
5
1
0
1
0
0
1

0
1
2
2
17533
0
2
10
134217728
4000
50
10
1
0
1
0
0
1

0
1
8
1
17553
0
2
10
268435456
2000
100
1
1
0
1
0
0
1

0
1
4
1
17581
0
2
10
67108864
2000
1000
1000
1
0
1
0
0
1

0
1
1
1
17609
0
2
10
268435456
1000
250
100
1
0
1
0
0
1

0
1
2
2
17614
0
2
10
268435456
2000
100
100
1
0
1
0
0
1

0
1
4
2
17642
0
2
10
268435456
2000
500
1
1
0
1
0
0
1

0
1
8
1
17649
0
2
10
134217728
2000
500
10
1
0
1
0
0
1

0
1
2
1
17668
0
2
10
67108864
1000
1000
1
1
0
1
0
0
1

0
1
4
2
17675
0
2
10
268435456
3000
500
10
1
0
1
0
0
1

0
1
2
1
17692
0
2
10
268435456
3000
250
10
1
0
1
0
0
1

0
1
4
2
17709
0
2
10
268435456
3000
50
1
1
0
1
0
0
1

0
1
4
1
17724
0
2
10
268435456
3000
500
5
1
0
1
0
0
1

0
1
2
1
17736
0
2
10
268435456
1000
500
100
1
0
1
0
0
1

0
1
2
1
17737
0
2
10
67108864
3000
500
100
1
0
1
0
0
1

0
1
2
1
17744
0
2
10
67108864
1000
500
1
1
0
1
0
0
1

0
1
8
1
17767
0
2
10
67108864
2000
500
5
1
0
1
0
0
1

0
1
8
8
17773
0
2
10
134217728
3000
100
100
1
0
1
0
0
1

0
1
8
2
17792
0
2
10
134217728
3000
100
5
1
0
1
0
0
1

0
1
8
8
17795
0
2
10
134217728
4000
250
5
1
0
1
0
0
1

0
1
2
1
17817
0
2
10
134217728
2000
1000
10
1
0
1
0
0
1

0
1
4
4
17832
0
2
10
134217728
3000
250
1
1
0
1
0
0
1

0
1
4
4
17833
0
2
10
67108864
4000
500
100
1
0
1
0
0
1

0
1
4
2
17859
0
2
10
67108864
2000
100
1
1
0
1
0
0
1

0
1
2
1
17879
0
2
10
268435456
2000
50
100
1
0
1
0
0
1

0
1
1
1
17885
0
2
10
268435456
1000
500
1000
1
0
1
0
0
1

0
1
8
1
17909
0
2
10
134217728
2000
500
5
1
0
1
0
0
1

0
1
4
4
17922
0
2
10
67108864
2000
250
10
1
0
1
0
0
1

0
1
4
4
17929
0
2
10
134217728
2000
1000
1
1
0
1
0
0
1

0
1
4
4
17940
0
2
10
268435456
2000
250
100
1
0
1
0
0
1

0
1
1
1
17943
0
2
10
268435456
3000
50
1
1
0
1
0
0
1

0
1
1
1
17964
0
2
10
67108864
4000
500
5
1
0
1
0
0
1

0
1
1
1
17973
0
2
10
268435456
3000
250
10
1
0
1
0
0
1

0
1
2
2
17984
0
2
10
67108864
1000
100
10
1
0
1
0
0
1

0
1
8
1
18006
0
2
10
67108864
4000
250
10
1
0
1
0
0
1

0
1
1
1
18020
0
2
10
134217728
3000
500
1000
1
0
1
0
0
1

0
1
8
8
18023
0
2
10
268435456
3000
50
1
1
0
1
0
0
1

0
1
8
4
18034
0
2
10
134217728
3000
1000
10
1
0
1
0
0
1

0
1
8
1
18052
0
2
10
67108864
2000
100
1
1
0
1
0
0
1

0
1
8
1
18075
0
2
10
268435456
3000
250
10
1
0
1
0
0
1

0
1
2
1
18085
0
2
10
134217728
2000
100
5
1
0
1
0
0
1

0
1
2
1
18108
0
2
10
67108864
2000
250
100
1
0
1
0
0
1

0
1
8
8
18131
0
2
10
134217728
4000
500
1000
1
0
1
0
0
1

0
1
8
2
18134
0
2
10
134217728
4000
500
10
1
0
1
0
0
1

0
1
1
1
18139
0
2
10
67108864
4000
500
1
1
0
1
0
0
1

0
1
2
1
18167
0
2
10
67108864
3000
100
10
1
0
1
0
0
1

0
1
4
2
18178
0
2
10
268435456
1000
500
1000
1
0
1
0
0
1

0
1
8
2
18186
0
2
10
67108864
3000
250
10
1
0
1
0
0
1

0
1
8
2
18193
0
2
10
268435456
2000
500
5
1
0
1
0
0
1

0
1
2
1
18223
0
2
10
134217728
1000
1000
1000
1
0
1
0
0
1

0
1
4
4
18247
0
2
10
268435456
1000
50
100
1
0
1
0
0
1

0
1
1
1
18268
0
2
10
134217728
3000
100
1000
1
0
1
0
0
1

0
1
8
4
18286
0
2
10
268435456
2000
500
5
1
0
1
0
0
1

0
1
2
1
18291
0
2
10
67108864
3000
50
100
1
0
1
0
0
1

0
1
2
2
18302
0
2
10
268435456
1000
500
1
1
0
1
0
0
1

0
1
1
1
18304
0
2
10
268435456
3000
500
1
1
0
1
0
0
1

0
1
4
1
18326
0
2
10
268435456
3000
500
10
1
0
1
0
0
1

0
1
8
4
18356
0
2
10
268435456
2000
500
100
1
0
1
0
0
1

0
1
8
8
18367
0
2
10
268435456
3000
250
5
1
0
1
0
0
1

0
1
2
1
18383
0
2
10
134217728
1000
50
100
1
0
1
0
0
1

0
1
1
1
18398
0
2
10
134217728
3000
100
100
1
0
1
0
0
1

0
1
1
1
18416
0
2
10
134217728
1000
100
10
1
0
1
0
0
1

0
1
4
2
18438
0
2
10
67108864
4000
250
5
1
0
1
0
0
1

0
1
2
1
18441
0
2
10
134217728
3000
100
1000
1
0
1
0
0
1

0
1
8
8
18465
0
2
10
268435456
1000
500
1000
1
0
1
0
0
1

0
1
8
8
18476
0
2
10
67108864
1000
500
1000
1
0
1
0
0
1

0
1
8
2
18486
0
2
10
67108864
2000
50
1000
1
0
1
0
0
1

0
1
2
1
18498
0
2
10
67108864
3000
1000
5
1
0
1
0
0
1

0
1
2
1
18516
0
2
10
134217728
1000
250
10
1
0
1
0
0
1

0
1
2
1
18546
0
2
10
134217728
2000
250
5
1
0
1
0
0
1

0
1
2
1
18558
0
2
10
67108864
1000
500
100
1
0
1
0
0
1

0
1
1
1
18587
0
2
10
67108864
3000
500
100
1
0
1
0
0
1

0
1
2
1
18610
0
2
10
67108864
2000
100
5
1
0
1
0
0
1

0
1
4
1
18612
0
2
10
134217728
2000
1000
5
1
0
1
0
0
1

0
1
2
1
18629
0
2
10
67108864
3000
250
1000
1
0
1
0
0
1

0
1
1
1
18638
0
2
10
67108864
1000
250
1
1
0
1
0
0
1

0
1
8
2
18646
0
2
10
268435456
3000
50
100
1
0
1
0
0
1

0
1
4
4
18648
0
2
10
134217728
4000
250
1000
1
0
1
0
0
1

0
1
1
1
18676
0
2
10
67108864
2000
50
100
1
0
1
0
0
1

0
1
8
4
18680
0
2
10
134217728
2000
500
5
1
0
1
0
0
1

0
1
2
1
18693
0
2
10
268435456
1000
100
1
1
0
1
0
0
1

0
1
8
4
18721
0
2
10
268435456
1000
500
5
1
0
1
0
0
1

0
1
2
2
18743
0
2
10
268435456
2000
500
10
1
0
1
0
0
1

0
1
8
2
18763
0
2
10
67108864
2000
500
10
1
0
1
0
0
1

0
1
2
1
18771
0
2
10
268435456
2000
250
5
1
0
1
0
0
1

0
1
8
4
18794
0
2
10
134217728
3000
500
1
1
0
1
0
0
1

0
1
8
4
18821
0
2
10
134217728
3000
1000
1000
1
0
1
0
0
1

0
1
8
1
18841
0
2
10
268435456
3000
500
10
1
0
1
0
0
1

0
1
1
1
18844
0
2
10
268435456
2000
100
1000
1
0
1
0
0
1

0
1
1
1
18868
0
2
10
134217728
3000
1000
1
1
0
1
0
0
1

0
1
8
8
18873
0
2
10
268435456
3000
50
1000
1
0
1
0
0
1

0
1
1
1
18876
0
2
10
268435456
3000
100
10
1
0
1
0
0
1

0
1
8
1
18880
0
2
10
134217728
3000
500
100
1
0
1
0
0
1

0
1
1
1
18904
0
2
10
67108864
1000
250
100
1
0
1
0
0
1

0
1
8
8
18915
0
2
10
268435456
1000
500
5
1
0
1
0
0
1

0
1
4
1
18930
0
2
10
67108864
3000
100
10
1
0
1
0
0
1

0
1
1
1
18955
0
2
10
268435456
3000
500
1000
1
0
1
0
0
1

0
1
1
1
18971
0
2
10
67108864
4000
250
100
1
0
1
0
0
1

0
1
2
1
18978
0
2
10
268435456
1000
50
1
1
0
1
0
0
1

0
1
1
1
19006
0
2
10
268435456
3000
50
1
1
0
1
0
0
1

0
1
1
1
19025
0
2
10
134217728
2000
1000
1
1
0
1
0
0
1

0
1
4
2
19052
0
2
10
268435456
2000
500
5
1
0
1
0
0
1

0
1
8
8
19079
0
2
10
268435456
1000
500
5
1
0
1
0
0
1

0
1
1
1
19084
0
2
10
67108864
4000
500
1
1
0
1
0
0
1

0
1
8
2
19085
0
2
10
268435456
2000
100
10
1
0
1
0
0
1

0
1
2
2
19092
0
2
10
134217728
3000
1000
1000
1
0
1
0
0
1

0
1
1
1
19119
0
2
10
268435456
3000
50
1
1
0
1
0
0
1

0
1
4
1
19127
0
2
10
268435456
3000
250
5
1
0
1
0
0
1

0
1
1
1
19131
0
2
10
268435456
1000
50
100
1
0
1
0
0
1

0
1
2
2
19137
0
2
10
134217728
3000
250
100
1
0
1
0
0
1

0
1
1
1
19148
0
2
10
67108864
4000
1000
1
1
0
1
0
0
1

0
1
8
2
19155
0
2
10
134217728
3000
500
1000
1
0
1
0
0
1

0
1
1
1
19169
0
2
10
268435456
3000
500
5
1
0
1
0
0
1

0
1
1
1
19180
0
2
10
67108864
2000
1000
1000
1
0
1
0
0
1

0
1
8
2
19195
0
2
10
67108864
3000
1000
5
1
0
1
0
0
1

0
1
4
2
19211
0
2
10
134217728
1000
1000
1000
1
0
1
0
0
1

0
1
1
1
19238
0
2
10
134217728
1000
1000
1
1
0
1
0
0
1

0
1
8
8
19259
0
2
10
134217728
4000
500
5
1
0
1
0
0
1

0
1
4
4
19280
0
2
10
67108864
2000
50
10
1
0
1
0
0
1

0
1
4
4
19310
0
2
10
134217728
4000
500
10
1
0
1
0
0
1

0
1
1
1
19329
0
2
10
134217728
1000
250
10
1
0
1
0
0
1

0
1
1
1
19336
0
2
10
67108864
4000
100
1
1
0
1
0
0
1

0
1
8
1
19362
0
2
10
134217728
1000
250
10
1
0
1
0
0
1

0
1
8
2
19372
0
2
10
134217728
3000
100
5
1
0
1
0
0
1

0
1
1
1
19388
0
2
10
67108864
1000
100
5
1
0
1
0
0
1

0
1
1
1
19409
0
2
10
268435456
2000
500
100
1
0
1
0
0
1

0
1
8
4
19411
0
2
10
268435456
1000
50
5
1
0
1
0
0
1

0
1
1
1
19430
0
2
10
67108864
1000
500
10
1
0
1
0
0
1

0
1
4
1
19438
0
2
10
268435456
3000
500
100
1
0
1
0
0
1

0
1
4
4
19449
0
2
10
67108864
4000
250
1
1
0
1
0
0
1

0
1
2
1
19460
0
2
10
67108864
3000
1000
100
1
0
1
0
0
1

0
1
1
1
19484
0
2
10
67108864
3000
500
1000
1
0
1
0
0
1

0
1
1
1
19505
0
2
10
268435456
3000
50
1000
1
0
1
0
0
1

0
1
2
1
19518
0
2
10
67108864
4000
250
100
1
0
1
0
0
1

0
1
4
1
19522
0
2
10
67108864
3000
50
100
1
0
1
0
0
1

0
1
4
2
19525
0
2
10
67108864
1000
250
10
1
0
1
0
0
1

0
1
1
1
19546
0
2
10
268435456
3000
100
1
1
0
1
0
0
1

0
1
4
2
19568
0
2
10
67108864
4000
100
5
1
0
1
0
0
1

0
1
8
2
19574
0
2
10
134217728
2000
100
10
1
0
1
0
0
1

0
1
4
1
19582
0
2
10
134217728
3000
500
1
1
0
1
0
0
1

0
1
4
2
19588
0
2
10
67108864
3000
50
1
1
0
1
0
0
1

0
1
4
4
19601
0
2
10
134217728
1000
50
1000
1
0
1
0
0
1

0
1
4
2
19617
0
2
10
268435456
3000
500
1000
1
0
1
0
0
1

0
1
8
4
19643
0
2
10
134217728
2000
100
5
1
0
1
0
0
1

0
1
1
1
19667
0
2
10
268435456
3000
50
100
1
0
1
0
0
1

0
1
1
1
19697
0
2
10
67108864
3000
100
100
1
0
1
0
0
1

0
1
2
1
19719
0
2
10
134217728
3000
50
1
1
0
1
0
0
1

0
1
4
2
19732
0
2
10
67108864
4000
250
100
1
0
1
0
0
1

0
1
1
1
19761
0
2
10
67108864
1000
250
10
1
0
1
0
0
1

0
1
8
2
19764
0
2
10
134217728
2000
100
5
1
0
1
0
0
1

0
1
8
1
19771
0
2
10
134217728
3000
50
1
1
0
1
0
0
1

0
1
2
1
19786
0
2
10
67108864
1000
50
1
1
0
1
0
0
1

0
1
8
2
19813
0
2
10
67108864
3000
1000
1
1
0
1
0
0
1

0
1
8
1
19825
0
2
10
67108864
2000
1000
1
1
0
1
0
0
1

0
1
4
2
19840
0
2
10
67108864
2000
50
1
1
0
1
0
0
1

0
1
2
2
19847
0
2
10
268435456
2000
500
1000
1
0
1
0
0
1

0
1
2
2
19873
0
2
10
134217728
2000
100
1000
1
0
1
0
0
1

0
1
8
8
19901
0
2
10
268435456
2000
100
100
1
0
1
0
0
1

0
1
4
4
19917
0
2
10
134217728
3000
50
1000
1
0
1
0
0
1

0
1
2
2
19935
0
2
10
134217728
4000
500
100
1
0
1
0
0
1

0
1
4
4
19939
0
2
10
134217728
2000
1000
100
1
0
1
0
0
1

0
1
2
1
19949
0
2
10
268435456
3000
500
100
1
0
1
0
0
1

0
1
1
1
19951
0
2
10
67108864
3000
50
5
1
0
1
0
0
1

0
1
4
2
19978
0
2
10
67108864
3000
500
1
1
0
1
0
0
1

0
1
8
1
20001
0
2
10
268435456
3000
50
5
1
0
1
0
0
1

0
1
2
1
20023
0
2
10
134217728
4000
500
5
1
0
1
0
0
1

0
1
8
2
20031
0
2
10
134217728
1000
50
5
1
0
1
0
0
1

0
1
4
2
20037
0
2
10
134217728
4000
1000
1
1
0
1
0
0
1

0
1
8
1
20065
0
2
10
67108864
4000
500
5
1
0
1
0
0
1

0
1
2
2
20072
0
2
10
268435456
3000
250
10
1
0
1
0
0
1

0
1
4
2
20083
0
2
10
67108864
4000
50
5
1
0
1
0
0
1

0
1
2
1
20095
0
2
10
268435456
3000
500
1000
1
0
1
0
0
1

0
1
2
1
20123
0
2
10
134217728
2000
250
1
1
0
1
0
0
1

0
1
2
2
20128
0
2
10
268435456
1000
50
10
1
0
1
0
0
1

0
1
2
1
20153
0
2
10
268435456
1000
500
1
1
0
1
0
0
1

0
1
8
2
20156
0
2
10
268435456
1000
500
10
1
0
1
0
0
1

0
1
2
1
20175
0
2
10
268435456
2000
500
1000
1
0
1
0
0
1

0
1
8
2
20201
0
2
10
268435456
3000
250
5
1
0
1
0
0
1

0
1
4
4
20216
0
2
10
268435456
3000
250
10
1
0
1
0
0
1

0
1
1
1
20220
0
2
10
67108864
2000
500
10
1
0
1
0
0
1

0
1
8
8
20241
0
2
10
268435456
3000
100
100
1
0
1
0
0
1

0
1
4
1
20269
0
2
10
268435456
3000
500
1000
1
0
1
0
0
1

0
1
1
1
20274
0
2
10
67108864
3000
1000
100
1
0
1
0
0
1

0
1
2
1
20285
0
2
10
134217728
4000
100
5
1
0
1
0
0
1

0
1
1
1
20296
0
2
10
268435456
2000
50
10
1
0
1
0
0
1

0
1
2
2
20312
0
2
10
268435456
2000
100
5
1
0
1
0
0
1

0
1
4
4
20328
0
2
10
268435456
3000
50
1
1
0
1
0
0
1

0
1
1
1
20339
0
2
10
268435456
1000
500
100
1
0
1
0
0
1

0
1
2
1
20359
0
2
10
67108864
1000
500
100
1
0
1
0
0
1

0
1
4
2
20364
0
2
10
268435456
3000
50
100
1
0
1
0
0
1

0
1
2
1
20373
0
2
10
134217728
3000
50
1
1
0
1
0
0
1

0
1
1
1
20380
0
2
10
268435456
1000
500
1
1
0
1
0
0
1

0
1
2
1
20383
0
2
10
67108864
4000
250
10
1
0
1
0
0
1

0
1
4
2
20412
0
2
10
134217728
1000
500
5
1
0
1
0
0
1

0
1
8
2
20426
0
2
10
134217728
2000
50
10
1
0
1
0
0
1

0
1
8
8
20451
0
2
10
67108864
1000
50
1
1
0
1
0
0
1

0
1
4
2
20459
0
2
10
268435456
3000
50
10
1
0
1
0
0
1

0
1
8
4
20487
0
2
10
67108864
3000
50
1000
1
0
1
0
0
1

0
1
1
1
20504
0
2
10
67108864
3000
1000
1
1
0
1
0
0
1

0
1
8
8
20526
0
2
10
67108864
1000
100
100
1
0
1
0
0
1

0
1
8
4
20551
0
2
10
268435456
3000
100
1000
1
0
1
0
0
1

0
1
2
1
20581
0
2
10
268435456
3000
500
1
1
0
1
0
0
1

0
1
2
1
20611
0
2
10
67108864
1000
50
1000
1
0
1
0
0
1

0
1
1
1
20621
0
2
10
134217728
1000
500
1
1
0
1
0
0
1

0
1
8
1
20639
0
2
10
268435456
2000
50
1
1
0
1
0
0
1

0
1
4
1
20661
0
2
10
268435456
3000
500
5
1
0
1
0
0
1

0
1
8
4
20665
0
2
10
268435456
1000
500
1000
1
0
1
0
0
1

0
1
1
1
20671
0
2
10
134217728
1000
500
1
1
0
1
0
0
1

0
1
4
1
20675
0
2
10
268435456
3000
250
1
1
0
1
0
0
1

0
1
8
4
20679
0
2
10
134217728
3000
50
1
1
0
1
0
0
1

0
1
4
1
20683
0
2
10
134217728
4000
100
100
1
0
1
0
0
1

0
1
4
2
20697
0
2
10
134217728
1000
100
100
1
0
1
0
0
1

0
1
1
1
20721
0
2
10
67108864
3000
250
5
1
0
1
0
0
1

0
1
1
1
20742
0
2
10
268435456
3000
500
1000
1
0
1
0
0
1

0
1
1
1
20764
0
2
10
268435456
2000
250
1
1
0
1
0
0
1

0
1
2
1
20770
0
2
10
67108864
4000
250
10
1
0
1
0
0
1

0
1
4
2
20779
0
2
10
67108864
1000
1000
10
1
0
1
0
0
1

0
1
4
2
20809
0
2
10
134217728
3000
100
1000
1
0
1
0
0
1

0
1
4
2
20811
0
2
10
134217728
3000
100
1
1
0
1
0
0
1

0
1
8
1
20833
0
2
10
268435456
1000
500
1
1
0
1
0
0
1

0
1
1
1
20847
0
2
10
67108864
1000
500
10
1
0
1
0
0
1

0
1
4
2
20856
0
2
10
67108864
2000
50
1
1
0
1
0
0
1

0
1
1
1
20881
0
2
10
268435456
3000
500
100
1
0
1
0
0
1

0
1
2
1
20901
0
2
10
134217728
4000
500
5
1
0
1
0
0
1

0
1
1
1
20906
0
2
10
134217728
2000
250
10
1
0
1
0
0
1

0
1
8
1
20933
0
2
10
67108864
4000
500
1000
1
0
1
0
0
1

0
1
4
2
20952
0
2
10
134217728
1000
250
1000
1
0
1
0
0
1

0
1
1
1
20981
0
2
10
67108864
2000
500
100
1
0
1
0
0
1

0
1
8
1
21001
0
2
10
134217728
4000
50
1
1
0
1
0
0
1

0
1
4
4
21005
0
2
10
268435456
3000
500
5
1
0
1
0
0
1

0
1
4
2
21012
0
2
10
67108864
3000
50
100
1
0
1
0
0
1

0
1
8
1
21040
0
2
10
134217728
4000
100
5
1
0
1
0
0
1

0
1
2
1
21063
0
2
10
67108864
2000
50
1000
1
0
1
0
0
1

0
1
4
2
21069
0
2
10
134217728
1000
500
100
1
0
1
0
0
1

0
1
8
1
21078
0
2
10
134217728
4000
250
5
1
0
1
0
0
1

0
1
8
4
21106
0
2
10
134217728
1000
1000
1000
1
0
1
0
0
1

0
1
4
1
21129
0
2
10
67108864
1000
250
1000
1
0
1
0
0
1

0
1
4
4
21157
0
2
10
134217728
1000
1000
1
1
0
1
0
0
1

0
1
8
2
21164
0
2
10
67108864
1000
100
5
1
0
1
0
0
1

0
1
2
1
21190
0
2
10
268435456
1000
500
100
1
0
1
0
0
1

0
1
4
2
21218
0
2
10
268435456
1000
50
1000
1
0
1
0
0
1

0
1
2
1
21222
0
2
10
268435456
3000
500
1
1
0
1
0
0
1

0
1
1
1
21238
0
2
10
67108864
4000
250
10
1
0
1
0
0
1

0
1
8
8
21265
0
2
10
268435456
2000
50
1
1
0
1
0
0
1

0
1
4
2
21277
0
2
10
268435456
2000
250
1000
1
0
1
0
0
1

0
1
8
8
21279
0
2
10
268435456
3000
100
5
1
0
1
0
0
1

0
1
8
2
21296
0
2
10
268435456
3000
500
5
1
0
1
0
0
1

0
1
4
2
21308
0
2
10
268435456
2000
50
100
1
0
1
0
0
1

0
1
1
1
21321
0
2
10
67108864
1000
250
100
1
0
1
0
0
1

0
1
1
1
21322
0
2
10
134217728
1000
1000
1
1
0
1
0
0
1

0
1
1
1
21348
0
2
10
268435456
1000
500
100
1
0
1
0
0
1

0
1
4
2
21373
0
2
10
268435456
3000
500
10
1
0
1
0
0
1

0
1
8
8
21377
0
2
10
134217728
4000
50
1000
1
0
1
0
0
1

0
1
8
8
21397
0
2
10
268435456
3000
500
1
1
0
1
0
0
1

0
1
4
1
21398
0
2
10
134217728
1000
100
10
1
0
1
0
0
1

0
1
2
1
21428
0
2
10
134217728
4000
1000
1
1
0
1
0
0
1

0
1
4
2
21453
0
2
10
134217728
4000
250
100
1
0
1
0
0
1

0
1
4
1
21483
0
2
10
134217728
2000
250
5
1
0
1
0
0
1

0
1
1
1
21500
0
2
10
268435456
3000
50
1
1
0
1
0
0
1

0
1
4
4
21530
0
2
10
134217728
3000
500
10
1
0
1
0
0
1

0
1
1
1
21555
0
2
10
268435456
2000
100
1
1
0
1
0
0
1

0
1
1
1
21580
0
2
10
134217728
4000
500
1000
1
0
1
0
0
1

0
1
2
2
21608
0
2
10
134217728
1000
100
10
1
0
1
0
0
1

0
1
2
2
21615
0
2
10
134217728
4000
500
1
1
0
1
0
0
1

0
1
8
1
21630
0
2
10
268435456
3000
50
100
1
0
1
0
0
1

0
1
4
2
21639
0
2
10
67108864
2000
100
1
1
0
1
0
0
1

0
1
2
1
21665
0
2
10
134217728
3000
250
100
1
0
1
0
0
1

0
1
1
1
21666
0
2
10
67108864
2000
1000
10
1
0
1
0
0
1

0
1
4
4
21687
0
2
10
67108864
3000
1000
5
1
0
1
0
0
1

0
1
1
1
21699
0
2
10
268435456
3000
250
5
1
0
1
0
0
1

0
1
8
2
21704
0
2
10
268435456
2000
250
10
1
0
1
0
0
1

0
1
8
4
21732
0
2
10
67108864
3000
100
100
1
0
1
0
0
1

0
1
8
8
21758
0
2
10
268435456
3000
500
100
1
0
1
0
0
1

0
1
4
4
21759
0
2
10
268435456
3000
500
1000
1
0
1
0
0
1

0
1
8
8
21763
0
2
10
268435456
3000
500
100
1
0
1
0
0
1

0
1
8
4
21772
0
2
10
67108864
4000
1000
100
1
0
1
0
0
1

0
1
1
1
21784
0
2
10
268435456
2000
100
5
1
0
1
0
0
1

0
1
1
1
21798
0
2
10
134217728
4000
500
5
1
0
1
0
0
1

0
1
2
1
21812
0
2
10
268435456
3000
250
10
1
0
1
0
0
1

0
1
4
2
21829
0
2
10
67108864
1000
50
100
1
0
1
0
0
1

0
1
8
2
21846
0
2
10
67108864
3000
250
100
1
0
1
0
0
1

0
1
1
1
21848
0
2
10
67108864
3000
50
100
1
0
1
0
0
1

0
1
8
2
21864
0
2
10
134217728
3000
100
100
1
0
1
0
0
1

0
1
8
1
21868
0
2
10
268435456
3000
50
100
1
0
1
0
0
1

0
1
4
1
21877
0
2
10
67108864
1000
500
10
1
0
1
0
0
1

0
1
2
2
21897
0
2
10
268435456
3000
500
100
1
0
1
0
0
1

0
1
4
4
21927
0
2
10
134217728
2000
50
1000
1
0
1
0
0
1

0
1
1
1
21953
0
2
10
268435456
1000
50
5
1
0
1
0
0
1

0
1
4
2
21964
0
2
10
134217728
2000
50
5
1
0
1
0
0
1

0
1
1
1
21979
0
2
10
67108864
2000
500
10
1
0
1
0
0
1

0
1
1
1
22001
0
2
10
67108864
2000
100
5
1
0
1
0
0
1

0
1
4
2
22006
0
2
10
134217728
1000
50
100
1
0
1
0
0
1

0
1
4
2
22019
0
2
10
268435456
3000
100
10
1
0
1
0
0
1

0
1
1
1
22042
0
2
10
268435456
3000
50
10
1
0
1
0
0
1

0
1
2
1
22059
0
2
10
268435456
1000
100
1
1
0
1
0
0
1

0
1
2
1
22065
0
2
10
67108864
3000
100
10
1
0
1
0
0
1

0
1
4
2
22082
0
2
10
67108864
2000
1000
1000
1
0
1
0
0
1

0
1
8
4
22097
0
2
10
134217728
2000
50
5
1
0
1
0
0
1

0
1
1
1
22122
0
2
10
134217728
3000
50
1
1
0
1
0
0
1

0
1
8
8
22147
0
2
10
134217728
3000
50
10
1
0
1
0
0
1

0
1
2
1
22167
0
2
10
134217728
3000
250
5
1
0
1
0
0
1

0
1
1
1
22194
0
2
10
268435456
3000
100
1
1
0
1
0
0
1

0
1
2
2
22207
0
2
10
134217728
1000
500
1
1
0
1
0
0
1

0
1
1
1
22230
0
2
10
134217728
2000
250
1
1
0
1
0
0
1

0
1
2
1
22235
0
2
10
268435456
3000
50
100
1
0
1
0
0
1

0
1
4
4
22243
0
2
10
67108864
2000
50
1000
1
0
1
0
0
1

0
1
1
1
22272
0
2
10
67108864
4000
500
100
1
0
1
0
0
1

0
1
1
1
22273
0
2
10
134217728
2000
500
100
1
0
1
0
0
1

0
1
4
2
22285
0
2
10
134217728
4000
50
100
1
0
1
0
0
1

0
1
8
8
22294
0
2
10
67108864
2000
50
10
1
0
1
0
0
1

0
1
2
1
22298
0
2
10
134217728
3000
100
1
1
0
1
0
0
1

0
1
4
1
22308
0
2
10
134217728
1000
100
100
1
0
1
0
0
1

0
1
1
1
22335
0
2
10
134217728
4000
500
5
1
0
1
0
0
1

0
1
8
1
22362
0
2
10
134217728
1000
50
5
1
0
1
0
0
1

0
1
2
2
22372
0
2
10
134217728
2000
500
10
1
0
1
0
0
1

0
1
4
2
22399
0
2
10
268435456
3000
250
1
1
0
1
0
0
1

0
1
4
2
22422
0
2
10
134217728
4000
100
100
1
0
1
0
0
1

0
1
2
1
22437
0
2
10
268435456
3000
500
5
1
0
1
0
0
1

0
1
1
1
22462
0
2
10
134217728
4000
1000
5
1
0
1
0
0
1

0
1
4
1
22486
0
2
10
67108864
3000
1000
100
1
0
1
0
0
1

0
1
1
1
22501
0
2
10
67108864
1000
250
1
1
0
1
0
0
1

0
1
8
8
22514
0
2
10
134217728
1000
50
1
1
0
1
0
0
1

0
1
1
1
22532
0
2
10
268435456
3000
500
10
1
0
1
0
0
1

0
1
8
4
22559
0
2
10
268435456
2000
100
1000
1
0
1
0
0
1

0
1
8
8
22580
0
2
10
134217728
2000
100
100
1
0
1
0
0
1

0
1
4
2
22602
0
2
10
134217728
2000
100
100
1
0
1
0
0
1

0
1
2
1
22628
0
2
10
134217728
2000
1000
10
1
0
1
0
0
1

0
1
4
4
22655
0
2
10
134217728
1000
100
5
1
0
1
0
0
1

0
1
2
1
22676
0
2
10
134217728
3000
1000
100
1
0
1
0
0
1

0
1
2
1
22692
0
2
10
268435456
1000
250
1
1
0
1
0
0
1

0
1
1
1
22717
0
2
10
268435456
3000
500
100
1
0
1
0
0
1

0
1
8
4
22735
0
2
10
134217728
2000
500
100
1
0
1
0
0
1

0
1
8
2
22743
0
2
10
134217728
2000
50
100
1
0
1
0
0
1

0
1
1
1
22768
0
2
10
134217728
4000
500
100
1
0
1
0
0
1

0
1
4
2
22786
0
2
10
134217728
2000
100
1000
1
0
1
0
0
1

0
1
1
1
22790
0
2
10
134217728
1000
250
1
1
0
1
0
0
1

0
1
8
2
22807
0
2
10
134217728
3000
50
1000
1
0
1
0
0
1

0
1
8
4
22821
0
2
10
268435456
1000
250
100
1
0
1
0
0
1

0
1
8
2
22832
0
2
10
268435456
2000
250
5
1
0
1
0
0
1

0
1
8
1
22856
0
2
10
268435456
3000
500
100
1
0
1
0
0
1

