1500

3
1
2
1
20
0
0
9
268435456
3000
500
1
0
1
0
0
1

3
1
2
1
49
0
2
10
268435456
3000
500
10
1
0
1
0
0
1

3
1
4
4
50
0
0
9
67108864
3000
500
1
0
1
0
0
1

3
1
2
1
60
0
0
9
67108864
4000
250
1
0
1
0
0
1

3
1
8
2
84
0
0
9
67108864
3000
50
1
0
1
0
0
1

3
1
4
2
107
0
1
12
134217728
4000
100
90
1
1
0
1
0
0
1
0
3
1
4
2
136
0
1
12
134217728
3000
100
93
1
1
0
1
0
0
1
0
3
1
1
1
137
0
1
12
268435456
1000
250
3
1
1
0
1
0
0
1
0
3
1
2
1
166
0
0
9
134217728
1000
50
1
0
1
0
0
1

3
1
8
4
170
0
2
10
67108864
1000
100
1
1
0
1
0
0
1

3
1
2
1
194
0
2
10
134217728
3000
500
1000
1
0
1
0
0
1

3
1
8
2
216
0
2
10
268435456
1000
250
100
1
0
1
0
0
1

3
1
8
4
224
0
1
12
67108864
3000
500
4
1
1
0
1
0
0
1
0
3
1
2
1
232
0
0
9
134217728
2000
500
1
0
1
0
0
1

3
1
4
4
256
0
2
10
67108864
3000
500
1000
1
0
1
0
0
1

3
1
4
2
267
0
0
9
134217728
3000
250
1
0
1
0
0
1

3
1
4
2
272
0
2
10
134217728
1000
500
1000
1
0
1
0
0
1

3
1
1
1
285
0
1
12
268435456
2000
500
81
1
1
0
1
0
0
1
0
3
1
8
8
295
0
1
12
268435456
1000
250
25
1
1
0
1
0
0
1
0
3
1
2
1
305
0
0
9
268435456
1000
100
1
0
1
0
0
1

3
1
1
1
322
0
0
9
268435456
3000
500
1
0
1
0
0
1

3
1
2
1
346
0
1
11
67108864
4000
500
15
0
1
0
1
0
0
1
3
1
8
1
352
0
1
11
134217728
4000
500
78
0
1
0
1
0
0
1
3
1
4
2
381
0
2
10
67108864
2000
250
5
1
0
1
0
0
1

3
1
8
4
410
0
1
12
268435456
3000
500
9
1
1
0
1
0
0
1
0
3
1
2
1
412
0
2
10
134217728
3000
100
5
1
0
1
0
0
1

3
1
8
2
418
0
1
12
134217728
4000
500
89
1
1
0
1
0
0
1
0
3
1
8
4
431
0
1
12
268435456
1000
500
49
1
1
0
1
0
0
1
0
3
1
8
4
441
0
0
9
134217728
1000
100
1
0
1
0
0
1

3
1
1
1
462
0
0
9
268435456
3000
500
1
0
1
0
0
1

3
1
8
2
467
0
0
9
67108864
1000
50
1
0
1
0
0
1

3
1
1
1
497
0
0
9
268435456
3000
100
1
0
1
0
0
1

3
1
2
1
523
0
2
10
268435456
3000
50
1
1
0
1
0
0
1

3
1
1
1
545
0
1
11
134217728
1000
1000
38
0
1
0
1
0
0
1
3
1
4
1
555
0
0
9
268435456
3000
500
1
0
1
0
0
1

3
1
2
1
583
0
0
9
268435456
3000
500
1
0
1
0
0
1

3
1
2
1
597
0
2
10
134217728
1000
50
10
1
0
1
0
0
1

3
1
1
1
609
0
0
9
268435456
3000
250
1
0
1
0
0
1

3
1
2
1
620
0
0
9
268435456
2000
100
1
0
1
0
0
1

3
1
2
1
630
0
2
10
67108864
1000
50
10
1
0
1
0
0
1

3
1
1
1
651
0
2
10
268435456
1000
500
1
1
0
1
0
0
1

3
1
8
2
659
0
0
9
134217728
1000
50
1
0
1
0
0
1

3
1
8
4
689
0
2
10
134217728
2000
50
5
1
0
1
0
0
1

3
1
4
1
712
0
2
10
134217728
1000
500
10
1
0
1
0
0
1

3
1
2
1
715
0
0
9
67108864
2000
500
1
0
1
0
0
1

3
1
4
1
717
0
1
11
67108864
4000
1000
69
0
1
0
1
0
0
1
3
1
4
1
719
0
2
10
268435456
3000
100
100
1
0
1
0
0
1

3
1
8
8
730
0
0
9
268435456
2000
100
1
0
1
0
0
1

3
1
4
1
744
0
0
9
268435456
2000
500
1
0
1
0
0
1

3
1
2
1
771
0
2
10
67108864
3000
50
10
1
0
1
0
0
1

3
1
4
4
786
0
2
10
268435456
3000
500
100
1
0
1
0
0
1

3
1
2
2
795
0
2
10
268435456
2000
50
1
1
0
1
0
0
1

3
1
1
1
814
0
1
11
67108864
3000
250
2
0
1
0
1
0
0
1
3
1
2
2
815
0
2
10
134217728
4000
100
100
1
0
1
0
0
1

3
1
8
2
820
0
0
9
67108864
2000
50
1
0
1
0
0
1

3
1
4
2
830
0
2
10
134217728
4000
100
100
1
0
1
0
0
1

3
1
4
1
836
0
1
12
67108864
1000
1000
49
1
1
0
1
0
0
1
0
3
1
1
1
864
0
0
9
134217728
1000
100
1
0
1
0
0
1

3
1
1
1
885
0
2
10
134217728
4000
1000
5
1
0
1
0
0
1

3
1
1
1
915
0
0
9
134217728
2000
500
1
0
1
0
0
1

3
1
4
2
929
0
0
9
134217728
3000
1000
1
0
1
0
0
1

3
1
4
4
952
0
0
9
134217728
2000
500
1
0
1
0
0
1

3
1
1
1
959
0
1
11
134217728
3000
100
79
0
1
0
1
0
0
1
3
1
4
2
960
0
2
10
268435456
2000
500
1000
1
0
1
0
0
1

3
1
2
1
989
0
2
10
67108864
4000
250
1
1
0
1
0
0
1

3
1
2
1
998
0
0
9
268435456
2000
250
1
0
1
0
0
1

3
1
8
8
1026
0
1
12
67108864
4000
100
27
1
1
0
1
0
0
1
0
3
1
8
1
1049
0
1
11
134217728
3000
50
8
0
1
0
1
0
0
1
3
1
1
1
1061
0
0
9
134217728
3000
50
1
0
1
0
0
1

3
1
4
2
1090
0
0
9
268435456
2000
250
1
0
1
0
0
1

3
1
2
2
1119
0
2
10
67108864
4000
50
5
1
0
1
0
0
1

3
1
4
2
1122
0
2
10
268435456
2000
50
100
1
0
1
0
0
1

3
1
2
1
1143
0
1
12
67108864
1000
500
92
1
1
0
1
0
0
1
0
3
1
4
2
1147
0
0
9
67108864
1000
100
1
0
1
0
0
1

3
1
1
1
1177
0
0
9
268435456
3000
500
1
0
1
0
0
1

3
1
4
4
1205
0
1
11
134217728
1000
50
91
0
1
0
1
0
0
1
3
1
8
4
1213
0
1
11
67108864
3000
250
29
0
1
0
1
0
0
1
3
1
4
4
1241
0
2
10
268435456
3000
50
10
1
0
1
0
0
1

3
1
4
1
1252
0
0
9
67108864
3000
1000
1
0
1
0
0
1

3
1
8
2
1272
0
0
9
268435456
2000
500
1
0
1
0
0
1

3
1
4
2
1276
0
0
9
67108864
2000
500
1
0
1
0
0
1

3
1
4
1
1290
0
1
11
134217728
3000
500
78
0
1
0
1
0
0
1
3
1
8
2
1313
0
0
9
134217728
3000
250
1
0
1
0
0
1

3
1
2
1
1340
0
2
10
134217728
1000
250
5
1
0
1
0
0
1

3
1
1
1
1341
0
1
12
268435456
3000
500
92
1
1
0
1
0
0
1
0
3
1
8
8
1359
0
1
12
67108864
3000
250
37
1
1
0
1
0
0
1
0
3
1
2
1
1383
0
2
10
134217728
4000
100
1000
1
0
1
0
0
1

3
1
2
1
1388
0
2
10
134217728
3000
100
1000
1
0
1
0
0
1

3
1
8
8
1414
0
0
9
134217728
4000
50
1
0
1
0
0
1

3
1
1
1
1444
0
0
9
134217728
2000
500
1
0
1
0
0
1

3
1
2
2
1460
0
1
12
268435456
3000
50
41
1
1
0
1
0
0
1
0
3
1
4
2
1482
0
1
11
67108864
1000
1000
27
0
1
0
1
0
0
1
3
1
2
1
1501
0
0
9
67108864
1000
500
1
0
1
0
0
1

3
1
4
4
1509
0
0
9
67108864
3000
1000
1
0
1
0
0
1

3
1
4
2
1510
0
0
9
134217728
2000
250
1
0
1
0
0
1

3
1
1
1
1538
0
0
9
67108864
3000
250
1
0
1
0
0
1

3
1
8
1
1555
0
2
10
134217728
3000
500
100
1
0
1
0
0
1

3
1
2
1
1571
0
2
10
67108864
1000
250
100
1
0
1
0
0
1

3
1
8
2
1596
0
1
11
268435456
2000
250
5
0
1
0
1
0
0
1
3
1
4
2
1602
0
1
12
67108864
1000
100
86
1
1
0
1
0
0
1
0
3
1
1
1
1611
0
0
9
268435456
2000
100
1
0
1
0
0
1

3
1
2
1
1631
0
1
11
134217728
2000
250
5
0
1
0
1
0
0
1
3
1
2
1
1642
0
0
9
134217728
3000
250
1
0
1
0
0
1

3
1
1
1
1669
0
0
9
67108864
2000
1000
1
0
1
0
0
1

3
1
2
1
1691
0
2
10
134217728
4000
250
1
1
0
1
0
0
1

3
1
4
1
1710
0
1
11
268435456
1000
500
10
0
1
0
1
0
0
1
3
1
1
1
1734
0
0
9
134217728
2000
50
1
0
1
0
0
1

3
1
1
1
1744
0
0
9
67108864
3000
1000
1
0
1
0
0
1

3
1
4
1
1763
0
0
9
67108864
2000
1000
1
0
1
0
0
1

3
1
2
1
1780
0
2
10
268435456
1000
100
1
1
0
1
0
0
1

3
1
2
2
1809
0
0
9
67108864
1000
500
1
0
1
0
0
1

3
1
4
2
1834
0
1
12
268435456
3000
500
28
1
1
0
1
0
0
1
0
3
1
4
2
1850
0
2
10
67108864
1000
100
100
1
0
1
0
0
1

3
1
2
1
1864
0
0
9
268435456
2000
500
1
0
1
0
0
1

3
1
8
8
1890
0
2
10
134217728
3000
1000
1
1
0
1
0
0
1

3
1
4
1
1918
0
1
12
268435456
3000
50
35
1
1
0
1
0
0
1
0
3
1
8
8
1927
0
1
11
67108864
1000
100
29
0
1
0
1
0
0
1
3
1
8
8
1953
0
2
10
67108864
4000
250
1
1
0
1
0
0
1

3
1
2
1
1983
0
0
9
67108864
4000
100
1
0
1
0
0
1

3
1
2
2
2012
0
1
12
268435456
3000
500
44
1
1
0
1
0
0
1
0
3
1
1
1
2013
0
2
10
134217728
1000
1000
1
1
0
1
0
0
1

3
1
8
4
2042
0
2
10
134217728
3000
1000
10
1
0
1
0
0
1

3
1
1
1
2060
0
1
12
134217728
3000
50
70
1
1
0
1
0
0
1
0
3
1
1
1
2086
0
0
9
134217728
2000
500
1
0
1
0
0
1

3
1
1
1
2105
0
1
11
268435456
3000
500
5
0
1
0
1
0
0
1
3
1
8
8
2113
0
0
9
67108864
3000
500
1
0
1
0
0
1

3
1
1
1
2128
0
1
11
67108864
4000
1000
13
0
1
0
1
0
0
1
3
1
4
1
2130
0
1
11
134217728
1000
1000
33
0
1
0
1
0
0
1
3
1
4
2
2147
0
0
9
268435456
2000
250
1
0
1
0
0
1

3
1
4
1
2166
0
0
9
268435456
1000
100
1
0
1
0
0
1

3
1
8
4
2180
0
1
12
134217728
1000
500
68
1
1
0
1
0
0
1
0
3
1
8
4
2181
0
2
10
268435456
1000
250
10
1
0
1
0
0
1

3
1
8
2
2182
0
1
11
67108864
1000
1000
42
0
1
0
1
0
0
1
3
1
1
1
2208
0
0
9
134217728
3000
250
1
0
1
0
0
1

3
1
1
1
2211
0
2
10
67108864
4000
250
100
1
0
1
0
0
1

3
1
1
1
2234
0
0
9
268435456
2000
500
1
0
1
0
0
1

3
1
8
4
2236
0
1
12
134217728
2000
50
5
1
1
0
1
0
0
1
0
3
1
1
1
2265
0
0
9
67108864
3000
250
1
0
1
0
0
1

3
1
1
1
2266
0
1
11
268435456
1000
500
20
0
1
0
1
0
0
1
3
1
2
1
2287
0
0
9
67108864
2000
1000
1
0
1
0
0
1

3
1
1
1
2310
0
2
10
134217728
3000
500
1
1
0
1
0
0
1

3
1
1
1
2338
0
1
12
134217728
4000
500
8
1
1
0
1
0
0
1
0
3
1
4
1
2343
0
0
9
268435456
3000
500
1
0
1
0
0
1

3
1
2
2
2353
0
0
9
134217728
4000
100
1
0
1
0
0
1

3
1
4
1
2375
0
1
12
67108864
2000
100
3
1
1
0
1
0
0
1
0
3
1
2
1
2377
0
1
12
67108864
1000
500
46
1
1
0
1
0
0
1
0
3
1
1
1
2380
0
2
10
67108864
2000
250
10
1
0
1
0
0
1

3
1
4
4
2382
0
0
9
268435456
2000
50
1
0
1
0
0
1

3
1
2
1
2383
0
1
12
67108864
4000
1000
93
1
1
0
1
0
0
1
0
3
1
4
2
2405
0
1
11
67108864
4000
50
83
0
1
0
1
0
0
1
3
1
2
2
2419
0
2
10
134217728
3000
100
10
1
0
1
0
0
1

3
1
2
2
2420
0
1
11
134217728
4000
1000
24
0
1
0
1
0
0
1
3
1
2
1
2434
0
2
10
134217728
1000
500
100
1
0
1
0
0
1

3
1
4
4
2441
0
2
10
134217728
2000
100
1
1
0
1
0
0
1

3
1
1
1
2444
0
1
12
67108864
3000
250
83
1
1
0
1
0
0
1
0
3
1
8
8
2464
0
2
10
134217728
3000
500
10
1
0
1
0
0
1

3
1
4
2
2482
0
2
10
67108864
2000
100
10
1
0
1
0
0
1

3
1
1
1
2495
0
2
10
67108864
4000
100
1000
1
0
1
0
0
1

3
1
8
2
2522
0
1
12
134217728
1000
100
59
1
1
0
1
0
0
1
0
3
1
1
1
2540
0
2
10
67108864
4000
100
100
1
0
1
0
0
1

3
1
4
4
2545
0
1
11
268435456
3000
500
79
0
1
0
1
0
0
1
3
1
2
1
2569
0
1
11
134217728
3000
100
86
0
1
0
1
0
0
1
3
1
8
1
2589
0
0
9
268435456
2000
100
1
0
1
0
0
1

3
1
8
2
2614
0
0
9
134217728
2000
100
1
0
1
0
0
1

3
1
4
4
2628
0
1
12
268435456
3000
50
35
1
1
0
1
0
0
1
0
3
1
4
2
2644
0
0
9
134217728
3000
100
1
0
1
0
0
1

3
1
2
1
2650
0
2
10
268435456
1000
500
10
1
0
1
0
0
1

3
1
4
2
2674
0
0
9
134217728
3000
500
1
0
1
0
0
1

3
1
8
1
2683
0
1
11
134217728
4000
500
90
0
1
0
1
0
0
1
3
1
4
2
2692
0
0
9
67108864
2000
100
1
0
1
0
0
1

3
1
2
2
2696
0
1
11
268435456
3000
100
23
0
1
0
1
0
0
1
3
1
2
1
2700
0
0
9
134217728
4000
250
1
0
1
0
0
1

3
1
2
1
2709
0
2
10
134217728
3000
500
1
1
0
1
0
0
1

3
1
1
1
2730
0
2
10
67108864
1000
250
5
1
0
1
0
0
1

3
1
4
4
2734
0
2
10
268435456
3000
500
1000
1
0
1
0
0
1

3
1
4
2
2749
0
0
9
67108864
3000
250
1
0
1
0
0
1

3
1
8
2
2779
0
1
12
134217728
3000
500
47
1
1
0
1
0
0
1
0
3
1
8
1
2790
0
0
9
134217728
2000
100
1
0
1
0
0
1

3
1
8
1
2811
0
0
9
67108864
4000
1000
1
0
1
0
0
1

3
1
8
8
2828
0
2
10
67108864
3000
1000
10
1
0
1
0
0
1

3
1
4
2
2850
0
2
10
67108864
4000
100
1000
1
0
1
0
0
1

3
1
4
2
2872
0
1
12
134217728
4000
500
86
1
1
0
1
0
0
1
0
3
1
1
1
2876
0
1
12
67108864
3000
100
33
1
1
0
1
0
0
1
0
3
1
8
4
2894
0
2
10
134217728
1000
1000
1
1
0
1
0
0
1

3
1
2
2
2924
0
0
9
268435456
3000
250
1
0
1
0
0
1

3
1
2
1
2943
0
1
11
67108864
3000
250
57
0
1
0
1
0
0
1
3
1
8
2
2953
0
2
10
268435456
3000
100
1
1
0
1
0
0
1

3
1
2
1
2960
0
1
12
134217728
3000
50
32
1
1
0
1
0
0
1
0
3
1
8
4
2971
0
0
9
134217728
1000
50
1
0
1
0
0
1

3
1
2
1
2979
0
1
12
134217728
4000
500
65
1
1
0
1
0
0
1
0
3
1
2
1
2985
0
2
10
268435456
1000
250
1
1
0
1
0
0
1

3
1
1
1
2991
0
0
9
67108864
1000
1000
1
0
1
0
0
1

3
1
1
1
3019
0
2
10
268435456
2000
250
10
1
0
1
0
0
1

3
1
8
1
3040
0
0
9
134217728
4000
1000
1
0
1
0
0
1

3
1
1
1
3052
0
1
11
134217728
4000
100
92
0
1
0
1
0
0
1
3
1
8
4
3064
0
2
10
134217728
3000
250
100
1
0
1
0
0
1

3
1
2
1
3069
0
1
12
268435456
3000
50
61
1
1
0
1
0
0
1
0
3
1
1
1
3070
0
2
10
268435456
1000
500
1000
1
0
1
0
0
1

3
1
8
8
3076
0
1
11
67108864
2000
1000
11
0
1
0
1
0
0
1
3
1
8
1
3089
0
2
10
67108864
2000
50
100
1
0
1
0
0
1

3
1
2
1
3118
0
0
9
268435456
3000
250
1
0
1
0
0
1

3
1
2
1
3120
0
2
10
67108864
4000
250
10
1
0
1
0
0
1

3
1
4
1
3127
0
2
10
67108864
2000
250
1
1
0
1
0
0
1

3
1
1
1
3135
0
2
10
67108864
2000
500
10
1
0
1
0
0
1

3
1
2
1
3139
0
1
12
268435456
2000
500
25
1
1
0
1
0
0
1
0
3
1
2
1
3140
0
1
12
268435456
3000
50
60
1
1
0
1
0
0
1
0
3
1
1
1
3157
0
0
9
268435456
1000
500
1
0
1
0
0
1

3
1
1
1
3168
0
1
12
268435456
1000
100
67
1
1
0
1
0
0
1
0
3
1
2
1
3182
0
2
10
67108864
4000
1000
1
1
0
1
0
0
1

3
1
4
2
3192
0
2
10
134217728
3000
50
1000
1
0
1
0
0
1

3
1
2
2
3216
0
2
10
268435456
2000
50
1000
1
0
1
0
0
1

3
1
8
1
3225
0
1
11
67108864
2000
50
33
0
1
0
1
0
0
1
3
1
4
1
3253
0
2
10
67108864
4000
1000
1000
1
0
1
0
0
1

3
1
2
1
3277
0
1
11
268435456
2000
250
0
0
1
0
1
0
0
1
3
1
8
1
3286
0
2
10
134217728
3000
250
100
1
0
1
0
0
1

3
1
8
4
3304
0
0
9
134217728
3000
100
1
0
1
0
0
1

3
1
4
1
3328
0
1
11
67108864
1000
500
72
0
1
0
1
0
0
1
3
1
1
1
3352
0
1
11
67108864
3000
1000
24
0
1
0
1
0
0
1
3
1
8
1
3369
0
0
9
67108864
2000
250
1
0
1
0
0
1

3
1
4
2
3370
0
2
10
134217728
4000
250
10
1
0
1
0
0
1

3
1
1
1
3378
0
2
10
67108864
2000
100
5
1
0
1
0
0
1

3
1
4
2
3402
0
1
11
268435456
3000
100
30
0
1
0
1
0
0
1
3
1
1
1
3431
0
1
12
268435456
1000
100
67
1
1
0
1
0
0
1
0
3
1
4
1
3447
0
1
11
134217728
1000
500
35
0
1
0
1
0
0
1
3
1
8
8
3465
0
1
11
67108864
4000
1000
6
0
1
0
1
0
0
1
3
1
8
8
3476
0
2
10
268435456
3000
500
1
1
0
1
0
0
1

3
1
1
1
3491
0
2
10
134217728
2000
250
100
1
0
1
0
0
1

3
1
8
1
3492
0
1
11
134217728
2000
1000
71
0
1
0
1
0
0
1
3
1
8
1
3519
0
1
11
67108864
3000
250
31
0
1
0
1
0
0
1
3
1
2
2
3530
0
1
11
268435456
2000
500
58
0
1
0
1
0
0
1
3
1
2
1
3548
0
0
9
268435456
2000
500
1
0
1
0
0
1

3
1
2
2
3575
0
2
10
134217728
3000
100
10
1
0
1
0
0
1

3
1
4
1
3597
0
2
10
67108864
1000
50
1
1
0
1
0
0
1

3
1
8
2
3614
0
1
11
134217728
4000
1000
69
0
1
0
1
0
0
1
3
1
8
8
3629
0
2
10
134217728
3000
50
1
1
0
1
0
0
1

3
1
2
1
3631
0
1
12
134217728
4000
500
22
1
1
0
1
0
0
1
0
3
1
1
1
3641
0
2
10
67108864
1000
50
10
1
0
1
0
0
1

3
1
2
2
3659
0
0
9
67108864
2000
100
1
0
1
0
0
1

3
1
2
1
3676
0
0
9
67108864
1000
50
1
0
1
0
0
1

3
1
2
2
3703
0
1
12
134217728
4000
50
17
1
1
0
1
0
0
1
0
3
1
8
8
3729
0
0
9
268435456
2000
100
1
0
1
0
0
1

3
1
1
1
3732
0
1
12
67108864
4000
250
88
1
1
0
1
0
0
1
0
3
1
1
1
3738
0
1
11
67108864
2000
250
69
0
1
0
1
0
0
1
3
1
1
1
3754
0
0
9
268435456
3000
500
1
0
1
0
0
1

3
1
4
1
3784
0
2
10
67108864
4000
100
10
1
0
1
0
0
1

3
1
2
1
3799
0
1
11
67108864
3000
500
31
0
1
0
1
0
0
1
3
1
4
2
3825
0
2
10
268435456
3000
500
10
1
0
1
0
0
1

3
1
4
2
3826
0
0
9
268435456
3000
50
1
0
1
0
0
1

3
1
4
2
3853
0
0
9
67108864
3000
100
1
0
1
0
0
1

3
1
2
1
3863
0
1
12
268435456
3000
50
79
1
1
0
1
0
0
1
0
3
1
2
2
3887
0
1
12
134217728
1000
500
85
1
1
0
1
0
0
1
0
3
1
1
1
3914
0
0
9
268435456
2000
500
1
0
1
0
0
1

3
1
4
4
3941
0
1
11
268435456
1000
100
34
0
1
0
1
0
0
1
3
1
1
1
3960
0
1
12
67108864
2000
50
53
1
1
0
1
0
0
1
0
3
1
1
1
3964
0
0
9
134217728
3000
50
1
0
1
0
0
1

3
1
2
1
3967
0
0
9
134217728
1000
1000
1
0
1
0
0
1

3
1
8
8
3980
0
0
9
67108864
1000
1000
1
0
1
0
0
1

3
1
4
2
3993
0
2
10
268435456
3000
50
5
1
0
1
0
0
1

3
1
4
2
3997
0
1
11
134217728
4000
500
26
0
1
0
1
0
0
1
3
1
2
1
4003
0
2
10
268435456
2000
50
1
1
0
1
0
0
1

3
1
8
2
4032
0
1
12
67108864
3000
250
38
1
1
0
1
0
0
1
0
3
1
4
2
4055
0
2
10
67108864
3000
100
1
1
0
1
0
0
1

3
1
8
8
4084
0
1
11
134217728
3000
100
25
0
1
0
1
0
0
1
3
1
8
8
4108
0
1
12
134217728
1000
50
98
1
1
0
1
0
0
1
0
3
1
8
1
4133
0
2
10
268435456
1000
500
100
1
0
1
0
0
1

3
1
8
1
4142
0
2
10
268435456
2000
100
5
1
0
1
0
0
1

3
1
2
1
4169
0
2
10
67108864
1000
250
1
1
0
1
0
0
1

3
1
8
1
4198
0
2
10
268435456
3000
500
1
1
0
1
0
0
1

3
1
2
2
4200
0
1
12
134217728
1000
100
61
1
1
0
1
0
0
1
0
3
1
8
4
4205
0
1
11
134217728
4000
100
3
0
1
0
1
0
0
1
3
1
1
1
4222
0
2
10
67108864
4000
1000
10
1
0
1
0
0
1

3
1
8
2
4238
0
1
11
67108864
3000
1000
30
0
1
0
1
0
0
1
3
1
1
1
4251
0
0
9
268435456
2000
500
1
0
1
0
0
1

3
1
2
2
4260
0
2
10
134217728
4000
50
100
1
0
1
0
0
1

3
1
4
2
4277
0
2
10
134217728
2000
250
100
1
0
1
0
0
1

3
1
8
4
4289
0
0
9
268435456
3000
100
1
0
1
0
0
1

3
1
8
1
4292
0
2
10
67108864
4000
500
1000
1
0
1
0
0
1

3
1
1
1
4309
0
0
9
67108864
4000
100
1
0
1
0
0
1

3
1
8
2
4317
0
1
11
67108864
1000
1000
23
0
1
0
1
0
0
1
3
1
1
1
4326
0
0
9
268435456
1000
500
1
0
1
0
0
1

3
1
2
1
4331
0
0
9
67108864
1000
250
1
0
1
0
0
1

3
1
2
2
4346
0
1
11
67108864
2000
1000
88
0
1
0
1
0
0
1
3
1
4
2
4354
0
1
11
134217728
1000
500
40
0
1
0
1
0
0
1
3
1
1
1
4360
0
1
12
268435456
2000
100
88
1
1
0
1
0
0
1
0
3
1
2
1
4361
0
2
10
134217728
2000
50
1
1
0
1
0
0
1

3
1
2
1
4375
0
0
9
134217728
1000
50
1
0
1
0
0
1

3
1
1
1
4383
0
0
9
268435456
3000
500
1
0
1
0
0
1

3
1
1
1
4408
0
2
10
67108864
2000
50
10
1
0
1
0
0
1

3
1
4
4
4435
0
1
12
268435456
3000
100
84
1
1
0
1
0
0
1
0
3
1
1
1
4440
0
0
9
67108864
1000
100
1
0
1
0
0
1

3
1
2
1
4453
0
2
10
268435456
1000
50
100
1
0
1
0
0
1

3
1
4
4
4474
0
2
10
67108864
3000
500
1000
1
0
1
0
0
1

3
1
4
4
4475
0
2
10
268435456
1000
100
100
1
0
1
0
0
1

3
1
1
1
4489
0
1
11
268435456
2000
100
56
0
1
0
1
0
0
1
3
1
4
2
4502
0
1
11
268435456
1000
500
36
0
1
0
1
0
0
1
3
1
8
2
4504
0
0
9
268435456
3000
250
1
0
1
0
0
1

3
1
8
8
4533
0
1
12
134217728
1000
500
84
1
1
0
1
0
0
1
0
3
1
4
1
4557
0
2
10
67108864
4000
50
5
1
0
1
0
0
1

3
1
8
8
4558
0
0
9
134217728
3000
1000
1
0
1
0
0
1

3
1
4
4
4560
0
1
11
134217728
3000
1000
68
0
1
0
1
0
0
1
3
1
4
2
4576
0
1
11
134217728
4000
1000
89
0
1
0
1
0
0
1
3
1
2
1
4602
0
1
12
268435456
3000
50
36
1
1
0
1
0
0
1
0
3
1
2
1
4608
0
1
12
134217728
1000
500
77
1
1
0
1
0
0
1
0
3
1
8
8
4633
0
1
11
67108864
2000
100
88
0
1
0
1
0
0
1
3
1
8
8
4648
0
0
9
134217728
1000
250
1
0
1
0
0
1

3
1
8
8
4654
0
0
9
268435456
1000
500
1
0
1
0
0
1

3
1
4
2
4674
0
2
10
268435456
3000
250
1
1
0
1
0
0
1

3
1
8
1
4701
0
0
9
67108864
3000
250
1
0
1
0
0
1

3
1
8
8
4712
0
1
12
134217728
1000
50
78
1
1
0
1
0
0
1
0
3
1
4
2
4740
0
1
11
134217728
2000
250
24
0
1
0
1
0
0
1
3
1
4
4
4742
0
1
12
134217728
4000
250
80
1
1
0
1
0
0
1
0
3
1
8
2
4767
0
0
9
134217728
2000
250
1
0
1
0
0
1

3
1
4
1
4793
0
1
11
67108864
1000
50
78
0
1
0
1
0
0
1
3
1
1
1
4817
0
0
9
134217728
4000
100
1
0
1
0
0
1

3
1
4
2
4838
0
0
9
67108864
1000
1000
1
0
1
0
0
1

3
1
8
4
4853
0
0
9
134217728
4000
500
1
0
1
0
0
1

3
1
4
4
4870
0
2
10
134217728
1000
250
100
1
0
1
0
0
1

3
1
4
1
4889
0
1
11
134217728
3000
1000
27
0
1
0
1
0
0
1
3
1
4
4
4919
0
1
12
268435456
3000
500
50
1
1
0
1
0
0
1
0
3
1
1
1
4921
0
2
10
134217728
2000
250
100
1
0
1
0
0
1

3
1
2
1
4936
0
2
10
67108864
3000
250
10
1
0
1
0
0
1

3
1
2
1
4962
0
0
9
268435456
1000
100
1
0
1
0
0
1

3
1
4
2
4979
0
1
12
268435456
3000
500
71
1
1
0
1
0
0
1
0
3
1
1
1
4994
0
2
10
268435456
1000
50
1
1
0
1
0
0
1

3
1
4
2
5011
0
1
11
268435456
2000
250
30
0
1
0
1
0
0
1
3
1
8
2
5031
0
1
11
67108864
2000
250
86
0
1
0
1
0
0
1
3
1
4
2
5055
0
1
11
268435456
3000
50
36
0
1
0
1
0
0
1
3
1
1
1
5085
0
1
12
67108864
1000
50
5
1
1
0
1
0
0
1
0
3
1
4
4
5107
0
0
9
67108864
3000
250
1
0
1
0
0
1

3
1
2
1
5109
0
0
9
134217728
1000
250
1
0
1
0
0
1

3
1
2
1
5131
0
0
9
268435456
2000
500
1
0
1
0
0
1

3
1
2
1
5133
0
0
9
268435456
3000
250
1
0
1
0
0
1

3
1
2
1
5157
0
2
10
67108864
1000
500
5
1
0
1
0
0
1

3
1
4
2
5175
0
0
9
134217728
3000
500
1
0
1
0
0
1

3
1
4
1
5179
0
1
11
134217728
2000
1000
9
0
1
0
1
0
0
1
3
1
2
2
5200
0
0
9
268435456
2000
250
1
0
1
0
0
1

3
1
1
1
5225
0
0
9
268435456
2000
250
1
0
1
0
0
1

3
1
1
1
5241
0
0
9
268435456
2000
500
1
0
1
0
0
1

3
1
4
4
5260
0
2
10
67108864
1000
1000
1
1
0
1
0
0
1

3
1
4
2
5290
0
0
9
268435456
3000
500
1
0
1
0
0
1

3
1
2
2
5306
0
2
10
134217728
2000
250
10
1
0
1
0
0
1

3
1
2
1
5335
0
2
10
134217728
1000
1000
10
1
0
1
0
0
1

3
1
4
2
5351
0
0
9
134217728
3000
1000
1
0
1
0
0
1

3
1
4
4
5371
0
0
9
67108864
2000
100
1
0
1
0
0
1

3
1
2
1
5381
0
1
12
134217728
3000
100
87
1
1
0
1
0
0
1
0
3
1
2
1
5398
0
1
12
268435456
3000
50
92
1
1
0
1
0
0
1
0
3
1
4
2
5424
0
2
10
67108864
2000
1000
5
1
0
1
0
0
1

3
1
4
2
5445
0
2
10
67108864
3000
500
5
1
0
1
0
0
1

3
1
2
1
5457
0
2
10
134217728
3000
50
1000
1
0
1
0
0
1

3
1
4
2
5467
0
0
9
134217728
2000
1000
1
0
1
0
0
1

3
1
4
2
5489
0
0
9
134217728
2000
100
1
0
1
0
0
1

3
1
4
4
5504
0
0
9
134217728
1000
250
1
0
1
0
0
1

3
1
1
1
5511
0
0
9
268435456
3000
500
1
0
1
0
0
1

3
1
8
1
5540
0
2
10
134217728
1000
500
5
1
0
1
0
0
1

3
1
4
2
5542
0
0
9
67108864
4000
500
1
0
1
0
0
1

3
1
2
1
5564
0
0
9
67108864
4000
50
1
0
1
0
0
1

3
1
4
4
5584
0
1
12
67108864
3000
50
37
1
1
0
1
0
0
1
0
3
1
1
1
5608
0
2
10
67108864
1000
50
1000
1
0
1
0
0
1

3
1
4
2
5624
0
0
9
67108864
1000
500
1
0
1
0
0
1

3
1
4
4
5650
0
1
11
67108864
4000
500
77
0
1
0
1
0
0
1
3
1
1
1
5678
0
2
10
134217728
4000
500
1
1
0
1
0
0
1

3
1
2
1
5695
0
1
12
67108864
3000
50
8
1
1
0
1
0
0
1
0
3
1
8
4
5717
0
0
9
134217728
1000
1000
1
0
1
0
0
1

3
1
8
2
5722
0
0
9
134217728
2000
1000
1
0
1
0
0
1

3
1
4
1
5738
0
0
9
67108864
4000
1000
1
0
1
0
0
1

3
1
2
1
5760
0
0
9
134217728
1000
50
1
0
1
0
0
1

3
1
8
1
5789
0
1
12
67108864
4000
100
86
1
1
0
1
0
0
1
0
3
1
8
8
5802
0
0
9
134217728
4000
1000
1
0
1
0
0
1

3
1
2
1
5827
0
0
9
134217728
3000
250
1
0
1
0
0
1

3
1
1
1
5836
0
2
10
134217728
3000
100
10
1
0
1
0
0
1

3
1
4
2
5847
0
1
11
268435456
2000
500
53
0
1
0
1
0
0
1
3
1
1
1
5856
0
0
9
268435456
2000
250
1
0
1
0
0
1

3
1
8
2
5860
0
1
11
67108864
3000
1000
2
0
1
0
1
0
0
1
3
1
4
2
5866
0
1
11
67108864
4000
1000
16
0
1
0
1
0
0
1
3
1
1
1
5888
0
1
12
67108864
2000
250
98
1
1
0
1
0
0
1
0
3
1
4
4
5901
0
0
9
134217728
4000
500
1
0
1
0
0
1

3
1
1
1
5905
0
0
9
67108864
3000
500
1
0
1
0
0
1

3
1
2
2
5924
0
2
10
134217728
4000
1000
10
1
0
1
0
0
1

3
1
1
1
5935
0
0
9
67108864
3000
1000
1
0
1
0
0
1

3
1
1
1
5953
0
2
10
67108864
2000
500
5
1
0
1
0
0
1

3
1
2
1
5970
0
0
9
134217728
4000
500
1
0
1
0
0
1

3
1
8
8
5985
0
2
10
134217728
2000
500
1000
1
0
1
0
0
1

3
1
2
1
6001
0
0
9
67108864
3000
100
1
0
1
0
0
1

3
1
2
2
6011
0
2
10
134217728
1000
50
10
1
0
1
0
0
1

3
1
1
1
6036
0
2
10
268435456
3000
50
100
1
0
1
0
0
1

3
1
2
1
6048
0
1
12
268435456
2000
50
84
1
1
0
1
0
0
1
0
3
1
1
1
6069
0
2
10
67108864
2000
250
5
1
0
1
0
0
1

3
1
1
1
6078
0
2
10
67108864
4000
500
10
1
0
1
0
0
1

3
1
4
2
6083
0
2
10
134217728
2000
100
10
1
0
1
0
0
1

3
1
2
1
6089
0
2
10
268435456
3000
50
5
1
0
1
0
0
1

3
1
2
1
6112
0
0
9
268435456
1000
500
1
0
1
0
0
1

3
1
4
2
6121
0
2
10
67108864
1000
100
10
1
0
1
0
0
1

3
1
8
1
6122
0
2
10
268435456
2000
50
5
1
0
1
0
0
1

3
1
8
8
6139
0
2
10
134217728
1000
250
100
1
0
1
0
0
1

3
1
2
1
6156
0
2
10
67108864
1000
1000
5
1
0
1
0
0
1

3
1
1
1
6174
0
0
9
268435456
3000
50
1
0
1
0
0
1

3
1
4
4
6183
0
2
10
67108864
1000
500
100
1
0
1
0
0
1

3
1
2
2
6187
0
2
10
67108864
3000
50
1
1
0
1
0
0
1

3
1
1
1
6201
0
1
11
134217728
3000
250
35
0
1
0
1
0
0
1
3
1
4
1
6230
0
0
9
67108864
4000
1000
1
0
1
0
0
1

3
1
4
2
6243
0
1
12
268435456
1000
100
50
1
1
0
1
0
0
1
0
3
1
4
2
6271
0
1
11
268435456
3000
500
19
0
1
0
1
0
0
1
3
1
4
1
6283
0
2
10
67108864
3000
100
10
1
0
1
0
0
1

3
1
2
1
6308
0
1
11
268435456
2000
50
27
0
1
0
1
0
0
1
3
1
8
1
6324
0
1
11
268435456
1000
50
31
0
1
0
1
0
0
1
3
1
4
4
6352
0
2
10
134217728
1000
500
10
1
0
1
0
0
1

3
1
2
2
6363
0
0
9
268435456
3000
500
1
0
1
0
0
1

3
1
4
4
6388
0
2
10
268435456
3000
50
100
1
0
1
0
0
1

3
1
2
2
6413
0
1
11
134217728
3000
50
4
0
1
0
1
0
0
1
3
1
2
2
6430
0
1
12
134217728
3000
500
35
1
1
0
1
0
0
1
0
3
1
2
1
6456
0
0
9
134217728
4000
250
1
0
1
0
0
1

3
1
4
2
6485
0
2
10
268435456
1000
500
10
1
0
1
0
0
1

3
1
4
4
6494
0
1
12
134217728
3000
50
31
1
1
0
1
0
0
1
0
3
1
8
2
6511
0
2
10
268435456
1000
500
1
1
0
1
0
0
1

3
1
8
1
6519
0
1
11
268435456
1000
50
10
0
1
0
1
0
0
1
3
1
4
2
6525
0
0
9
134217728
3000
1000
1
0
1
0
0
1

3
1
1
1
6551
0
1
11
134217728
3000
1000
87
0
1
0
1
0
0
1
3
1
2
1
6567
0
0
9
268435456
2000
500
1
0
1
0
0
1

3
1
1
1
6569
0
2
10
134217728
1000
1000
10
1
0
1
0
0
1

3
1
8
1
6580
0
2
10
134217728
4000
500
1000
1
0
1
0
0
1

3
1
8
8
6589
0
0
9
67108864
1000
1000
1
0
1
0
0
1

3
1
8
2
6617
0
1
11
67108864
3000
500
5
0
1
0
1
0
0
1
3
1
1
1
6640
0
0
9
134217728
4000
500
1
0
1
0
0
1

3
1
8
4
6648
0
0
9
134217728
1000
500
1
0
1
0
0
1

3
1
2
1
6674
0
0
9
67108864
3000
500
1
0
1
0
0
1

3
1
2
1
6679
0
1
12
67108864
1000
1000
13
1
1
0
1
0
0
1
0
3
1
8
1
6709
0
1
12
67108864
2000
50
29
1
1
0
1
0
0
1
0
3
1
8
1
6728
0
2
10
268435456
2000
50
1
1
0
1
0
0
1

3
1
4
2
6745
0
1
11
67108864
1000
1000
13
0
1
0
1
0
0
1
3
1
8
4
6749
0
1
11
268435456
3000
500
63
0
1
0
1
0
0
1
3
1
2
1
6771
0
0
9
268435456
2000
500
1
0
1
0
0
1

3
1
8
2
6791
0
2
10
134217728
4000
500
5
1
0
1
0
0
1

3
1
4
2
6807
0
0
9
268435456
2000
50
1
0
1
0
0
1

3
1
1
1
6827
0
0
9
134217728
4000
1000
1
0
1
0
0
1

3
1
1
1
6830
0
0
9
268435456
2000
250
1
0
1
0
0
1

3
1
2
2
6843
0
1
11
134217728
2000
1000
94
0
1
0
1
0
0
1
3
1
2
1
6844
0
0
9
67108864
4000
50
1
0
1
0
0
1

3
1
1
1
6871
0
1
11
268435456
3000
250
37
0
1
0
1
0
0
1
3
1
1
1
6874
0
1
11
268435456
3000
500
62
0
1
0
1
0
0
1
3
1
2
2
6875
0
2
10
268435456
3000
100
10
1
0
1
0
0
1

3
1
4
4
6877
0
1
11
268435456
2000
250
23
0
1
0
1
0
0
1
3
1
1
1
6889
0
2
10
268435456
2000
50
1000
1
0
1
0
0
1

3
1
1
1
6907
0
2
10
134217728
3000
50
1000
1
0
1
0
0
1

3
1
2
1
6933
0
0
9
67108864
1000
250
1
0
1
0
0
1

3
1
8
1
6951
0
1
11
134217728
1000
250
58
0
1
0
1
0
0
1
3
1
8
1
6954
0
1
12
134217728
3000
250
82
1
1
0
1
0
0
1
0
3
1
8
4
6968
0
2
10
67108864
1000
100
100
1
0
1
0
0
1

3
1
1
1
6982
0
0
9
268435456
3000
500
1
0
1
0
0
1

3
1
4
2
7000
0
0
9
134217728
3000
500
1
0
1
0
0
1

3
1
8
4
7015
0
2
10
67108864
3000
500
1000
1
0
1
0
0
1

3
1
4
1
7030
0
0
9
268435456
3000
50
1
0
1
0
0
1

3
1
8
4
7034
0
0
9
134217728
1000
500
1
0
1
0
0
1

3
1
1
1
7038
0
2
10
268435456
1000
100
100
1
0
1
0
0
1

3
1
4
1
7061
0
0
9
67108864
2000
1000
1
0
1
0
0
1

3
1
1
1
7076
0
0
9
268435456
1000
500
1
0
1
0
0
1

3
1
2
2
7087
0
1
12
134217728
2000
50
56
1
1
0
1
0
0
1
0
3
1
2
2
7111
0
1
11
67108864
1000
50
43
0
1
0
1
0
0
1
3
1
2
2
7124
0
1
12
67108864
4000
1000
86
1
1
0
1
0
0
1
0
3
1
2
1
7136
0
0
9
134217728
1000
500
1
0
1
0
0
1

3
1
4
1
7145
0
0
9
268435456
1000
500
1
0
1
0
0
1

3
1
8
1
7159
0
2
10
268435456
3000
500
10
1
0
1
0
0
1

3
1
1
1
7189
0
1
11
268435456
3000
500
25
0
1
0
1
0
0
1
3
1
2
1
7205
0
0
9
67108864
4000
100
1
0
1
0
0
1

3
1
4
4
7234
0
0
9
67108864
3000
100
1
0
1
0
0
1

3
1
4
1
7239
0
1
12
268435456
1000
500
34
1
1
0
1
0
0
1
0
3
1
8
4
7255
0
0
9
67108864
4000
250
1
0
1
0
0
1

3
1
1
1
7256
0
0
9
134217728
1000
50
1
0
1
0
0
1

3
1
1
1
7271
0
0
9
134217728
1000
100
1
0
1
0
0
1

3
1
8
4
7278
0
1
12
67108864
2000
250
49
1
1
0
1
0
0
1
0
3
1
2
1
7286
0
0
9
268435456
3000
250
1
0
1
0
0
1

3
1
2
1
7289
0
1
12
67108864
3000
100
89
1
1
0
1
0
0
1
0
3
1
1
1
7290
0
1
12
268435456
2000
250
11
1
1
0
1
0
0
1
0
3
1
8
1
7302
0
2
10
268435456
3000
50
100
1
0
1
0
0
1

3
1
8
2
7318
0
1
11
268435456
1000
50
27
0
1
0
1
0
0
1
3
1
1
1
7341
0
0
9
67108864
4000
500
1
0
1
0
0
1

3
1
4
4
7363
0
1
12
67108864
1000
250
38
1
1
0
1
0
0
1
0
3
1
4
2
7383
0
1
11
268435456
3000
250
18
0
1
0
1
0
0
1
3
1
1
1
7394
0
2
10
268435456
3000
500
10
1
0
1
0
0
1

3
1
2
1
7398
0
1
11
134217728
4000
50
69
0
1
0
1
0
0
1
3
1
2
1
7404
0
0
9
134217728
4000
1000
1
0
1
0
0
1

3
1
2
1
7406
0
2
10
134217728
2000
50
100
1
0
1
0
0
1

3
1
8
1
7424
0
1
12
67108864
1000
250
17
1
1
0
1
0
0
1
0
3
1
2
1
7437
0
1
11
134217728
4000
500
6
0
1
0
1
0
0
1
3
1
1
1
7458
0
1
12
134217728
1000
1000
89
1
1
0
1
0
0
1
0
3
1
2
1
7461
0
2
10
67108864
4000
100
10
1
0
1
0
0
1

3
1
4
4
7472
0
0
9
67108864
3000
500
1
0
1
0
0
1

3
1
8
2
7500
0
0
9
67108864
1000
250
1
0
1
0
0
1

3
1
8
8
7506
0
0
9
134217728
4000
1000
1
0
1
0
0
1

3
1
8
2
7513
0
0
9
67108864
3000
500
1
0
1
0
0
1

3
1
2
1
7521
0
0
9
268435456
2000
250
1
0
1
0
0
1

3
1
2
1
7547
0
2
10
134217728
1000
50
5
1
0
1
0
0
1

3
1
2
1
7558
0
0
9
134217728
2000
100
1
0
1
0
0
1

3
1
1
1
7565
0
2
10
67108864
4000
1000
1
1
0
1
0
0
1

3
1
2
1
7582
0
1
11
134217728
2000
250
78
0
1
0
1
0
0
1
3
1
2
1
7608
0
0
9
67108864
1000
50
1
0
1
0
0
1

3
1
4
2
7624
0
1
12
268435456
3000
500
19
1
1
0
1
0
0
1
0
3
1
2
2
7651
0
2
10
67108864
3000
500
5
1
0
1
0
0
1

3
1
4
2
7668
0
2
10
134217728
1000
50
100
1
0
1
0
0
1

3
1
2
1
7686
0
2
10
67108864
3000
1000
100
1
0
1
0
0
1

3
1
2
2
7701
0
1
12
67108864
2000
500
57
1
1
0
1
0
0
1
0
3
1
4
4
7714
0
0
9
134217728
2000
1000
1
0
1
0
0
1

3
1
4
1
7737
0
2
10
268435456
2000
500
100
1
0
1
0
0
1

3
1
4
2
7745
0
1
12
67108864
1000
500
88
1
1
0
1
0
0
1
0
3
1
2
1
7749
0
1
12
67108864
3000
250
72
1
1
0
1
0
0
1
0
3
1
8
8
7750
0
2
10
134217728
1000
50
5
1
0
1
0
0
1

3
1
4
4
7755
0
1
11
134217728
2000
50
73
0
1
0
1
0
0
1
3
1
1
1
7772
0
1
11
67108864
2000
500
2
0
1
0
1
0
0
1
3
1
1
1
7782
0
1
11
268435456
1000
50
55
0
1
0
1
0
0
1
3
1
2
1
7804
0
0
9
67108864
4000
250
1
0
1
0
0
1

3
1
2
1
7822
0
0
9
67108864
3000
250
1
0
1
0
0
1

3
1
4
2
7830
0
1
11
67108864
1000
250
33
0
1
0
1
0
0
1
3
1
8
8
7856
0
1
11
67108864
2000
1000
7
0
1
0
1
0
0
1
3
1
4
2
7885
0
2
10
67108864
4000
250
1000
1
0
1
0
0
1

3
1
2
1
7889
0
2
10
67108864
1000
250
5
1
0
1
0
0
1

3
1
8
2
7899
0
1
11
67108864
1000
1000
45
0
1
0
1
0
0
1
3
1
2
1
7913
0
2
10
134217728
4000
500
10
1
0
1
0
0
1

3
1
4
4
7931
0
0
9
268435456
3000
500
1
0
1
0
0
1

3
1
1
1
7950
0
2
10
67108864
3000
50
1000
1
0
1
0
0
1

3
1
2
2
7965
0
2
10
134217728
3000
1000
100
1
0
1
0
0
1

3
1
4
1
7983
0
1
12
268435456
3000
50
40
1
1
0
1
0
0
1
0
3
1
1
1
8008
0
1
11
134217728
3000
1000
3
0
1
0
1
0
0
1
3
1
1
1
8026
0
2
10
268435456
2000
250
100
1
0
1
0
0
1

3
1
4
2
8028
0
0
9
268435456
2000
500
1
0
1
0
0
1

3
1
1
1
8048
0
0
9
134217728
3000
100
1
0
1
0
0
1

3
1
2
1
8051
0
1
12
268435456
1000
500
59
1
1
0
1
0
0
1
0
3
1
4
1
8059
0
1
12
67108864
4000
500
19
1
1
0
1
0
0
1
0
3
1
8
4
8061
0
2
10
67108864
3000
500
100
1
0
1
0
0
1

3
1
2
1
8080
0
2
10
134217728
1000
50
10
1
0
1
0
0
1

3
1
1
1
8094
0
2
10
134217728
2000
500
1
1
0
1
0
0
1

3
1
2
1
8115
0
0
9
268435456
2000
50
1
0
1
0
0
1

3
1
4
1
8125
0
0
9
134217728
4000
1000
1
0
1
0
0
1

3
1
8
1
8135
0
1
11
134217728
2000
1000
82
0
1
0
1
0
0
1
3
1
2
1
8145
0
1
12
67108864
3000
250
29
1
1
0
1
0
0
1
0
3
1
1
1
8159
0
2
10
134217728
4000
50
100
1
0
1
0
0
1

3
1
8
4
8167
0
1
11
67108864
1000
1000
51
0
1
0
1
0
0
1
3
1
2
1
8184
0
1
11
268435456
2000
100
20
0
1
0
1
0
0
1
3
1
4
1
8202
0
1
12
67108864
1000
250
4
1
1
0
1
0
0
1
0
3
1
1
1
8213
0
2
10
67108864
1000
50
5
1
0
1
0
0
1

3
1
2
1
8243
0
2
10
67108864
3000
1000
100
1
0
1
0
0
1

3
1
8
8
8265
0
2
10
268435456
3000
250
1
1
0
1
0
0
1

3
1
8
4
8270
0
2
10
268435456
3000
100
1000
1
0
1
0
0
1

3
1
2
2
8283
0
2
10
67108864
4000
1000
1
1
0
1
0
0
1

3
1
2
1
8293
0
0
9
268435456
2000
500
1
0
1
0
0
1

3
1
8
2
8303
0
2
10
134217728
3000
100
1
1
0
1
0
0
1

3
1
1
1
8313
0
1
11
268435456
1000
50
33
0
1
0
1
0
0
1
3
1
4
4
8325
0
0
9
134217728
1000
250
1
0
1
0
0
1

3
1
1
1
8335
0
2
10
268435456
3000
500
100
1
0
1
0
0
1

3
1
1
1
8347
0
2
10
134217728
2000
1000
100
1
0
1
0
0
1

3
1
2
1
8371
0
1
11
134217728
1000
500
63
0
1
0
1
0
0
1
3
1
2
1
8399
0
0
9
134217728
2000
100
1
0
1
0
0
1

3
1
2
1
8405
0
0
9
134217728
4000
50
1
0
1
0
0
1

3
1
8
8
8411
0
0
9
268435456
1000
250
1
0
1
0
0
1

3
1
8
1
8434
0
2
10
134217728
1000
1000
100
1
0
1
0
0
1

3
1
4
4
8453
0
2
10
268435456
3000
50
1
1
0
1
0
0
1

3
1
4
2
8481
0
0
9
268435456
1000
250
1
0
1
0
0
1

3
1
2
1
8484
0
0
9
268435456
1000
50
1
0
1
0
0
1

3
1
1
1
8510
0
1
11
67108864
3000
250
78
0
1
0
1
0
0
1
3
1
2
1
8526
0
0
9
268435456
2000
250
1
0
1
0
0
1

3
1
8
8
8550
0
0
9
134217728
1000
250
1
0
1
0
0
1

3
1
4
2
8568
0
2
10
268435456
2000
250
100
1
0
1
0
0
1

3
1
2
2
8590
0
2
10
268435456
1000
500
1
1
0
1
0
0
1

3
1
8
1
8600
0
0
9
67108864
4000
50
1
0
1
0
0
1

3
1
1
1
8609
0
0
9
67108864
2000
50
1
0
1
0
0
1

3
1
1
1
8613
0
2
10
134217728
4000
100
1000
1
0
1
0
0
1

3
1
2
1
8634
0
0
9
67108864
2000
50
1
0
1
0
0
1

3
1
1
1
8642
0
2
10
268435456
1000
100
100
1
0
1
0
0
1

3
1
2
2
8656
0
0
9
134217728
3000
100
1
0
1
0
0
1

3
1
4
2
8679
0
1
12
268435456
2000
100
50
1
1
0
1
0
0
1
0
3
1
8
2
8703
0
0
9
67108864
3000
100
1
0
1
0
0
1

3
1
2
1
8715
0
2
10
134217728
1000
500
10
1
0
1
0
0
1

3
1
8
8
8740
0
1
12
268435456
1000
500
31
1
1
0
1
0
0
1
0
3
1
2
2
8768
0
1
11
134217728
3000
250
63
0
1
0
1
0
0
1
3
1
4
2
8777
0
2
10
134217728
2000
500
5
1
0
1
0
0
1

3
1
4
4
8798
0
0
9
67108864
2000
50
1
0
1
0
0
1

3
1
2
1
8820
0
0
9
268435456
2000
500
1
0
1
0
0
1

3
1
8
2
8823
0
0
9
67108864
1000
1000
1
0
1
0
0
1

3
1
1
1
8839
0
0
9
134217728
3000
100
1
0
1
0
0
1

3
1
2
1
8840
0
1
11
67108864
1000
500
1
0
1
0
1
0
0
1
3
1
8
2
8869
0
1
11
67108864
4000
100
72
0
1
0
1
0
0
1
3
1
8
4
8875
0
0
9
67108864
3000
100
1
0
1
0
0
1

3
1
4
4
8897
0
1
12
134217728
1000
100
81
1
1
0
1
0
0
1
0
3
1
4
4
8907
0
2
10
268435456
3000
500
1000
1
0
1
0
0
1

3
1
2
2
8921
0
1
12
134217728
1000
100
23
1
1
0
1
0
0
1
0
3
1
8
4
8941
0
0
9
134217728
1000
250
1
0
1
0
0
1

3
1
1
1
8966
0
2
10
67108864
2000
50
10
1
0
1
0
0
1

3
1
2
1
8970
0
2
10
134217728
1000
500
5
1
0
1
0
0
1

3
1
8
4
8972
0
0
9
67108864
2000
100
1
0
1
0
0
1

3
1
4
4
8991
0
1
12
134217728
3000
100
31
1
1
0
1
0
0
1
0
3
1
2
1
9015
0
0
9
268435456
3000
100
1
0
1
0
0
1

3
1
8
2
9033
0
2
10
268435456
3000
250
5
1
0
1
0
0
1

3
1
1
1
9038
0
1
12
134217728
1000
50
10
1
1
0
1
0
0
1
0
3
1
4
1
9044
0
0
9
67108864
1000
250
1
0
1
0
0
1

3
1
2
1
9063
0
2
10
134217728
3000
100
1000
1
0
1
0
0
1

3
1
1
1
9077
0
2
10
67108864
4000
100
100
1
0
1
0
0
1

3
1
4
2
9085
0
2
10
268435456
3000
500
10
1
0
1
0
0
1

3
1
1
1
9112
0
0
9
268435456
3000
250
1
0
1
0
0
1

3
1
4
4
9121
0
2
10
134217728
3000
1000
100
1
0
1
0
0
1

3
1
1
1
9129
0
2
10
268435456
1000
500
100
1
0
1
0
0
1

3
1
4
1
9150
0
2
10
67108864
2000
250
10
1
0
1
0
0
1

3
1
4
1
9167
0
2
10
268435456
1000
100
5
1
0
1
0
0
1

3
1
2
1
9178
0
1
12
67108864
1000
250
21
1
1
0
1
0
0
1
0
3
1
4
4
9185
0
2
10
268435456
3000
50
1000
1
0
1
0
0
1

3
1
2
1
9192
0
1
11
268435456
3000
100
66
0
1
0
1
0
0
1
3
1
8
4
9207
0
2
10
268435456
2000
50
1000
1
0
1
0
0
1

3
1
4
2
9215
0
1
11
67108864
3000
50
49
0
1
0
1
0
0
1
3
1
1
1
9233
0
1
11
134217728
2000
250
75
0
1
0
1
0
0
1
3
1
8
1
9255
0
1
11
67108864
4000
1000
22
0
1
0
1
0
0
1
3
1
1
1
9280
0
2
10
134217728
1000
50
1000
1
0
1
0
0
1

3
1
1
1
9309
0
1
11
67108864
2000
1000
85
0
1
0
1
0
0
1
3
1
4
2
9327
0
0
9
134217728
1000
100
1
0
1
0
0
1

3
1
2
1
9345
0
2
10
134217728
2000
1000
1000
1
0
1
0
0
1

3
1
2
1
9360
0
2
10
134217728
2000
100
1
1
0
1
0
0
1

3
1
2
1
9383
0
0
9
67108864
2000
1000
1
0
1
0
0
1

3
1
8
2
9403
0
2
10
268435456
3000
500
100
1
0
1
0
0
1

3
1
2
1
9414
0
2
10
67108864
3000
100
10
1
0
1
0
0
1

3
1
2
2
9417
0
0
9
134217728
3000
50
1
0
1
0
0
1

3
1
4
1
9430
0
0
9
67108864
3000
100
1
0
1
0
0
1

3
1
8
8
9435
0
0
9
268435456
1000
250
1
0
1
0
0
1

3
1
4
1
9455
0
0
9
67108864
1000
250
1
0
1
0
0
1

3
1
1
1
9480
0
2
10
268435456
2000
50
1
1
0
1
0
0
1

3
1
1
1
9490
0
2
10
134217728
2000
1000
1000
1
0
1
0
0
1

3
1
2
2
9514
0
0
9
134217728
1000
50
1
0
1
0
0
1

3
1
1
1
9529
0
2
10
134217728
3000
500
5
1
0
1
0
0
1

3
1
1
1
9540
0
1
11
134217728
2000
250
9
0
1
0
1
0
0
1
3
1
4
2
9563
0
1
12
67108864
2000
100
59
1
1
0
1
0
0
1
0
3
1
8
8
9589
0
1
12
67108864
3000
1000
71
1
1
0
1
0
0
1
0
3
1
1
1
9596
0
2
10
268435456
1000
100
100
1
0
1
0
0
1

3
1
8
4
9621
0
2
10
268435456
1000
500
1000
1
0
1
0
0
1

3
1
1
1
9649
0
0
9
67108864
3000
1000
1
0
1
0
0
1

3
1
2
1
9676
0
0
9
67108864
2000
50
1
0
1
0
0
1

3
1
8
2
9688
0
1
12
134217728
1000
1000
50
1
1
0
1
0
0
1
0
3
1
4
4
9697
0
2
10
268435456
1000
50
10
1
0
1
0
0
1

3
1
1
1
9715
0
2
10
67108864
2000
50
1000
1
0
1
0
0
1

3
1
1
1
9716
0
1
12
268435456
1000
500
98
1
1
0
1
0
0
1
0
3
1
2
1
9732
0
1
12
134217728
2000
1000
68
1
1
0
1
0
0
1
0
3
1
4
2
9733
0
0
9
268435456
2000
500
1
0
1
0
0
1

3
1
1
1
9754
0
2
10
134217728
4000
250
1000
1
0
1
0
0
1

3
1
1
1
9761
0
1
12
268435456
3000
50
38
1
1
0
1
0
0
1
0
3
1
1
1
9764
0
1
11
268435456
3000
500
92
0
1
0
1
0
0
1
3
1
2
1
9776
0
1
11
134217728
4000
500
36
0
1
0
1
0
0
1
3
1
1
1
9777
0
1
11
134217728
4000
1000
97
0
1
0
1
0
0
1
3
1
2
1
9806
0
2
10
268435456
3000
50
100
1
0
1
0
0
1

3
1
1
1
9808
0
1
11
268435456
3000
50
63
0
1
0
1
0
0
1
3
1
1
1
9834
0
1
12
268435456
3000
500
76
1
1
0
1
0
0
1
0
3
1
2
1
9841
0
2
10
268435456
1000
250
5
1
0
1
0
0
1

3
1
1
1
9870
0
1
11
268435456
1000
500
67
0
1
0
1
0
0
1
3
1
2
2
9883
0
1
11
268435456
3000
500
41
0
1
0
1
0
0
1
3
1
2
1
9903
0
1
11
134217728
2000
100
58
0
1
0
1
0
0
1
3
1
4
2
9906
0
0
9
67108864
1000
100
1
0
1
0
0
1

3
1
1
1
9914
0
1
12
134217728
4000
50
9
1
1
0
1
0
0
1
0
3
1
2
2
9936
0
2
10
67108864
2000
100
10
1
0
1
0
0
1

3
1
2
2
9937
0
0
9
134217728
2000
100
1
0
1
0
0
1

3
1
8
4
9950
0
0
9
134217728
4000
250
1
0
1
0
0
1

3
1
4
2
9963
0
1
11
67108864
1000
500
4
0
1
0
1
0
0
1
3
1
8
8
9984
0
2
10
268435456
2000
250
1000
1
0
1
0
0
1

3
1
4
1
10013
0
0
9
134217728
2000
250
1
0
1
0
0
1

3
1
1
1
10027
0
0
9
134217728
4000
100
1
0
1
0
0
1

3
1
2
1
10034
0
1
11
67108864
4000
1000
43
0
1
0
1
0
0
1
3
1
1
1
10053
0
1
11
268435456
1000
500
93
0
1
0
1
0
0
1
3
1
8
2
10065
0
0
9
67108864
2000
50
1
0
1
0
0
1

3
1
2
1
10072
0
2
10
134217728
3000
100
5
1
0
1
0
0
1

3
1
4
2
10089
0
0
9
67108864
3000
500
1
0
1
0
0
1

3
1
1
1
10092
0
1
11
67108864
1000
250
32
0
1
0
1
0
0
1
3
1
2
1
10108
0
2
10
67108864
2000
500
100
1
0
1
0
0
1

3
1
2
1
10117
0
1
12
67108864
2000
500
12
1
1
0
1
0
0
1
0
3
1
8
1
10131
0
0
9
268435456
2000
500
1
0
1
0
0
1

3
1
1
1
10141
0
0
9
67108864
4000
250
1
0
1
0
0
1

3
1
1
1
10148
0
1
11
67108864
3000
100
7
0
1
0
1
0
0
1
3
1
4
2
10164
0
1
11
268435456
1000
50
70
0
1
0
1
0
0
1
3
1
8
4
10171
0
0
9
268435456
3000
500
1
0
1
0
0
1

3
1
8
8
10199
0
2
10
134217728
4000
1000
10
1
0
1
0
0
1

3
1
8
1
10208
0
2
10
67108864
3000
250
100
1
0
1
0
0
1

3
1
2
1
10220
0
0
9
268435456
3000
50
1
0
1
0
0
1

3
1
1
1
10231
0
0
9
134217728
4000
500
1
0
1
0
0
1

3
1
8
1
10255
0
0
9
134217728
3000
100
1
0
1
0
0
1

3
1
2
1
10264
0
2
10
134217728
4000
250
100
1
0
1
0
0
1

3
1
8
2
10289
0
2
10
134217728
2000
500
1
1
0
1
0
0
1

3
1
1
1
10315
0
1
11
268435456
3000
250
10
0
1
0
1
0
0
1
3
1
8
2
10323
0
1
12
134217728
1000
500
18
1
1
0
1
0
0
1
0
3
1
1
1
10337
0
0
9
67108864
3000
50
1
0
1
0
0
1

3
1
4
1
10350
0
2
10
134217728
3000
100
10
1
0
1
0
0
1

3
1
1
1
10375
0
1
12
268435456
3000
500
90
1
1
0
1
0
0
1
0
3
1
1
1
10377
0
2
10
268435456
2000
50
10
1
0
1
0
0
1

3
1
1
1
10398
0
1
11
268435456
1000
500
13
0
1
0
1
0
0
1
3
1
1
1
10409
0
2
10
134217728
1000
1000
5
1
0
1
0
0
1

3
1
2
1
10417
0
2
10
134217728
2000
250
1
1
0
1
0
0
1

3
1
8
8
10438
0
1
11
67108864
2000
250
78
0
1
0
1
0
0
1
3
1
8
2
10456
0
1
11
134217728
1000
500
46
0
1
0
1
0
0
1
3
1
4
2
10473
0
0
9
67108864
2000
100
1
0
1
0
0
1

3
1
1
1
10494
0
2
10
67108864
3000
1000
1000
1
0
1
0
0
1

3
1
1
1
10501
0
1
11
134217728
4000
250
12
0
1
0
1
0
0
1
3
1
4
2
10516
0
0
9
134217728
3000
100
1
0
1
0
0
1

3
1
2
1
10534
0
1
12
134217728
4000
50
26
1
1
0
1
0
0
1
0
3
1
1
1
10550
0
1
12
134217728
3000
500
36
1
1
0
1
0
0
1
0
3
1
2
1
10575
0
0
9
268435456
3000
500
1
0
1
0
0
1

3
1
8
4
10586
0
0
9
268435456
3000
50
1
0
1
0
0
1

3
1
1
1
10615
0
2
10
134217728
3000
500
100
1
0
1
0
0
1

3
1
8
4
10640
0
2
10
268435456
3000
500
1
1
0
1
0
0
1

3
1
1
1
10649
0
0
9
134217728
3000
500
1
0
1
0
0
1

3
1
1
1
10668
0
0
9
134217728
4000
250
1
0
1
0
0
1

3
1
1
1
10696
0
0
9
134217728
2000
100
1
0
1
0
0
1

3
1
8
8
10717
0
2
10
67108864
3000
500
10
1
0
1
0
0
1

3
1
8
2
10730
0
2
10
268435456
1000
50
5
1
0
1
0
0
1

3
1
8
4
10750
0
1
12
67108864
4000
50
4
1
1
0
1
0
0
1
0
3
1
2
2
10776
0
0
9
67108864
2000
100
1
0
1
0
0
1

3
1
8
1
10781
0
0
9
134217728
4000
100
1
0
1
0
0
1

3
1
4
4
10784
0
2
10
268435456
3000
500
10
1
0
1
0
0
1

3
1
8
8
10801
0
0
9
67108864
2000
50
1
0
1
0
0
1

3
1
1
1
10803
0
2
10
268435456
3000
500
5
1
0
1
0
0
1

3
1
1
1
10805
0
2
10
67108864
3000
100
100
1
0
1
0
0
1

3
1
4
2
10834
0
2
10
134217728
4000
50
1
1
0
1
0
0
1

3
1
8
8
10843
0
1
11
67108864
3000
250
57
0
1
0
1
0
0
1
3
1
2
2
10861
0
0
9
67108864
2000
250
1
0
1
0
0
1

3
1
1
1
10864
0
0
9
268435456
1000
500
1
0
1
0
0
1

3
1
4
1
10892
0
1
11
67108864
4000
500
76
0
1
0
1
0
0
1
3
1
1
1
10904
0
2
10
67108864
2000
500
100
1
0
1
0
0
1

3
1
4
2
10910
0
1
11
134217728
4000
50
62
0
1
0
1
0
0
1
3
1
1
1
10913
0
0
9
67108864
1000
500
1
0
1
0
0
1

3
1
4
4
10924
0
0
9
268435456
1000
100
1
0
1
0
0
1

3
1
8
1
10951
0
2
10
268435456
3000
250
5
1
0
1
0
0
1

3
1
4
2
10956
0
1
12
67108864
4000
100
73
1
1
0
1
0
0
1
0
3
1
1
1
10982
0
0
9
268435456
3000
100
1
0
1
0
0
1

3
1
4
1
10997
0
0
9
268435456
1000
250
1
0
1
0
0
1

3
1
1
1
11023
0
1
12
134217728
1000
1000
96
1
1
0
1
0
0
1
0
3
1
1
1
11047
0
1
12
134217728
2000
1000
51
1
1
0
1
0
0
1
0
3
1
1
1
11069
0
1
11
67108864
3000
100
33
0
1
0
1
0
0
1
3
1
2
2
11086
0
0
9
67108864
1000
50
1
0
1
0
0
1

3
1
8
4
11097
0
2
10
268435456
2000
100
100
1
0
1
0
0
1

3
1
2
1
11115
0
0
9
67108864
3000
100
1
0
1
0
0
1

3
1
1
1
11145
0
2
10
67108864
2000
250
1
1
0
1
0
0
1

3
1
2
1
11150
0
1
11
268435456
2000
100
35
0
1
0
1
0
0
1
3
1
1
1
11179
0
0
9
268435456
2000
50
1
0
1
0
0
1

3
1
1
1
11184
0
1
11
67108864
3000
250
81
0
1
0
1
0
0
1
3
1
8
1
11200
0
0
9
268435456
3000
500
1
0
1
0
0
1

3
1
2
1
11214
0
2
10
268435456
1000
250
10
1
0
1
0
0
1

3
1
4
1
11243
0
0
9
134217728
1000
250
1
0
1
0
0
1

3
1
1
1
11245
0
0
9
67108864
4000
1000
1
0
1
0
0
1

3
1
8
2
11265
0
2
10
67108864
2000
250
100
1
0
1
0
0
1

3
1
1
1
11295
0
0
9
268435456
2000
50
1
0
1
0
0
1

3
1
8
2
11316
0
0
9
67108864
2000
1000
1
0
1
0
0
1

3
1
1
1
11329
0
2
10
268435456
1000
100
100
1
0
1
0
0
1

3
1
1
1
11334
0
1
11
134217728
4000
1000
5
0
1
0
1
0
0
1
3
1
1
1
11356
0
0
9
134217728
2000
1000
1
0
1
0
0
1

3
1
4
2
11364
0
1
11
134217728
2000
250
51
0
1
0
1
0
0
1
3
1
2
1
11391
0
2
10
67108864
4000
250
1
1
0
1
0
0
1

3
1
4
2
11402
0
1
11
268435456
2000
250
32
0
1
0
1
0
0
1
3
1
8
4
11422
0
2
10
268435456
3000
250
5
1
0
1
0
0
1

3
1
8
4
11432
0
2
10
134217728
1000
1000
5
1
0
1
0
0
1

3
1
1
1
11457
0
1
12
268435456
3000
50
37
1
1
0
1
0
0
1
0
3
1
2
2
11480
0
0
9
268435456
3000
50
1
0
1
0
0
1

3
1
8
4
11510
0
2
10
67108864
4000
1000
10
1
0
1
0
0
1

3
1
2
1
11511
0
2
10
67108864
2000
500
1
1
0
1
0
0
1

3
1
8
2
11525
0
2
10
67108864
1000
500
1000
1
0
1
0
0
1

3
1
8
1
11527
0
0
9
134217728
3000
250
1
0
1
0
0
1

3
1
2
1
11529
0
1
12
268435456
3000
100
64
1
1
0
1
0
0
1
0
3
1
1
1
11531
0
1
12
268435456
3000
500
99
1
1
0
1
0
0
1
0
3
1
2
1
11555
0
2
10
67108864
1000
1000
10
1
0
1
0
0
1

3
1
1
1
11573
0
2
10
268435456
3000
100
100
1
0
1
0
0
1

3
1
8
1
11588
0
2
10
134217728
2000
250
100
1
0
1
0
0
1

3
1
4
2
11606
0
1
12
268435456
2000
100
60
1
1
0
1
0
0
1
0
3
1
8
8
11615
0
0
9
67108864
3000
50
1
0
1
0
0
1

3
1
8
8
11627
0
0
9
268435456
2000
250
1
0
1
0
0
1

3
1
2
2
11639
0
2
10
268435456
3000
500
5
1
0
1
0
0
1

3
1
8
1
11651
0
1
11
134217728
3000
500
81
0
1
0
1
0
0
1
3
1
4
1
11660
0
2
10
67108864
4000
250
1
1
0
1
0
0
1

3
1
2
1
11667
0
0
9
67108864
1000
50
1
0
1
0
0
1

3
1
8
8
11670
0
1
12
67108864
1000
250
50
1
1
0
1
0
0
1
0
3
1
2
1
11681
0
0
9
268435456
3000
500
1
0
1
0
0
1

3
1
4
2
11692
0
2
10
134217728
3000
1000
100
1
0
1
0
0
1

3
1
1
1
11721
0
1
11
268435456
2000
500
41
0
1
0
1
0
0
1
3
1
4
2
11738
0
2
10
67108864
3000
100
100
1
0
1
0
0
1

3
1
4
4
11758
0
1
11
134217728
2000
250
99
0
1
0
1
0
0
1
3
1
1
1
11779
0
0
9
67108864
4000
250
1
0
1
0
0
1

3
1
1
1
11786
0
0
9
67108864
3000
50
1
0
1
0
0
1

3
1
8
8
11794
0
2
10
268435456
2000
250
100
1
0
1
0
0
1

3
1
1
1
11808
0
0
9
67108864
3000
250
1
0
1
0
0
1

3
1
2
1
11834
0
0
9
134217728
3000
1000
1
0
1
0
0
1

3
1
1
1
11853
0
0
9
134217728
3000
50
1
0
1
0
0
1

3
1
4
1
11880
0
0
9
268435456
3000
50
1
0
1
0
0
1

3
1
8
1
11898
0
0
9
268435456
2000
500
1
0
1
0
0
1

3
1
2
1
11899
0
0
9
67108864
1000
50
1
0
1
0
0
1

3
1
2
2
11909
0
2
10
134217728
4000
1000
100
1
0
1
0
0
1

3
1
1
1
11910
0
2
10
268435456
3000
250
1
1
0
1
0
0
1

3
1
4
4
11915
0
0
9
268435456
1000
50
1
0
1
0
0
1

3
1
4
2
11927
0
1
11
268435456
3000
500
23
0
1
0
1
0
0
1
3
1
1
1
11953
0
1
11
268435456
3000
500
68
0
1
0
1
0
0
1
3
1
1
1
11957
0
0
9
134217728
4000
500
1
0
1
0
0
1

3
1
8
1
11971
0
2
10
268435456
2000
500
1
1
0
1
0
0
1

3
1
4
2
11979
0
1
12
268435456
3000
250
75
1
1
0
1
0
0
1
0
3
1
4
1
12006
0
1
11
134217728
3000
1000
67
0
1
0
1
0
0
1
3
1
2
1
12018
0
1
11
268435456
3000
500
36
0
1
0
1
0
0
1
3
1
2
1
12033
0
0
9
67108864
2000
100
1
0
1
0
0
1

3
1
2
1
12054
0
0
9
67108864
1000
50
1
0
1
0
0
1

3
1
2
1
12072
0
0
9
134217728
1000
1000
1
0
1
0
0
1

3
1
2
1
12080
0
2
10
268435456
3000
100
1
1
0
1
0
0
1

3
1
2
1
12083
0
0
9
134217728
1000
1000
1
0
1
0
0
1

3
1
2
1
12087
0
0
9
67108864
3000
1000
1
0
1
0
0
1

3
1
2
1
12100
0
1
11
134217728
2000
50
17
0
1
0
1
0
0
1
3
1
2
2
12105
0
0
9
134217728
4000
500
1
0
1
0
0
1

3
1
1
1
12112
0
2
10
134217728
3000
50
1000
1
0
1
0
0
1

3
1
4
1
12142
0
2
10
268435456
3000
250
1
1
0
1
0
0
1

3
1
2
1
12149
0
0
9
67108864
2000
100
1
0
1
0
0
1

3
1
1
1
12174
0
1
12
134217728
4000
50
92
1
1
0
1
0
0
1
0
3
1
8
2
12194
0
0
9
268435456
1000
250
1
0
1
0
0
1

3
1
2
1
12201
0
1
12
268435456
2000
250
42
1
1
0
1
0
0
1
0
3
1
4
1
12223
0
0
9
268435456
3000
50
1
0
1
0
0
1

3
1
8
2
12231
0
1
11
134217728
1000
1000
60
0
1
0
1
0
0
1
3
1
2
2
12254
0
1
12
67108864
3000
100
97
1
1
0
1
0
0
1
0
3
1
4
2
12277
0
2
10
134217728
2000
1000
1000
1
0
1
0
0
1

3
1
8
1
12306
0
2
10
67108864
2000
500
1000
1
0
1
0
0
1

3
1
8
1
12323
0
0
9
134217728
4000
1000
1
0
1
0
0
1

3
1
4
1
12344
0
0
9
67108864
1000
250
1
0
1
0
0
1

3
1
4
2
12372
0
1
12
268435456
3000
50
79
1
1
0
1
0
0
1
0
3
1
8
2
12375
0
1
11
134217728
3000
100
50
0
1
0
1
0
0
1
3
1
8
8
12384
0
0
9
268435456
3000
250
1
0
1
0
0
1

3
1
2
1
12410
0
1
12
134217728
4000
250
75
1
1
0
1
0
0
1
0
3
1
4
1
12413
0
2
10
67108864
2000
1000
1
1
0
1
0
0
1

3
1
2
1
12436
0
0
9
268435456
3000
50
1
0
1
0
0
1

3
1
2
2
12438
0
0
9
268435456
2000
250
1
0
1
0
0
1

3
1
4
2
12449
0
0
9
134217728
4000
250
1
0
1
0
0
1

3
1
2
1
12473
0
0
9
67108864
1000
50
1
0
1
0
0
1

3
1
8
2
12482
0
1
11
67108864
3000
50
61
0
1
0
1
0
0
1
3
1
8
4
12486
0
2
10
134217728
4000
500
5
1
0
1
0
0
1

3
1
2
1
12514
0
1
11
134217728
1000
250
92
0
1
0
1
0
0
1
3
1
2
1
12540
0
1
12
67108864
3000
500
41
1
1
0
1
0
0
1
0
3
1
1
1
12569
0
0
9
67108864
4000
1000
1
0
1
0
0
1

3
1
8
8
12571
0
0
9
134217728
3000
100
1
0
1
0
0
1

3
1
8
1
12594
0
0
9
134217728
3000
500
1
0
1
0
0
1

3
1
8
1
12615
0
2
10
268435456
3000
50
1
1
0
1
0
0
1

3
1
2
2
12621
0
0
9
134217728
4000
100
1
0
1
0
0
1

3
1
8
4
12648
0
2
10
67108864
1000
250
100
1
0
1
0
0
1

3
1
1
1
12649
0
1
12
67108864
2000
250
2
1
1
0
1
0
0
1
0
3
1
1
1
12667
0
2
10
268435456
1000
250
100
1
0
1
0
0
1

3
1
1
1
12684
0
0
9
268435456
2000
500
1
0
1
0
0
1

3
1
2
2
12703
0
1
12
134217728
2000
500
88
1
1
0
1
0
0
1
0
3
1
2
1
12705
0
1
12
268435456
3000
100
19
1
1
0
1
0
0
1
0
3
1
2
1
12708
0
2
10
134217728
2000
50
5
1
0
1
0
0
1

3
1
2
1
12721
0
2
10
268435456
3000
50
10
1
0
1
0
0
1

3
1
4
4
12738
0
2
10
67108864
3000
500
10
1
0
1
0
0
1

3
1
2
1
12741
0
0
9
134217728
2000
50
1
0
1
0
0
1

3
1
2
1
12750
0
1
11
268435456
3000
50
82
0
1
0
1
0
0
1
3
1
2
1
12764
0
0
9
134217728
1000
250
1
0
1
0
0
1

3
1
8
4
12766
0
0
9
134217728
3000
50
1
0
1
0
0
1

3
1
1
1
12775
0
1
11
134217728
2000
50
1
0
1
0
1
0
0
1
3
1
1
1
12797
0
0
9
67108864
1000
500
1
0
1
0
0
1

3
1
4
1
12827
0
2
10
134217728
1000
50
5
1
0
1
0
0
1

3
1
8
2
12843
0
2
10
67108864
4000
50
1
1
0
1
0
0
1

3
1
4
2
12866
0
2
10
67108864
4000
100
1000
1
0
1
0
0
1

3
1
4
4
12879
0
0
9
268435456
3000
500
1
0
1
0
0
1

3
1
4
4
12884
0
2
10
134217728
3000
500
10
1
0
1
0
0
1

3
1
1
1
12904
0
1
12
67108864
4000
50
85
1
1
0
1
0
0
1
0
3
1
1
1
12912
0
2
10
67108864
3000
50
100
1
0
1
0
0
1

3
1
1
1
12934
0
2
10
67108864
3000
50
1000
1
0
1
0
0
1

3
1
2
1
12935
0
0
9
134217728
1000
100
1
0
1
0
0
1

3
1
1
1
12937
0
2
10
268435456
2000
50
5
1
0
1
0
0
1

3
1
4
2
12952
0
0
9
67108864
3000
100
1
0
1
0
0
1

3
1
4
2
12970
0
0
9
268435456
3000
100
1
0
1
0
0
1

3
1
8
8
12990
0
2
10
134217728
2000
500
10
1
0
1
0
0
1

3
1
2
1
13003
0
1
12
134217728
3000
50
73
1
1
0
1
0
0
1
0
3
1
2
1
13008
0
0
9
268435456
2000
50
1
0
1
0
0
1

3
1
8
1
13029
0
0
9
67108864
2000
250
1
0
1
0
0
1

3
1
8
2
13039
0
2
10
67108864
2000
500
100
1
0
1
0
0
1

3
1
4
2
13044
0
2
10
134217728
1000
100
100
1
0
1
0
0
1

3
1
1
1
13050
0
0
9
268435456
2000
500
1
0
1
0
0
1

3
1
2
1
13077
0
1
12
134217728
1000
50
10
1
1
0
1
0
0
1
0
3
1
1
1
13103
0
2
10
67108864
4000
500
10
1
0
1
0
0
1

3
1
4
1
13117
0
2
10
134217728
4000
250
1
1
0
1
0
0
1

3
1
2
2
13140
0
2
10
268435456
3000
250
1000
1
0
1
0
0
1

3
1
4
1
13166
0
0
9
67108864
2000
100
1
0
1
0
0
1

3
1
2
1
13180
0
0
9
134217728
3000
1000
1
0
1
0
0
1

3
1
1
1
13204
0
0
9
268435456
3000
500
1
0
1
0
0
1

3
1
2
1
13220
0
1
12
268435456
2000
100
51
1
1
0
1
0
0
1
0
3
1
8
4
13228
0
2
10
67108864
2000
100
10
1
0
1
0
0
1

3
1
1
1
13232
0
2
10
67108864
4000
50
1
1
0
1
0
0
1

3
1
2
1
13262
0
0
9
67108864
4000
500
1
0
1
0
0
1

3
1
8
4
13280
0
1
11
268435456
3000
100
89
0
1
0
1
0
0
1
3
1
1
1
13310
0
2
10
67108864
3000
50
100
1
0
1
0
0
1

3
1
4
2
13335
0
0
9
134217728
4000
100
1
0
1
0
0
1

3
1
8
4
13339
0
0
9
268435456
2000
500
1
0
1
0
0
1

3
1
4
2
13356
0
1
11
67108864
1000
250
81
0
1
0
1
0
0
1
3
1
4
4
13367
0
0
9
67108864
4000
250
1
0
1
0
0
1

3
1
4
2
13378
0
0
9
268435456
1000
500
1
0
1
0
0
1

3
1
1
1
13389
0
0
9
67108864
3000
500
1
0
1
0
0
1

3
1
1
1
13390
0
0
9
67108864
4000
100
1
0
1
0
0
1

3
1
1
1
13414
0
2
10
67108864
4000
100
1
1
0
1
0
0
1

3
1
8
4
13417
0
0
9
268435456
3000
50
1
0
1
0
0
1

3
1
4
2
13422
0
1
12
134217728
3000
50
50
1
1
0
1
0
0
1
0
3
1
4
4
13423
0
1
11
134217728
2000
500
70
0
1
0
1
0
0
1
3
1
2
1
13432
0
1
11
268435456
3000
500
57
0
1
0
1
0
0
1
3
1
4
2
13459
0
0
9
268435456
3000
500
1
0
1
0
0
1

3
1
2
1
13465
0
2
10
67108864
2000
250
1000
1
0
1
0
0
1

3
1
8
2
13483
0
2
10
268435456
3000
500
1
1
0
1
0
0
1

3
1
4
2
13487
0
1
11
134217728
4000
1000
93
0
1
0
1
0
0
1
3
1
1
1
13495
0
0
9
134217728
1000
1000
1
0
1
0
0
1

3
1
4
1
13511
0
1
12
67108864
1000
1000
33
1
1
0
1
0
0
1
0
3
1
1
1
13538
0
2
10
268435456
2000
100
5
1
0
1
0
0
1

3
1
4
2
13567
0
1
11
67108864
2000
50
48
0
1
0
1
0
0
1
3
1
4
2
13569
0
2
10
268435456
1000
500
1
1
0
1
0
0
1

3
1
8
2
13598
0
2
10
268435456
3000
250
1000
1
0
1
0
0
1

3
1
1
1
13605
0
1
11
67108864
3000
100
91
0
1
0
1
0
0
1
3
1
8
8
13611
0
0
9
67108864
1000
500
1
0
1
0
0
1

3
1
1
1
13631
0
1
11
268435456
3000
250
96
0
1
0
1
0
0
1
3
1
1
1
13637
0
1
12
268435456
3000
500
28
1
1
0
1
0
0
1
0
3
1
4
4
13645
0
2
10
268435456
3000
50
1000
1
0
1
0
0
1

3
1
4
4
13652
0
1
12
67108864
3000
250
89
1
1
0
1
0
0
1
0
3
1
4
2
13667
0
2
10
268435456
2000
500
10
1
0
1
0
0
1

3
1
4
1
13673
0
2
10
134217728
3000
100
100
1
0
1
0
0
1

3
1
2
1
13692
0
1
11
67108864
3000
1000
4
0
1
0
1
0
0
1
3
1
8
1
13703
0
0
9
134217728
1000
100
1
0
1
0
0
1

3
1
4
4
13710
0
0
9
67108864
3000
50
1
0
1
0
0
1

3
1
8
8
13733
0
2
10
268435456
1000
50
100
1
0
1
0
0
1

3
1
4
2
13751
0
1
12
134217728
4000
1000
97
1
1
0
1
0
0
1
0
3
1
4
4
13765
0
1
12
67108864
2000
500
93
1
1
0
1
0
0
1
0
3
1
2
1
13778
0
2
10
67108864
3000
250
100
1
0
1
0
0
1

3
1
2
1
13796
0
2
10
134217728
3000
1000
1000
1
0
1
0
0
1

3
1
8
4
13799
0
2
10
268435456
3000
500
10
1
0
1
0
0
1

3
1
8
8
13811
0
0
9
134217728
1000
250
1
0
1
0
0
1

3
1
8
8
13829
0
0
9
67108864
2000
500
1
0
1
0
0
1

3
1
4
2
13840
0
0
9
268435456
3000
250
1
0
1
0
0
1

3
1
4
1
13861
0
2
10
134217728
3000
50
1000
1
0
1
0
0
1

3
1
4
1
13881
0
2
10
134217728
1000
50
1
1
0
1
0
0
1

3
1
4
2
13906
0
1
12
67108864
4000
50
28
1
1
0
1
0
0
1
0
3
1
2
1
13931
0
1
11
134217728
3000
1000
20
0
1
0
1
0
0
1
3
1
4
2
13950
0
0
9
67108864
4000
50
1
0
1
0
0
1

3
1
1
1
13954
0
2
10
67108864
1000
500
10
1
0
1
0
0
1

3
1
2
1
13968
0
0
9
268435456
3000
50
1
0
1
0
0
1

3
1
4
2
13989
0
0
9
268435456
1000
100
1
0
1
0
0
1

3
1
8
1
14001
0
0
9
268435456
2000
50
1
0
1
0
0
1

3
1
4
4
14014
0
2
10
67108864
2000
500
1000
1
0
1
0
0
1

3
1
2
1
14026
0
0
9
134217728
1000
500
1
0
1
0
0
1

3
1
4
1
14036
0
0
9
268435456
3000
50
1
0
1
0
0
1

3
1
1
1
14052
0
0
9
67108864
2000
250
1
0
1
0
0
1

3
1
2
2
14070
0
0
9
134217728
3000
500
1
0
1
0
0
1

3
1
1
1
14087
0
0
9
268435456
3000
250
1
0
1
0
0
1

3
1
1
1
14105
0
0
9
268435456
1000
100
1
0
1
0
0
1

3
1
2
2
14106
0
0
9
268435456
2000
250
1
0
1
0
0
1

3
1
1
1
14118
0
0
9
134217728
1000
250
1
0
1
0
0
1

3
1
2
1
14124
0
0
9
134217728
2000
250
1
0
1
0
0
1

3
1
2
1
14150
0
0
9
134217728
1000
50
1
0
1
0
0
1

3
1
2
1
14168
0
0
9
67108864
1000
50
1
0
1
0
0
1

3
1
1
1
14193
0
0
9
134217728
2000
250
1
0
1
0
0
1

3
1
4
4
14194
0
0
9
67108864
2000
500
1
0
1
0
0
1

3
1
4
4
14210
0
0
9
268435456
3000
500
1
0
1
0
0
1

3
1
8
1
14214
0
0
9
67108864
1000
1000
1
0
1
0
0
1

3
1
8
4
14237
0
0
9
134217728
4000
250
1
0
1
0
0
1

3
1
1
1
14250
0
0
9
67108864
1000
250
1
0
1
0
0
1

3
1
4
2
14274
0
0
9
67108864
2000
100
1
0
1
0
0
1

3
1
4
2
14294
0
0
9
67108864
2000
250
1
0
1
0
0
1

3
1
2
2
14307
0
0
9
134217728
2000
1000
1
0
1
0
0
1

3
1
1
1
14332
0
0
9
67108864
4000
250
1
0
1
0
0
1

3
1
2
1
14353
0
0
9
134217728
1000
100
1
0
1
0
0
1

3
1
8
8
14354
0
0
9
67108864
2000
1000
1
0
1
0
0
1

3
1
4
2
14368
0
0
9
67108864
2000
250
1
0
1
0
0
1

3
1
1
1
14373
0
0
9
67108864
1000
500
1
0
1
0
0
1

3
1
2
1
14400
0
0
9
134217728
1000
250
1
0
1
0
0
1

3
1
8
2
14427
0
0
9
67108864
1000
250
1
0
1
0
0
1

3
1
1
1
14444
0
0
9
67108864
4000
50
1
0
1
0
0
1

3
1
2
1
14467
0
0
9
268435456
2000
50
1
0
1
0
0
1

3
1
4
4
14493
0
0
9
268435456
3000
500
1
0
1
0
0
1

3
1
1
1
14502
0
0
9
67108864
3000
1000
1
0
1
0
0
1

3
1
8
4
14504
0
0
9
268435456
2000
100
1
0
1
0
0
1

3
1
1
1
14518
0
0
9
268435456
2000
50
1
0
1
0
0
1

3
1
8
4
14525
0
0
9
268435456
3000
50
1
0
1
0
0
1

3
1
8
8
14555
0
0
9
268435456
3000
500
1
0
1
0
0
1

3
1
8
2
14573
0
0
9
134217728
3000
1000
1
0
1
0
0
1

3
1
1
1
14591
0
0
9
268435456
3000
50
1
0
1
0
0
1

3
1
8
2
14618
0
0
9
67108864
3000
100
1
0
1
0
0
1

3
1
8
1
14619
0
0
9
67108864
1000
500
1
0
1
0
0
1

3
1
2
1
14628
0
0
9
268435456
2000
50
1
0
1
0
0
1

3
1
2
1
14641
0
0
9
268435456
2000
500
1
0
1
0
0
1

3
1
2
1
14666
0
0
9
268435456
3000
50
1
0
1
0
0
1

3
1
4
2
14676
0
0
9
134217728
1000
500
1
0
1
0
0
1

3
1
8
2
14679
0
0
9
268435456
3000
500
1
0
1
0
0
1

3
1
2
1
14689
0
0
9
134217728
4000
1000
1
0
1
0
0
1

3
1
4
1
14701
0
0
9
134217728
1000
100
1
0
1
0
0
1

3
1
2
1
14705
0
0
9
67108864
4000
250
1
0
1
0
0
1

3
1
1
1
14726
0
0
9
67108864
1000
250
1
0
1
0
0
1

3
1
2
2
14750
0
0
9
268435456
1000
500
1
0
1
0
0
1

3
1
4
4
14773
0
0
9
67108864
1000
50
1
0
1
0
0
1

3
1
1
1
14782
0
0
9
268435456
3000
100
1
0
1
0
0
1

3
1
2
1
14810
0
0
9
134217728
3000
50
1
0
1
0
0
1

3
1
8
8
14825
0
0
9
67108864
4000
100
1
0
1
0
0
1

3
1
8
4
14846
0
0
9
134217728
1000
50
1
0
1
0
0
1

3
1
1
1
14868
0
0
9
67108864
1000
50
1
0
1
0
0
1

3
1
4
1
14876
0
0
9
268435456
1000
50
1
0
1
0
0
1

3
1
1
1
14878
0
0
9
134217728
3000
250
1
0
1
0
0
1

3
1
2
2
14908
0
0
9
134217728
2000
100
1
0
1
0
0
1

3
1
2
1
14923
0
0
9
67108864
2000
250
1
0
1
0
0
1

3
1
4
4
14935
0
0
9
67108864
3000
250
1
0
1
0
0
1

3
1
4
1
14953
0
0
9
134217728
1000
100
1
0
1
0
0
1

3
1
1
1
14974
0
0
9
268435456
3000
250
1
0
1
0
0
1

3
1
2
1
14996
0
0
9
67108864
1000
50
1
0
1
0
0
1

3
1
1
1
15018
0
0
9
67108864
2000
1000
1
0
1
0
0
1

3
1
2
2
15048
0
0
9
67108864
2000
100
1
0
1
0
0
1

3
1
8
4
15062
0
0
9
134217728
2000
500
1
0
1
0
0
1

3
1
8
8
15071
0
0
9
67108864
3000
1000
1
0
1
0
0
1

3
1
8
2
15094
0
0
9
268435456
2000
250
1
0
1
0
0
1

3
1
4
1
15116
0
0
9
134217728
3000
100
1
0
1
0
0
1

3
1
4
1
15130
0
0
9
268435456
2000
500
1
0
1
0
0
1

3
1
2
2
15151
0
0
9
134217728
1000
250
1
0
1
0
0
1

3
1
8
4
15179
0
0
9
268435456
1000
100
1
0
1
0
0
1

3
1
8
2
15200
0
0
9
67108864
2000
250
1
0
1
0
0
1

3
1
2
1
15202
0
0
9
268435456
3000
500
1
0
1
0
0
1

3
1
1
1
15209
0
0
9
134217728
1000
500
1
0
1
0
0
1

3
1
8
8
15210
0
0
9
268435456
3000
100
1
0
1
0
0
1

3
1
8
1
15213
0
0
9
67108864
1000
100
1
0
1
0
0
1

3
1
4
2
15221
0
0
9
67108864
4000
250
1
0
1
0
0
1

3
1
8
8
15228
0
0
9
134217728
4000
250
1
0
1
0
0
1

3
1
2
2
15235
0
0
9
134217728
4000
500
1
0
1
0
0
1

3
1
8
2
15262
0
0
9
67108864
2000
1000
1
0
1
0
0
1

3
1
8
8
15285
0
0
9
134217728
1000
1000
1
0
1
0
0
1

3
1
2
1
15296
0
0
9
134217728
4000
50
1
0
1
0
0
1

3
1
8
1
15312
0
0
9
67108864
2000
50
1
0
1
0
0
1

3
1
8
8
15326
0
0
9
67108864
1000
250
1
0
1
0
0
1

3
1
4
4
15336
0
0
9
268435456
1000
500
1
0
1
0
0
1

3
1
2
1
15350
0
0
9
67108864
2000
250
1
0
1
0
0
1

3
1
4
2
15369
0
0
9
67108864
1000
250
1
0
1
0
0
1

3
1
2
1
15393
0
0
9
134217728
1000
100
1
0
1
0
0
1

3
1
2
1
15417
0
0
9
268435456
3000
500
1
0
1
0
0
1

3
1
1
1
15441
0
0
9
268435456
1000
500
1
0
1
0
0
1

3
1
2
1
15463
0
0
9
134217728
3000
500
1
0
1
0
0
1

3
1
1
1
15470
0
0
9
134217728
2000
1000
1
0
1
0
0
1

3
1
1
1
15493
0
0
9
67108864
3000
1000
1
0
1
0
0
1

3
1
1
1
15496
0
0
9
67108864
2000
500
1
0
1
0
0
1

3
1
1
1
15498
0
0
9
134217728
2000
50
1
0
1
0
0
1

3
1
1
1
15509
0
0
9
67108864
2000
500
1
0
1
0
0
1

3
1
2
1
15539
0
0
9
268435456
1000
50
1
0
1
0
0
1

3
1
2
1
15559
0
0
9
134217728
2000
100
1
0
1
0
0
1

3
1
2
1
15586
0
0
9
268435456
2000
50
1
0
1
0
0
1

3
1
1
1
15591
0
0
9
67108864
4000
50
1
0
1
0
0
1

3
1
8
8
15617
0
0
9
268435456
2000
100
1
0
1
0
0
1

3
1
8
4
15647
0
0
9
134217728
2000
100
1
0
1
0
0
1

3
1
4
1
15666
0
0
9
134217728
1000
1000
1
0
1
0
0
1

3
1
1
1
15686
0
0
9
67108864
4000
1000
1
0
1
0
0
1

3
1
8
1
15708
0
0
9
134217728
1000
100
1
0
1
0
0
1

3
1
8
2
15732
0
0
9
67108864
3000
500
1
0
1
0
0
1

3
1
2
1
15734
0
0
9
134217728
4000
250
1
0
1
0
0
1

3
1
2
1
15758
0
0
9
268435456
2000
250
1
0
1
0
0
1

3
1
8
8
15788
0
0
9
67108864
4000
100
1
0
1
0
0
1

3
1
8
8
15804
0
0
9
268435456
2000
500
1
0
1
0
0
1

3
1
2
1
15809
0
0
9
134217728
1000
50
1
0
1
0
0
1

3
1
4
2
15835
0
0
9
268435456
2000
100
1
0
1
0
0
1

3
1
8
8
15841
0
0
9
67108864
2000
100
1
0
1
0
0
1

3
1
8
1
15860
0
0
9
134217728
3000
500
1
0
1
0
0
1

3
1
8
2
15873
0
0
9
268435456
3000
100
1
0
1
0
0
1

3
1
1
1
15894
0
0
9
67108864
1000
50
1
0
1
0
0
1

3
1
1
1
15914
0
0
9
134217728
2000
1000
1
0
1
0
0
1

3
1
8
1
15924
0
0
9
67108864
3000
250
1
0
1
0
0
1

3
1
4
1
15948
0
0
9
67108864
1000
1000
1
0
1
0
0
1

3
1
1
1
15970
0
0
9
67108864
3000
50
1
0
1
0
0
1

3
1
1
1
15980
0
0
9
67108864
1000
1000
1
0
1
0
0
1

3
1
1
1
15989
0
0
9
134217728
2000
100
1
0
1
0
0
1

3
1
8
2
15994
0
0
9
67108864
1000
50
1
0
1
0
0
1

3
1
1
1
16024
0
0
9
268435456
3000
100
1
0
1
0
0
1

3
1
1
1
16031
0
0
9
134217728
3000
500
1
0
1
0
0
1

3
1
8
8
16045
0
0
9
134217728
4000
50
1
0
1
0
0
1

3
1
4
2
16070
0
0
9
268435456
3000
100
1
0
1
0
0
1

3
1
8
4
16071
0
0
9
67108864
3000
1000
1
0
1
0
0
1

3
1
1
1
16077
0
0
9
67108864
3000
50
1
0
1
0
0
1

3
1
2
1
16096
0
0
9
268435456
1000
500
1
0
1
0
0
1

3
1
8
4
16104
0
0
9
67108864
1000
250
1
0
1
0
0
1

3
1
4
2
16131
0
0
9
134217728
1000
50
1
0
1
0
0
1

3
1
4
4
16147
0
0
9
134217728
1000
500
1
0
1
0
0
1

3
1
4
2
16159
0
0
9
268435456
3000
250
1
0
1
0
0
1

3
1
8
4
16187
0
0
9
268435456
1000
500
1
0
1
0
0
1

3
1
8
8
16211
0
0
9
67108864
4000
1000
1
0
1
0
0
1

3
1
4
2
16221
0
0
9
67108864
4000
100
1
0
1
0
0
1

3
1
2
1
16231
0
0
9
268435456
2000
500
1
0
1
0
0
1

3
1
2
2
16257
0
0
9
67108864
4000
100
1
0
1
0
0
1

3
1
1
1
16287
0
0
9
67108864
4000
1000
1
0
1
0
0
1

3
1
2
1
16315
0
0
9
67108864
3000
1000
1
0
1
0
0
1

3
1
4
2
16343
0
0
9
268435456
1000
100
1
0
1
0
0
1

3
1
2
1
16362
0
0
9
268435456
3000
250
1
0
1
0
0
1

3
1
1
1
16385
0
0
9
134217728
2000
100
1
0
1
0
0
1

3
1
2
2
16407
0
0
9
134217728
4000
250
1
0
1
0
0
1

3
1
4
2
16413
0
0
9
67108864
4000
250
1
0
1
0
0
1

3
1
2
1
16432
0
0
9
67108864
1000
100
1
0
1
0
0
1

3
1
4
4
16433
0
0
9
67108864
3000
100
1
0
1
0
0
1

3
1
4
4
16457
0
0
9
67108864
3000
100
1
0
1
0
0
1

3
1
8
8
16484
0
0
9
268435456
3000
50
1
0
1
0
0
1

3
1
4
2
16494
0
0
9
268435456
2000
250
1
0
1
0
0
1

3
1
1
1
16512
0
0
9
67108864
2000
50
1
0
1
0
0
1

3
1
1
1
16521
0
0
9
268435456
3000
50
1
0
1
0
0
1

3
1
2
1
16542
0
0
9
67108864
2000
250
1
0
1
0
0
1

3
1
2
1
16557
0
0
9
134217728
1000
50
1
0
1
0
0
1

3
1
1
1
16570
0
0
9
67108864
1000
50
1
0
1
0
0
1

3
1
2
2
16592
0
0
9
67108864
2000
1000
1
0
1
0
0
1

3
1
4
1
16601
0
0
9
134217728
3000
250
1
0
1
0
0
1

3
1
8
8
16626
0
0
9
134217728
2000
1000
1
0
1
0
0
1

3
1
8
8
16650
0
0
9
67108864
4000
1000
1
0
1
0
0
1

3
1
4
2
16673
0
0
9
268435456
1000
50
1
0
1
0
0
1

3
1
4
2
16678
0
0
9
268435456
3000
250
1
0
1
0
0
1

3
1
8
1
16683
0
0
9
67108864
3000
250
1
0
1
0
0
1

3
1
1
1
16694
0
0
9
67108864
2000
1000
1
0
1
0
0
1

3
1
4
2
16722
0
0
9
67108864
3000
50
1
0
1
0
0
1

3
1
2
1
16747
0
0
9
67108864
2000
50
1
0
1
0
0
1

3
1
1
1
16769
0
0
9
67108864
3000
50
1
0
1
0
0
1

3
1
4
2
16774
0
0
9
67108864
1000
1000
1
0
1
0
0
1

3
1
2
2
16798
0
0
9
134217728
2000
250
1
0
1
0
0
1

3
1
8
2
16799
0
0
9
268435456
1000
250
1
0
1
0
0
1

3
1
8
2
16825
0
0
9
268435456
1000
500
1
0
1
0
0
1

3
1
4
2
16851
0
0
9
67108864
1000
1000
1
0
1
0
0
1

3
1
4
2
16874
0
0
9
134217728
4000
1000
1
0
1
0
0
1

3
1
1
1
16888
0
0
9
134217728
4000
1000
1
0
1
0
0
1

3
1
4
2
16913
0
0
9
134217728
3000
100
1
0
1
0
0
1

3
1
4
4
16922
0
0
9
134217728
2000
50
1
0
1
0
0
1

3
1
2
1
16932
0
0
9
268435456
3000
500
1
0
1
0
0
1

3
1
2
1
16949
0
0
9
67108864
4000
1000
1
0
1
0
0
1

3
1
2
2
16978
0
0
9
268435456
3000
250
1
0
1
0
0
1

3
1
8
8
17001
0
0
9
268435456
2000
500
1
0
1
0
0
1

3
1
8
1
17005
0
0
9
268435456
2000
250
1
0
1
0
0
1

3
1
8
1
17008
0
0
9
67108864
2000
1000
1
0
1
0
0
1

3
1
2
1
17035
0
0
9
268435456
3000
500
1
0
1
0
0
1

3
1
2
2
17040
0
0
9
134217728
3000
250
1
0
1
0
0
1

3
1
4
2
17044
0
0
9
134217728
1000
100
1
0
1
0
0
1

3
1
1
1
17052
0
0
9
268435456
3000
250
1
0
1
0
0
1

3
1
2
1
17067
0
0
9
67108864
3000
1000
1
0
1
0
0
1

3
1
1
1
17077
0
0
9
134217728
2000
250
1
0
1
0
0
1

3
1
4
2
17102
0
0
9
134217728
4000
500
1
0
1
0
0
1

3
1
4
2
17114
0
0
9
67108864
2000
500
1
0
1
0
0
1

3
1
1
1
17144
0
0
9
268435456
3000
100
1
0
1
0
0
1

3
1
1
1
17168
0
0
9
67108864
3000
500
1
0
1
0
0
1

3
1
4
4
17179
0
0
9
268435456
2000
500
1
0
1
0
0
1

3
1
1
1
17182
0
0
9
134217728
1000
1000
1
0
1
0
0
1

3
1
2
1
17194
0
0
9
268435456
1000
50
1
0
1
0
0
1

3
1
1
1
17221
0
0
9
134217728
4000
500
1
0
1
0
0
1

3
1
2
1
17249
0
0
9
268435456
3000
500
1
0
1
0
0
1

3
1
4
4
17278
0
0
9
268435456
3000
100
1
0
1
0
0
1

3
1
2
1
17286
0
0
9
134217728
1000
250
1
0
1
0
0
1

3
1
2
2
17290
0
0
9
268435456
1000
50
1
0
1
0
0
1

3
1
4
2
17315
0
0
9
134217728
1000
250
1
0
1
0
0
1

3
1
4
2
17339
0
0
9
67108864
1000
500
1
0
1
0
0
1

3
1
1
1
17359
0
0
9
134217728
1000
500
1
0
1
0
0
1

3
1
4
4
17374
0
0
9
268435456
3000
500
1
0
1
0
0
1

3
1
4
2
17392
0
0
9
268435456
2000
50
1
0
1
0
0
1

3
1
8
2
17411
0
0
9
268435456
3000
250
1
0
1
0
0
1

3
1
8
4
17413
0
0
9
134217728
2000
50
1
0
1
0
0
1

3
1
1
1
17414
0
0
9
268435456
3000
50
1
0
1
0
0
1

3
1
1
1
17425
0
0
9
134217728
4000
50
1
0
1
0
0
1

3
1
1
1
17438
0
0
9
268435456
1000
100
1
0
1
0
0
1

3
1
1
1
17450
0
0
9
134217728
1000
1000
1
0
1
0
0
1

3
1
8
4
17465
0
0
9
67108864
4000
500
1
0
1
0
0
1

3
1
2
2
17474
0
0
9
268435456
1000
500
1
0
1
0
0
1

3
1
4
4
17489
0
0
9
67108864
1000
100
1
0
1
0
0
1

3
1
2
1
17501
0
0
9
268435456
3000
50
1
0
1
0
0
1

3
1
1
1
17525
0
0
9
134217728
3000
250
1
0
1
0
0
1

3
1
4
1
17531
0
0
9
134217728
3000
1000
1
0
1
0
0
1

3
1
8
8
17548
0
0
9
134217728
1000
1000
1
0
1
0
0
1

3
1
2
2
17557
0
0
9
67108864
2000
50
1
0
1
0
0
1

3
1
8
4
17567
0
0
9
67108864
3000
500
1
0
1
0
0
1

3
1
1
1
17588
0
0
9
134217728
4000
1000
1
0
1
0
0
1

3
1
2
2
17605
0
0
9
67108864
4000
50
1
0
1
0
0
1

3
1
4
2
17628
0
0
9
268435456
3000
50
1
0
1
0
0
1

3
1
2
1
17653
0
0
9
134217728
2000
50
1
0
1
0
0
1

3
1
8
4
17669
0
0
9
268435456
1000
100
1
0
1
0
0
1

3
1
8
1
17672
0
0
9
67108864
1000
100
1
0
1
0
0
1

3
1
1
1
17674
0
0
9
268435456
2000
500
1
0
1
0
0
1

3
1
1
1
17677
0
0
9
268435456
3000
500
1
0
1
0
0
1

3
1
1
1
17704
0
0
9
67108864
4000
100
1
0
1
0
0
1

3
1
1
1
17734
0
0
9
268435456
3000
50
1
0
1
0
0
1

3
1
1
1
17742
0
0
9
67108864
4000
100
1
0
1
0
0
1

3
1
2
1
17766
0
0
9
134217728
4000
1000
1
0
1
0
0
1

3
1
1
1
17771
0
0
9
134217728
1000
1000
1
0
1
0
0
1

3
1
2
1
17801
0
0
9
268435456
2000
250
1
0
1
0
0
1

3
1
1
1
17815
0
0
9
268435456
2000
250
1
0
1
0
0
1

3
1
2
1
17841
0
0
9
67108864
1000
100
1
0
1
0
0
1

3
1
2
1
17859
0
0
9
268435456
2000
250
1
0
1
0
0
1

3
1
1
1
17886
0
0
9
134217728
2000
250
1
0
1
0
0
1

3
1
1
1
17904
0
0
9
134217728
2000
500
1
0
1
0
0
1

3
1
4
1
17914
0
0
9
67108864
1000
1000
1
0
1
0
0
1

3
1
4
2
17934
0
0
9
67108864
4000
50
1
0
1
0
0
1

3
1
4
2
17961
0
0
9
67108864
3000
1000
1
0
1
0
0
1

3
1
4
1
17980
0
0
9
134217728
1000
50
1
0
1
0
0
1

3
1
1
1
17987
0
0
9
268435456
2000
500
1
0
1
0
0
1

3
1
2
1
17991
0
0
9
268435456
3000
50
1
0
1
0
0
1

3
1
2
1
18003
0
0
9
67108864
1000
250
1
0
1
0
0
1

3
1
8
1
18029
0
0
9
67108864
1000
250
1
0
1
0
0
1

3
1
4
2
18036
0
0
9
67108864
2000
1000
1
0
1
0
0
1

3
1
8
8
18042
0
0
9
134217728
3000
100
1
0
1
0
0
1

3
1
8
8
18066
0
0
9
268435456
3000
250
1
0
1
0
0
1

3
1
4
2
18094
0
0
9
67108864
3000
250
1
0
1
0
0
1

3
1
8
1
18110
0
0
9
268435456
1000
100
1
0
1
0
0
1

3
1
1
1
18113
0
0
9
67108864
4000
250
1
0
1
0
0
1

3
1
4
4
18139
0
0
9
67108864
1000
250
1
0
1
0
0
1

3
1
4
1
18159
0
0
9
134217728
3000
500
1
0
1
0
0
1

3
1
2
1
18181
0
0
9
134217728
1000
100
1
0
1
0
0
1

3
1
1
1
18209
0
0
9
134217728
4000
100
1
0
1
0
0
1

3
1
8
1
18232
0
0
9
67108864
4000
100
1
0
1
0
0
1

3
1
2
1
18238
0
0
9
268435456
3000
50
1
0
1
0
0
1

3
1
1
1
18241
0
0
9
134217728
3000
100
1
0
1
0
0
1

3
1
1
1
18265
0
0
9
67108864
3000
1000
1
0
1
0
0
1

3
1
8
1
18287
0
0
9
134217728
2000
50
1
0
1
0
0
1

3
1
4
2
18304
0
0
9
268435456
2000
500
1
0
1
0
0
1

3
1
1
1
18307
0
0
9
134217728
3000
500
1
0
1
0
0
1

3
1
1
1
18316
0
0
9
268435456
2000
100
1
0
1
0
0
1

3
1
2
1
18336
0
0
9
134217728
1000
250
1
0
1
0
0
1

3
1
4
4
18359
0
0
9
134217728
3000
50
1
0
1
0
0
1

3
1
8
2
18361
0
0
9
268435456
2000
500
1
0
1
0
0
1

3
1
2
1
18385
0
0
9
134217728
2000
50
1
0
1
0
0
1

3
1
1
1
18398
0
0
9
67108864
4000
100
1
0
1
0
0
1

3
1
8
4
18399
0
0
9
67108864
1000
500
1
0
1
0
0
1

3
1
4
4
18416
0
0
9
134217728
2000
250
1
0
1
0
0
1

3
1
4
1
18424
0
0
9
134217728
1000
250
1
0
1
0
0
1

3
1
1
1
18436
0
0
9
67108864
3000
500
1
0
1
0
0
1

3
1
2
1
18444
0
0
9
67108864
1000
250
1
0
1
0
0
1

3
1
4
4
18474
0
0
9
268435456
1000
500
1
0
1
0
0
1

3
1
2
1
18479
0
0
9
134217728
1000
250
1
0
1
0
0
1

3
1
4
2
18503
0
0
9
268435456
2000
500
1
0
1
0
0
1

3
1
1
1
18523
0
0
9
67108864
3000
500
1
0
1
0
0
1

3
1
2
2
18541
0
0
9
268435456
1000
100
1
0
1
0
0
1

3
1
8
1
18564
0
0
9
134217728
3000
250
1
0
1
0
0
1

3
1
8
2
18581
0
0
9
268435456
3000
250
1
0
1
0
0
1

3
1
1
1
18596
0
0
9
134217728
4000
500
1
0
1
0
0
1

3
1
1
1
18602
0
0
9
268435456
3000
250
1
0
1
0
0
1

3
1
2
2
18609
0
0
9
268435456
3000
500
1
0
1
0
0
1

3
1
8
8
18625
0
0
9
134217728
1000
250
1
0
1
0
0
1

3
1
2
1
18644
0
0
9
67108864
3000
500
1
0
1
0
0
1

3
1
1
1
18645
0
0
9
268435456
3000
100
1
0
1
0
0
1

3
1
4
4
18669
0
0
9
268435456
3000
500
1
0
1
0
0
1

3
1
4
2
18680
0
0
9
268435456
2000
500
1
0
1
0
0
1

3
1
4
2
18709
0
0
9
134217728
2000
1000
1
0
1
0
0
1

3
1
1
1
18737
0
0
9
268435456
3000
500
1
0
1
0
0
1

3
1
4
2
18766
0
0
9
134217728
3000
50
1
0
1
0
0
1

3
1
2
1
18791
0
0
9
67108864
4000
1000
1
0
1
0
0
1

3
1
8
2
18803
0
0
9
268435456
2000
500
1
0
1
0
0
1

3
1
2
1
18821
0
0
9
67108864
4000
500
1
0
1
0
0
1

3
1
1
1
18848
0
0
9
67108864
3000
1000
1
0
1
0
0
1

3
1
8
1
18849
0
0
9
67108864
2000
100
1
0
1
0
0
1

3
1
8
8
18863
0
0
9
268435456
1000
100
1
0
1
0
0
1

3
1
4
2
18886
0
0
9
134217728
3000
100
1
0
1
0
0
1

3
1
4
4
18915
0
0
9
134217728
4000
250
1
0
1
0
0
1

3
1
4
2
18943
0
0
9
134217728
2000
500
1
0
1
0
0
1

3
1
8
4
18958
0
0
9
134217728
1000
50
1
0
1
0
0
1

3
1
4
2
18985
0
0
9
268435456
3000
100
1
0
1
0
0
1

3
1
4
2
18987
0
0
9
67108864
3000
1000
1
0
1
0
0
1

3
1
2
2
19017
0
0
9
67108864
4000
1000
1
0
1
0
0
1

3
1
1
1
19044
0
0
9
67108864
4000
100
1
0
1
0
0
1

3
1
2
1
19048
0
0
9
67108864
1000
50
1
0
1
0
0
1

3
1
8
4
19073
0
0
9
134217728
2000
1000
1
0
1
0
0
1

3
1
2
1
19096
0
0
9
268435456
3000
50
1
0
1
0
0
1

3
1
4
2
19109
0
0
9
67108864
1000
500
1
0
1
0
0
1

3
1
2
1
19117
0
0
9
134217728
1000
100
1
0
1
0
0
1

3
1
4
2
19122
0
0
9
268435456
1000
50
1
0
1
0
0
1

3
1
4
4
19137
0
0
9
268435456
1000
100
1
0
1
0
0
1

3
1
8
2
19147
0
0
9
67108864
3000
500
1
0
1
0
0
1

3
1
8
8
19163
0
0
9
67108864
4000
1000
1
0
1
0
0
1

3
1
1
1
19181
0
0
9
268435456
3000
500
1
0
1
0
0
1

3
1
1
1
19186
0
0
9
67108864
3000
1000
1
0
1
0
0
1

3
1
4
1
19189
0
0
9
268435456
2000
250
1
0
1
0
0
1

3
1
1
1
19192
0
0
9
268435456
1000
50
1
0
1
0
0
1

3
1
4
1
19220
0
0
9
134217728
2000
250
1
0
1
0
0
1

3
1
8
2
19222
0
0
9
268435456
1000
500
1
0
1
0
0
1

3
1
1
1
19230
0
0
9
67108864
3000
250
1
0
1
0
0
1

3
1
2
1
19241
0
0
9
67108864
3000
100
1
0
1
0
0
1

3
1
8
8
19269
0
0
9
268435456
3000
250
1
0
1
0
0
1

3
1
8
1
19293
0
0
9
268435456
3000
500
1
0
1
0
0
1

3
1
4
1
19299
0
0
9
268435456
1000
50
1
0
1
0
0
1

3
1
4
2
19328
0
0
9
67108864
3000
500
1
0
1
0
0
1

3
1
1
1
19330
0
0
9
134217728
4000
100
1
0
1
0
0
1

3
1
4
2
19347
0
0
9
67108864
2000
250
1
0
1
0
0
1

3
1
2
1
19348
0
0
9
268435456
2000
50
1
0
1
0
0
1

3
1
1
1
19359
0
0
9
268435456
3000
500
1
0
1
0
0
1

3
1
1
1
19387
0
0
9
268435456
3000
250
1
0
1
0
0
1

3
1
4
1
19402
0
0
9
134217728
3000
1000
1
0
1
0
0
1

3
1
1
1
19428
0
0
9
134217728
3000
50
1
0
1
0
0
1

3
1
2
1
19452
0
0
9
268435456
3000
50
1
0
1
0
0
1

3
1
4
2
19462
0
0
9
268435456
3000
250
1
0
1
0
0
1

3
1
1
1
19480
0
0
9
67108864
3000
100
1
0
1
0
0
1

3
1
1
1
19488
0
0
9
134217728
4000
1000
1
0
1
0
0
1

3
1
1
1
19512
0
0
9
67108864
4000
100
1
0
1
0
0
1

3
1
8
2
19541
0
0
9
134217728
1000
50
1
0
1
0
0
1

3
1
4
1
19551
0
0
9
268435456
3000
500
1
0
1
0
0
1

3
1
8
1
19564
0
0
9
134217728
2000
50
1
0
1
0
0
1

3
1
4
2
19585
0
0
9
67108864
2000
1000
1
0
1
0
0
1

3
1
1
1
19610
0
0
9
67108864
2000
250
1
0
1
0
0
1

3
1
1
1
19625
0
0
9
134217728
4000
1000
1
0
1
0
0
1

3
1
4
2
19644
0
0
9
67108864
4000
100
1
0
1
0
0
1

3
1
8
8
19649
0
0
9
268435456
3000
100
1
0
1
0
0
1

3
1
1
1
19678
0
0
9
134217728
4000
500
1
0
1
0
0
1

3
1
1
1
19687
0
0
9
134217728
4000
100
1
0
1
0
0
1

3
1
1
1
19701
0
0
9
268435456
3000
100
1
0
1
0
0
1

3
1
8
1
19723
0
0
9
268435456
3000
500
1
0
1
0
0
1

3
1
8
4
19737
0
0
9
134217728
2000
500
1
0
1
0
0
1

3
1
1
1
19761
0
0
9
268435456
2000
100
1
0
1
0
0
1

3
1
8
4
19770
0
0
9
268435456
3000
500
1
0
1
0
0
1

3
1
2
1
19797
0
0
9
268435456
1000
500
1
0
1
0
0
1

3
1
2
1
19827
0
0
9
134217728
3000
1000
1
0
1
0
0
1

3
1
8
2
19849
0
0
9
67108864
3000
250
1
0
1
0
0
1

3
1
4
1
19860
0
0
9
67108864
3000
50
1
0
1
0
0
1

3
1
4
4
19862
0
0
9
134217728
3000
50
1
0
1
0
0
1

3
1
4
2
19892
0
0
9
67108864
2000
250
1
0
1
0
0
1

3
1
2
2
19922
0
0
9
67108864
2000
1000
1
0
1
0
0
1

3
1
4
2
19946
0
0
9
268435456
3000
100
1
0
1
0
0
1

3
1
8
4
19973
0
0
9
268435456
3000
100
1
0
1
0
0
1

3
1
2
1
20003
0
0
9
134217728
4000
1000
1
0
1
0
0
1

3
1
1
1
20006
0
0
9
268435456
2000
100
1
0
1
0
0
1

3
1
2
1
20034
0
0
9
67108864
2000
50
1
0
1
0
0
1

3
1
8
4
20062
0
0
9
134217728
1000
500
1
0
1
0
0
1

3
1
2
1
20083
0
0
9
67108864
3000
500
1
0
1
0
0
1

3
1
4
4
20111
0
0
9
268435456
1000
100
1
0
1
0
0
1

3
1
2
2
20115
0
0
9
134217728
4000
500
1
0
1
0
0
1

3
1
8
2
20131
0
0
9
268435456
1000
50
1
0
1
0
0
1

3
1
8
8
20135
0
0
9
67108864
1000
250
1
0
1
0
0
1

3
1
1
1
20159
0
0
9
67108864
4000
500
1
0
1
0
0
1

3
1
4
4
20186
0
0
9
268435456
3000
50
1
0
1
0
0
1

3
1
2
1
20202
0
0
9
67108864
3000
250
1
0
1
0
0
1

3
1
2
1
20208
0
0
9
67108864
3000
50
1
0
1
0
0
1

3
1
8
8
20214
0
0
9
134217728
3000
250
1
0
1
0
0
1

3
1
4
4
20215
0
0
9
268435456
1000
100
1
0
1
0
0
1

3
1
2
1
20220
0
0
9
268435456
3000
500
1
0
1
0
0
1

3
1
8
2
20225
0
0
9
134217728
3000
500
1
0
1
0
0
1

3
1
8
8
20229
0
0
9
67108864
2000
250
1
0
1
0
0
1

3
1
4
1
20237
0
0
9
268435456
3000
250
1
0
1
0
0
1

3
1
4
1
20257
0
0
9
134217728
4000
250
1
0
1
0
0
1

3
1
4
2
20276
0
0
9
67108864
4000
500
1
0
1
0
0
1

3
1
8
8
20281
0
0
9
67108864
4000
100
1
0
1
0
0
1

3
1
2
2
20291
0
0
9
268435456
2000
250
1
0
1
0
0
1

3
1
1
1
20292
0
0
9
134217728
1000
1000
1
0
1
0
0
1

3
1
1
1
20318
0
0
9
268435456
2000
100
1
0
1
0
0
1

3
1
8
4
20327
0
0
9
268435456
3000
500
1
0
1
0
0
1

3
1
2
1
20351
0
0
9
134217728
4000
1000
1
0
1
0
0
1

3
1
2
1
20367
0
0
9
268435456
1000
250
1
0
1
0
0
1

3
1
1
1
20391
0
0
9
268435456
3000
250
1
0
1
0
0
1

3
1
2
1
20421
0
0
9
134217728
4000
1000
1
0
1
0
0
1

3
1
8
4
20432
0
0
9
268435456
3000
100
1
0
1
0
0
1

3
1
8
8
20461
0
0
9
268435456
1000
50
1
0
1
0
0
1

3
1
1
1
20490
0
0
9
134217728
3000
500
1
0
1
0
0
1

3
1
1
1
20503
0
0
9
67108864
2000
100
1
0
1
0
0
1

3
1
1
1
20510
0
0
9
67108864
3000
500
1
0
1
0
0
1

3
1
4
4
20515
0
0
9
67108864
4000
250
1
0
1
0
0
1

3
1
2
1
20525
0
0
9
268435456
3000
500
1
0
1
0
0
1

3
1
4
1
20546
0
0
9
134217728
4000
250
1
0
1
0
0
1

3
1
2
1
20563
0
0
9
268435456
1000
250
1
0
1
0
0
1

3
1
2
1
20573
0
0
9
67108864
4000
50
1
0
1
0
0
1

3
1
1
1
20581
0
0
9
67108864
4000
500
1
0
1
0
0
1

3
1
4
4
20599
0
0
9
67108864
2000
100
1
0
1
0
0
1

3
1
4
4
20621
0
0
9
134217728
4000
250
1
0
1
0
0
1

3
1
1
1
20627
0
0
9
67108864
2000
100
1
0
1
0
0
1

3
1
4
1
20652
0
0
9
134217728
1000
50
1
0
1
0
0
1

3
1
1
1
20659
0
0
9
67108864
2000
250
1
0
1
0
0
1

3
1
8
8
20665
0
0
9
67108864
4000
250
1
0
1
0
0
1

3
1
1
1
20674
0
0
9
67108864
4000
100
1
0
1
0
0
1

3
1
2
1
20676
0
0
9
268435456
1000
50
1
0
1
0
0
1

3
1
4
2
20679
0
0
9
134217728
1000
1000
1
0
1
0
0
1

3
1
1
1
20690
0
0
9
268435456
1000
250
1
0
1
0
0
1

3
1
4
1
20707
0
0
9
67108864
3000
100
1
0
1
0
0
1

3
1
4
1
20725
0
0
9
134217728
4000
500
1
0
1
0
0
1

3
1
8
2
20741
0
0
9
67108864
4000
1000
1
0
1
0
0
1

3
1
4
2
20754
0
0
9
67108864
4000
1000
1
0
1
0
0
1

3
1
1
1
20765
0
0
9
67108864
1000
1000
1
0
1
0
0
1

3
1
2
2
20792
0
0
9
268435456
3000
500
1
0
1
0
0
1

3
1
8
8
20807
0
0
9
134217728
2000
500
1
0
1
0
0
1

3
1
4
1
20808
0
0
9
268435456
3000
50
1
0
1
0
0
1

3
1
4
2
20834
0
0
9
268435456
3000
500
1
0
1
0
0
1

3
1
1
1
20858
0
0
9
134217728
4000
250
1
0
1
0
0
1

3
1
2
2
20864
0
0
9
268435456
3000
500
1
0
1
0
0
1

3
1
2
1
20894
0
0
9
268435456
2000
100
1
0
1
0
0
1

3
1
4
2
20914
0
0
9
134217728
3000
100
1
0
1
0
0
1

3
1
8
4
20918
0
0
9
134217728
4000
1000
1
0
1
0
0
1

3
1
4
4
20938
0
0
9
268435456
1000
50
1
0
1
0
0
1

3
1
2
1
20960
0
0
9
134217728
1000
50
1
0
1
0
0
1

3
1
4
2
20984
0
0
9
67108864
2000
100
1
0
1
0
0
1

3
1
2
1
20985
0
0
9
67108864
1000
250
1
0
1
0
0
1

3
1
2
1
20997
0
0
9
67108864
1000
50
1
0
1
0
0
1

3
1
1
1
21013
0
0
9
134217728
1000
250
1
0
1
0
0
1

3
1
1
1
21022
0
0
9
134217728
4000
500
1
0
1
0
0
1

3
1
2
2
21031
0
0
9
67108864
2000
250
1
0
1
0
0
1

3
1
2
2
21041
0
0
9
268435456
2000
100
1
0
1
0
0
1

3
1
2
2
21058
0
0
9
134217728
4000
1000
1
0
1
0
0
1

3
1
4
4
21060
0
0
9
268435456
3000
250
1
0
1
0
0
1

3
1
1
1
21073
0
0
9
67108864
4000
250
1
0
1
0
0
1

3
1
1
1
21085
0
0
9
268435456
2000
250
1
0
1
0
0
1

3
1
1
1
21102
0
0
9
67108864
1000
50
1
0
1
0
0
1

3
1
2
1
21117
0
0
9
67108864
3000
100
1
0
1
0
0
1

3
1
8
2
21119
0
0
9
134217728
4000
50
1
0
1
0
0
1

3
1
4
4
21129
0
0
9
134217728
2000
250
1
0
1
0
0
1

3
1
2
2
21159
0
0
9
67108864
1000
100
1
0
1
0
0
1

3
1
4
2
21189
0
0
9
268435456
1000
50
1
0
1
0
0
1

3
1
1
1
21194
0
0
9
268435456
2000
100
1
0
1
0
0
1

3
1
1
1
21204
0
0
9
67108864
2000
250
1
0
1
0
0
1

3
1
4
1
21225
0
0
9
134217728
3000
1000
1
0
1
0
0
1

3
1
4
4
21239
0
0
9
268435456
1000
250
1
0
1
0
0
1

3
1
2
2
21262
0
0
9
67108864
2000
100
1
0
1
0
0
1

3
1
2
1
21290
0
0
9
134217728
1000
250
1
0
1
0
0
1

3
1
8
4
21297
0
0
9
67108864
3000
50
1
0
1
0
0
1

3
1
2
1
21321
0
0
9
67108864
1000
500
1
0
1
0
0
1

3
1
4
1
21328
0
0
9
134217728
2000
100
1
0
1
0
0
1

3
1
4
4
21343
0
0
9
67108864
4000
250
1
0
1
0
0
1

3
1
8
2
21366
0
0
9
268435456
2000
50
1
0
1
0
0
1

3
1
4
2
21379
0
0
9
134217728
3000
1000
1
0
1
0
0
1

3
1
2
1
21402
0
0
9
134217728
3000
250
1
0
1
0
0
1

3
1
4
4
21424
0
0
9
67108864
1000
50
1
0
1
0
0
1

3
1
1
1
21430
0
0
9
134217728
2000
50
1
0
1
0
0
1

3
1
2
1
21450
0
0
9
67108864
1000
100
1
0
1
0
0
1

3
1
2
1
21460
0
0
9
67108864
3000
100
1
0
1
0
0
1

3
1
1
1
21488
0
0
9
67108864
4000
50
1
0
1
0
0
1

3
1
2
1
21506
0
0
9
134217728
3000
1000
1
0
1
0
0
1

3
1
2
1
21531
0
0
9
67108864
4000
1000
1
0
1
0
0
1

3
1
4
2
21546
0
0
9
134217728
4000
500
1
0
1
0
0
1

3
1
8
8
21548
0
0
9
134217728
2000
100
1
0
1
0
0
1

3
1
8
2
21578
0
0
9
134217728
4000
100
1
0
1
0
0
1

3
1
4
2
21593
0
0
9
134217728
1000
500
1
0
1
0
0
1

3
1
4
2
21616
0
0
9
134217728
3000
100
1
0
1
0
0
1

3
1
8
1
21637
0
0
9
67108864
1000
250
1
0
1
0
0
1

3
1
4
4
21639
0
0
9
67108864
2000
1000
1
0
1
0
0
1

3
1
2
1
21648
0
0
9
268435456
3000
250
1
0
1
0
0
1

3
1
1
1
21657
0
0
9
67108864
3000
250
1
0
1
0
0
1

3
1
8
8
21674
0
0
9
67108864
2000
250
1
0
1
0
0
1

3
1
4
2
21698
0
0
9
268435456
3000
500
1
0
1
0
0
1

3
1
1
1
21712
0
0
9
134217728
4000
1000
1
0
1
0
0
1

3
1
8
1
21717
0
0
9
67108864
1000
1000
1
0
1
0
0
1

3
1
4
2
21745
0
0
9
67108864
3000
50
1
0
1
0
0
1

3
1
4
1
21768
0
0
9
134217728
4000
50
1
0
1
0
0
1

3
1
2
1
21769
0
0
9
268435456
2000
50
1
0
1
0
0
1

3
1
8
8
21782
0
0
9
268435456
2000
500
1
0
1
0
0
1

3
1
1
1
21793
0
0
9
67108864
1000
100
1
0
1
0
0
1

3
1
1
1
21794
0
0
9
134217728
2000
250
1
0
1
0
0
1

3
1
1
1
21822
0
0
9
268435456
3000
500
1
0
1
0
0
1

3
1
2
1
21838
0
0
9
134217728
2000
500
1
0
1
0
0
1

3
1
2
1
21868
0
0
9
268435456
3000
500
1
0
1
0
0
1

3
1
2
2
21895
0
0
9
268435456
1000
100
1
0
1
0
0
1

3
1
8
4
21918
0
0
9
268435456
1000
500
1
0
1
0
0
1

3
1
4
2
21928
0
0
9
134217728
2000
100
1
0
1
0
0
1

3
1
1
1
21946
0
0
9
268435456
2000
50
1
0
1
0
0
1

3
1
2
1
21965
0
0
9
268435456
2000
100
1
0
1
0
0
1

3
1
8
8
21968
0
0
9
67108864
1000
250
1
0
1
0
0
1

3
1
2
2
21998
0
0
9
67108864
2000
1000
1
0
1
0
0
1

3
1
8
1
22003
0
0
9
268435456
1000
250
1
0
1
0
0
1

3
1
2
1
22030
0
0
9
268435456
3000
500
1
0
1
0
0
1

3
1
1
1
22037
0
0
9
134217728
3000
50
1
0
1
0
0
1

3
1
2
1
22038
0
0
9
268435456
2000
250
1
0
1
0
0
1

3
1
8
1
22066
0
0
9
67108864
3000
250
1
0
1
0
0
1

3
1
2
1
22093
0
0
9
67108864
2000
500
1
0
1
0
0
1

3
1
2
2
22099
0
0
9
268435456
1000
100
1
0
1
0
0
1

3
1
1
1
22103
0
0
9
134217728
1000
50
1
0
1
0
0
1

3
1
1
1
22112
0
0
9
67108864
3000
500
1
0
1
0
0
1

3
1
2
1
22119
0
0
9
67108864
3000
50
1
0
1
0
0
1

3
1
4
2
22129
0
0
9
67108864
1000
250
1
0
1
0
0
1

3
1
8
4
22143
0
0
9
67108864
1000
500
1
0
1
0
0
1

3
1
1
1
22167
0
0
9
134217728
1000
250
1
0
1
0
0
1

3
1
8
1
22173
0
0
9
134217728
4000
50
1
0
1
0
0
1

3
1
2
1
22195
0
0
9
67108864
4000
100
1
0
1
0
0
1

3
1
1
1
22204
0
0
9
134217728
3000
1000
1
0
1
0
0
1

3
1
8
4
22226
0
0
9
67108864
3000
1000
1
0
1
0
0
1

3
1
4
2
22236
0
0
9
67108864
1000
1000
1
0
1
0
0
1

3
1
2
2
22257
0
0
9
134217728
1000
250
1
0
1
0
0
1

3
1
4
2
22281
0
0
9
134217728
1000
100
1
0
1
0
0
1

3
1
2
2
22282
0
0
9
268435456
1000
100
1
0
1
0
0
1

3
1
1
1
22306
0
0
9
134217728
2000
50
1
0
1
0
0
1

3
1
2
1
22321
0
0
9
67108864
3000
500
1
0
1
0
0
1

3
1
4
4
22349
0
0
9
67108864
3000
50
1
0
1
0
0
1

3
1
2
1
22355
0
0
9
67108864
1000
50
1
0
1
0
0
1

3
1
8
4
22364
0
0
9
67108864
2000
50
1
0
1
0
0
1

3
1
4
4
22373
0
0
9
134217728
1000
50
1
0
1
0
0
1

3
1
4
1
22401
0
0
9
268435456
1000
50
1
0
1
0
0
1

3
1
2
1
22425
0
0
9
67108864
3000
1000
1
0
1
0
0
1

3
1
2
2
22436
0
0
9
268435456
3000
50
1
0
1
0
0
1

3
1
2
1
22454
0
0
9
268435456
2000
500
1
0
1
0
0
1

3
1
1
1
22460
0
0
9
268435456
1000
50
1
0
1
0
0
1

3
1
8
1
22479
0
0
9
268435456
1000
100
1
0
1
0
0
1

3
1
8
1
22501
0
0
9
67108864
3000
500
1
0
1
0
0
1

3
1
1
1
22522
0
0
9
134217728
3000
100
1
0
1
0
0
1

3
1
8
2
22550
0
0
9
134217728
3000
1000
1
0
1
0
0
1

3
1
1
1
22567
0
0
9
268435456
3000
100
1
0
1
0
0
1

3
1
1
1
22579
0
0
9
268435456
1000
500
1
0
1
0
0
1

3
1
8
1
22587
0
0
9
67108864
4000
500
1
0
1
0
0
1

3
1
2
2
22615
0
0
9
67108864
4000
50
1
0
1
0
0
1

3
1
1
1
22637
0
0
9
67108864
3000
500
1
0
1
0
0
1

3
1
4
1
22663
0
0
9
268435456
3000
500
1
0
1
0
0
1

3
1
2
1
22681
0
0
9
67108864
4000
250
1
0
1
0
0
1

3
1
1
1
22692
0
0
9
67108864
4000
50
1
0
1
0
0
1

3
1
1
1
22717
0
0
9
134217728
4000
500
1
0
1
0
0
1

3
1
8
4
22723
0
0
9
67108864
3000
500
1
0
1
0
0
1

3
1
8
8
22734
0
0
9
134217728
1000
50
1
0
1
0
0
1

3
1
1
1
22740
0
0
9
268435456
3000
250
1
0
1
0
0
1

3
1
1
1
22746
0
0
9
268435456
1000
500
1
0
1
0
0
1

3
1
1
1
22749
0
0
9
134217728
3000
250
1
0
1
0
0
1

3
1
2
1
22762
0
0
9
67108864
3000
100
1
0
1
0
0
1

3
1
2
1
22783
0
0
9
67108864
2000
100
1
0
1
0
0
1

3
1
1
1
22787
0
0
9
134217728
4000
250
1
0
1
0
0
1

3
1
4
2
22792
0
0
9
268435456
3000
50
1
0
1
0
0
1

3
1
4
2
22822
0
0
9
67108864
3000
500
1
0
1
0
0
1

3
1
8
8
22838
0
0
9
134217728
1000
250
1
0
1
0
0
1

3
1
8
4
22858
0
0
9
268435456
2000
250
1
0
1
0
0
1

3
1
1
1
22872
0
0
9
134217728
2000
250
1
0
1
0
0
1

3
1
4
2
22895
0
0
9
134217728
3000
500
1
0
1
0
0
1

3
1
4
2
22921
0
0
9
268435456
3000
250
1
0
1
0
0
1

3
1
8
4
22935
0
0
9
268435456
2000
250
1
0
1
0
0
1

3
1
2
1
22960
0
0
9
268435456
1000
500
1
0
1
0
0
1

3
1
8
1
22985
0
0
9
67108864
4000
1000
1
0
1
0
0
1

3
1
4
2
23015
0
0
9
67108864
3000
250
1
0
1
0
0
1

3
1
2
1
23034
0
0
9
268435456
3000
50
1
0
1
0
0
1

3
1
4
1
23056
0
0
9
67108864
2000
1000
1
0
1
0
0
1

3
1
4
1
23059
0
0
9
268435456
3000
500
1
0
1
0
0
1

3
1
1
1
23068
0
0
9
134217728
2000
100
1
0
1
0
0
1

3
1
8
2
23079
0
0
9
268435456
2000
500
1
0
1
0
0
1

3
1
4
2
23103
0
0
9
67108864
1000
100
1
0
1
0
0
1

3
1
1
1
23132
0
0
9
67108864
2000
250
1
0
1
0
0
1

3
1
8
4
23151
0
0
9
67108864
3000
50
1
0
1
0
0
1

3
1
1
1
23167
0
0
9
134217728
1000
1000
1
0
1
0
0
1

